0	137
0	1023
0	2850
1	2459
1	1647
1	2973
1	1554
1	1283
1	527
1	2002
2	1500
2	1189
2	2391
2	3146
3	1085
3	1565
3	1933
3	3012
3	627
3	3188
3	2531
3	2315
3	2970
3	1218
3	4
3	1575
3	210
3	353
4	1085
4	1565
4	805
4	1972
4	316
4	2531
4	2315
4	3188
4	15
4	2904
4	1795
4	1933
4	2956
4	627
4	1456
4	1218
4	353
4	3012
4	2574
4	434
4	2970
4	1575
4	210
5	3179
5	2457
5	1809
5	671
5	1788
6	346
6	1259
6	1407
6	1004
6	2824
7	1524
7	1634
7	1701
7	2532
7	851
7	1199
7	426
7	715
7	1216
7	2470
7	2498
7	2108
7	1281
7	2724
7	919
7	2575
7	1871
7	1805
7	2262
8	1922
8	1653
8	2757
8	857
8	1551
8	271
8	948
8	3130
8	1800
9	763
9	1680
10	262
10	1474
11	883
11	423
11	3141
11	2740
11	894
11	1749
11	908
11	341
11	1874
11	1355
11	1907
11	3160
11	2057
11	2012
12	367
12	1859
12	1874
12	1049
12	2694
12	1034
13	433
13	388
13	2765
13	1131
13	1126
13	2055
13	1264
14	1166
14	878
14	859
14	1510
15	1972
16	1798
16	1267
16	1609
17	48
17	2512
17	1807
18	1891
18	2962
18	3151
18	2349
18	2455
18	1455
18	296
18	1457
19	2815
19	1831
20	1014
21	376
21	2119
21	2418
21	1422
22	2221
22	1961
22	54
22	847
22	1603
22	2954
22	2442
22	1302
22	1741
22	1121
22	2387
22	289
23	2522
23	820
24	3014
24	2408
24	2177
24	58
24	2815
24	1648
24	166
24	3100
24	1454
24	3204
24	1425
24	1003
24	3230
24	1171
24	1219
24	1652
24	1680
24	1994
24	100
24	589
24	1613
25	2766
25	1126
25	2637
25	769
25	653
26	842
26	273
26	2012
27	2412
27	823
27	149
27	1426
27	537
27	2875
27	2762
27	2701
27	1024
28	2246
28	402
29	2148
29	2468
29	216
29	2876
29	2234
29	2377
30	1250
30	847
30	2913
30	2990
30	2442
30	466
30	990
30	1846
30	177
30	308
31	3223
31	510
32	3001
32	354
32	3104
32	1008
32	1874
32	1649
32	297
32	2840
32	1969
32	3200
32	1045
33	2960
33	1060
34	2305
34	217
34	2522
34	299
35	1228
35	47
35	3092
36	642
36	395
36	1042
36	1430
37	541
37	2711
38	819
38	3016
39	462
39	2560
40	1765
41	2181
41	2658
41	164
41	602
41	798
41	1012
41	3131
41	636
42	2474
43	2718
43	993
43	132
43	2855
43	1761
43	2735
43	3065
43	787
43	229
43	758
43	2350
43	2582
43	1313
43	2274
44	141
44	2563
44	132
44	109
44	1166
44	1510
44	859
44	743
44	878
44	1134
44	943
44	2703
44	1318
44	2872
44	1679
45	699
45	95
45	1877
46	1691
46	114
47	1228
47	3092
48	2512
48	1807
49	2916
49	1495
49	164
50	591
50	889
50	572
50	2269
50	489
50	543
50	2606
50	2451
50	1339
51	1776
52	464
52	596
52	432
52	102
53	1133
53	2297
53	2840
53	1028
54	1961
54	1603
54	2954
54	2442
54	1302
54	1741
54	1121
54	289
55	1526
56	1718
56	2339
56	2706
56	1055
56	791
56	272
56	1656
56	659
56	2366
56	2328
56	696
56	258
56	1476
56	1724
56	2884
56	2330
56	1481
56	2276
56	264
56	74
56	279
56	832
56	325
56	692
56	1597
56	3207
56	1856
56	2577
56	2615
56	2029
56	1464
57	2405
57	632
57	2597
58	1312
58	1613
58	520
58	100
58	2117
58	3230
58	336
58	3014
58	3190
58	1854
58	3100
58	745
59	2380
59	436
60	1954
60	2807
60	613
60	2913
60	1308
60	2051
60	1137
61	692
61	629
61	898
61	1833
61	1676
61	1417
61	2532
62	724
62	2584
62	2673
62	1949
62	1697
62	3167
62	2274
63	688
63	128
63	2253
63	152
63	1266
64	553
64	1334
64	2129
65	591
65	572
66	1965
66	1414
67	2985
67	2016
67	1884
67	717
67	1944
68	2388
69	2058
69	495
69	770
69	3173
69	2342
69	2981
69	2364
69	274
70	275
70	323
70	186
70	956
70	2682
70	203
70	2153
70	2041
70	1078
70	1479
70	1037
71	77
72	768
72	2953
72	295
72	1035
73	494
73	2388
73	3096
73	135
74	832
74	258
74	1856
74	1481
74	2276
74	2328
74	2615
74	2884
74	264
74	1656
74	279
75	1269
75	472
75	330
75	536
75	1760
75	2238
75	1557
75	1164
75	3222
75	2629
75	2874
75	2719
75	2216
75	184
75	2587
75	481
75	2610
75	2304
75	1680
75	1182
75	1801
75	2504
75	845
75	3066
75	2971
75	1390
76	1610
76	2272
76	2262
76	2802
76	1301
76	757
76	2532
76	3181
76	2346
76	1657
77	384
77	762
77	1979
77	2651
77	2419
78	678
78	869
78	637
78	1090
78	2527
78	136
78	1806
78	849
79	513
79	1525
79	134
79	151
79	2677
80	1808
80	1712
80	1614
80	2775
81	1579
81	1380
82	254
82	1514
83	1645
83	2235
83	1340
84	678
84	1613
84	2614
84	1768
84	1823
84	1880
84	1839
84	101
84	2625
84	1803
84	1659
84	2296
84	2709
84	623
84	2830
84	1832
85	1124
85	1314
85	1966
85	667
85	3038
85	2993
85	266
85	2659
85	1894
85	1948
85	2533
86	946
87	2701
87	2684
88	952
88	2128
88	2211
88	2907
88	2012
89	629
89	1960
89	2958
89	3158
89	1908
89	3129
90	1529
90	801
90	1781
90	2921
90	993
90	2774
90	179
90	3126
90	457
90	112
90	1205
90	799
90	2499
91	1270
91	2639
91	1800
92	1273
92	2953
92	2233
92	2409
92	2605
92	2139
92	232
92	1279
92	734
92	3168
93	1393
93	511
94	1424
94	1377
94	713
94	2742
94	816
94	1282
95	699
95	1877
96	2027
96	1400
96	1528
96	1190
97	1310
97	889
97	1932
97	106
97	2402
97	3175
97	2762
97	2438
97	1142
97	479
97	1187
97	402
98	1576
98	1920
98	2676
98	104
98	2199
99	1188
99	2409
100	1613
100	3230
100	2566
100	3014
100	1929
100	1574
100	807
100	3100
100	2116
100	747
101	678
101	1613
101	2614
101	1768
101	1823
101	1880
101	1839
101	2625
101	1803
101	1659
101	2296
101	2709
101	623
101	2830
101	1832
102	464
102	596
102	432
103	1539
103	1530
103	662
104	2199
104	2676
105	3199
105	3029
106	479
107	1238
108	2966
108	1870
108	1914
109	141
109	2563
109	132
109	1166
109	1510
109	859
109	743
109	878
109	1134
109	943
109	2703
109	1318
109	2872
109	1679
110	1627
110	200
110	2634
110	2602
110	1838
110	2471
110	394
111	2745
112	2499
112	1205
112	457
113	1744
113	2617
113	2084
113	201
113	2444
113	553
113	2649
114	3157
114	1691
114	380
114	353
115	2126
115	3178
115	1836
116	412
116	1521
116	3179
116	1570
116	966
116	3143
116	778
116	815
116	753
116	2040
117	471
117	2745
117	1811
118	2728
118	685
119	1156
119	2604
120	761
121	2968
121	3127
122	2777
123	2959
123	2038
123	2690
123	2664
123	848
123	1573
123	3128
124	2359
124	939
124	1953
124	2529
124	971
124	1762
124	1757
124	1876
125	2130
125	1074
125	801
125	1208
125	2693
125	1629
125	2351
125	2679
125	2255
125	1274
125	1677
125	1396
125	1904
125	1765
125	1650
125	2888
125	844
125	576
125	564
126	400
126	1756
126	994
126	687
127	444
127	348
127	2580
128	303
128	1447
128	2015
128	2253
128	1266
129	2717
129	2115
130	866
130	1354
130	1995
131	2204
131	186
131	2176
131	3140
131	263
131	1509
131	182
132	1074
132	1243
132	1617
132	1510
132	859
132	743
132	943
132	2781
132	2652
132	2582
132	2753
132	2872
132	1166
132	1962
132	2855
132	1134
132	229
132	2321
132	167
132	3166
132	309
132	878
132	787
132	1679
132	141
132	2563
132	2703
132	1318
133	2278
133	2761
133	837
133	1363
133	2858
134	1525
134	3107
134	490
134	2032
134	3031
134	684
134	2677
134	2232
134	1826
134	2655
134	1665
134	151
134	2222
134	513
134	1608
134	1070
134	3118
134	337
134	1373
134	1020
134	1968
134	2894
134	436
134	534
135	1974
135	1256
135	3096
135	3162
135	2371
135	545
135	2388
135	494
136	678
136	869
136	637
136	1090
136	2527
136	2453
136	1897
136	1544
136	1806
136	849
136	2198
136	2831
136	3137
137	2339
137	2704
137	1501
137	2311
137	2960
137	1258
137	2450
137	1194
137	2045
137	3017
137	2121
137	2961
137	1051
137	2164
137	2165
137	2850
137	1816
137	2191
137	1602
137	2815
137	166
137	972
137	1606
137	1359
137	3204
137	2224
137	1842
137	420
137	2456
137	1852
137	1691
137	1315
137	549
137	1611
137	3024
137	3098
137	1490
137	242
137	533
137	2069
137	978
137	285
138	2934
138	1116
138	154
139	1662
140	1387
141	2563
141	1166
141	1510
141	859
141	743
141	878
141	1134
141	943
141	2703
141	1318
141	2872
141	1679
142	3138
142	1389
142	1069
142	1215
143	1406
143	874
143	2733
143	3091
143	3070
143	1837
143	269
143	2619
143	2374
143	2452
143	625
143	1186
143	1468
143	517
143	2721
144	2111
144	525
144	572
144	1684
145	2934
145	1667
145	216
146	3037
146	1399
146	1355
147	834
147	1452
147	327
147	791
147	1587
147	2822
148	2699
149	823
149	1745
149	537
149	558
149	2285
149	2071
149	1503
149	1024
149	2083
149	2875
149	1261
149	1057
149	2125
149	2412
149	1426
149	665
149	1938
149	674
149	2836
149	1488
149	2172
149	407
150	1780
150	2674
150	2033
150	2310
150	1072
150	2187
150	2918
151	513
151	1525
151	2677
152	688
152	489
152	1505
152	1238
153	676
154	2934
154	439
154	1035
154	1440
154	1116
154	1853
154	2689
155	1472
155	2188
155	2438
155	1238
155	1241
155	1197
155	2542
155	2589
156	433
156	2021
156	1470
156	2876
156	1358
156	580
157	2833
157	1067
157	1040
157	1297
157	778
157	1555
157	1341
157	2594
158	1333
158	3164
158	2917
158	2963
158	643
158	473
158	2091
158	1043
158	1299
158	3148
158	2189
158	1600
159	2790
160	2784
160	2472
160	1668
160	1159
160	276
160	162
160	1536
160	2424
160	3122
160	710
160	1428
160	2698
160	413
160	882
160	2378
160	353
161	2132
161	1615
162	2784
162	2472
162	2424
162	710
162	2698
162	1428
162	413
162	353
163	318
163	868
164	2181
164	602
164	1495
164	2916
164	636
165	2363
165	2998
166	423
166	520
166	2311
166	1355
166	1258
166	2667
166	883
166	1816
166	766
166	1476
166	2681
166	510
166	972
166	293
166	663
166	1361
166	1892
166	2117
166	1550
166	1842
166	3082
166	207
166	1935
166	3102
166	1631
166	1230
166	832
166	2500
166	629
166	1780
166	1239
166	2502
166	467
166	1490
166	2069
166	995
166	285
167	2753
167	309
168	2298
168	921
168	2339
168	204
168	359
168	1526
168	3218
168	2308
168	1193
168	1146
168	2231
168	2898
168	3030
168	1913
169	2332
169	2082
169	2368
169	962
170	736
170	1181
170	2951
170	575
170	2055
170	917
170	2915
170	1836
171	1249
171	1019
171	2407
171	2791
171	3041
171	343
171	1147
172	883
172	518
172	1026
172	2668
173	1500
173	1374
174	3118
174	1404
174	2348
175	269
175	1468
175	635
175	874
176	626
176	911
176	2921
176	700
177	374
177	1250
177	2935
177	664
177	2001
177	1149
177	1087
177	990
177	1846
177	311
177	2257
178	3074
178	2817
179	1529
179	801
179	1781
179	2921
179	993
179	2774
179	3126
179	799
180	1285
180	724
181	2442
181	1742
181	2281
181	2592
181	289
182	2204
182	186
182	2176
182	3140
182	263
182	1509
183	1116
184	1269
184	472
184	330
184	1760
184	621
184	2238
184	1557
184	1164
184	3222
184	2629
184	2874
184	2135
184	2719
184	3081
184	481
184	1680
184	1182
184	1801
184	845
184	3066
184	2971
184	1390
185	322
185	1494
186	275
186	323
186	956
186	2682
186	203
186	2153
186	2041
186	3140
186	1078
186	1479
186	1037
187	1698
187	617
188	872
188	2987
189	199
190	2940
190	903
190	1139
190	2077
190	1823
190	2039
190	638
191	2626
192	2479
192	1521
192	966
192	1029
192	2282
192	1248
192	2283
193	541
193	2711
193	629
193	419
193	2701
193	2513
193	1330
194	334
194	1077
194	1770
194	1905
194	2402
194	2522
194	2314
194	947
194	372
194	2161
194	2024
194	2748
194	3008
194	1860
195	287
195	791
195	1469
196	1081
196	1303
197	780
197	1599
197	1357
197	1547
197	1409
198	1946
198	1448
199	889
200	1627
200	2634
200	2602
200	1838
200	2471
200	394
201	2617
202	3177
202	1458
202	1873
202	2156
202	409
202	2688
202	2179
202	1757
202	2452
202	2004
203	275
203	323
203	956
203	2682
203	2153
203	2041
203	1078
203	1479
203	1037
204	921
204	359
204	828
204	1526
205	3027
205	234
206	1858
206	3184
206	2204
206	1345
206	811
206	2785
206	706
206	2218
206	1993
206	483
206	2277
207	629
207	1361
207	2117
207	907
207	2502
207	3102
207	2779
208	2945
208	991
208	1821
208	1631
208	1495
208	1862
209	2678
209	1633
210	1085
210	1565
210	1933
210	2956
210	3012
210	627
210	2904
210	3188
210	2531
210	2315
210	2970
210	1218
210	1575
210	353
211	1951
211	1133
211	566
212	1500
212	3146
213	260
213	1635
213	362
213	2578
213	1753
213	304
214	1798
214	3216
215	2076
215	238
215	1044
215	332
216	2793
216	2934
216	1702
216	2148
216	2876
216	2656
216	1548
216	2234
216	322
216	1667
216	1071
216	278
216	2611
216	1265
216	254
216	2377
216	800
217	1099
217	2608
217	2522
217	1011
218	2966
219	286
219	2800
219	1441
220	1384
220	3109
220	779
220	447
220	2971
220	2396
221	525
222	1723
222	2777
222	1738
223	344
223	1344
223	1614
224	1879
225	455
225	3212
225	1433
225	270
225	2436
226	2795
226	1252
226	2134
226	3026
226	2508
226	1778
226	2119
226	964
226	774
227	2188
227	3003
227	3049
228	2188
228	1716
229	2274
229	448
229	250
229	1414
229	3025
229	2497
229	2855
229	2665
229	3065
229	2582
229	787
230	3039
231	320
231	946
232	2139
232	1279
232	3168
233	320
233	2491
233	2050
234	3027
234	1232
235	1350
235	2196
235	2149
235	1376
235	730
235	514
235	2018
235	2206
235	3061
235	562
235	2832
235	3094
235	437
235	2683
235	2154
236	3219
236	3054
236	2262
236	2532
237	2661
237	683
238	1787
238	2261
238	2076
238	772
238	3006
238	1059
238	941
238	2445
238	1044
238	332
238	504
238	530
238	3080
238	707
239	322
239	1549
239	2084
239	2662
239	809
239	1906
239	1986
239	844
239	2049
239	365
239	863
239	1272
240	2311
240	737
240	1526
240	1258
240	485
241	267
242	1842
243	2416
243	2168
244	2747
244	1403
244	2962
244	755
245	1258
245	2311
245	737
245	285
246	673
247	1592
247	2036
247	1992
248	1148
248	3192
249	399
249	2601
249	2790
250	2665
250	790
250	2976
250	2162
250	2652
250	2463
250	2839
250	3114
250	1666
250	2274
250	2726
250	448
250	2497
250	739
250	2878
250	787
250	1414
250	3025
250	386
250	422
250	2591
250	3236
250	846
251	1084
251	3149
251	1170
251	902
251	397
251	2910
251	1343
251	2293
251	2122
252	2347
252	506
252	1773
253	1670
253	930
253	764
253	2938
253	1743
254	1702
254	1514
254	1265
255	2248
255	1683
255	1730
255	1232
255	918
256	1192
256	2586
256	3020
256	524
257	877
257	2095
258	1718
258	3196
258	2579
258	2826
258	895
258	1987
258	2838
258	1656
258	3201
258	794
258	2193
258	1590
258	3059
258	2413
258	264
258	279
258	656
258	1309
258	1535
258	2615
258	1909
259	577
259	2644
259	1758
259	2163
259	1411
260	847
260	2866
260	3015
260	1635
260	1201
260	362
260	2317
260	2578
260	1753
260	304
261	425
261	2074
261	855
261	319
261	689
261	2772
261	1093
262	1474
263	1233
263	3150
263	2204
263	2176
263	3140
263	1509
264	1718
264	2465
264	2339
264	1856
264	1481
264	1724
264	2276
264	2615
264	2328
264	2884
264	1656
264	279
265	544
265	991
265	563
265	1352
266	1124
266	1314
266	2958
266	1966
266	667
266	3038
266	2993
266	2381
266	2659
266	1894
266	2533
266	1948
267	512
267	2067
267	1419
267	584
267	3030
267	3171
267	3154
268	1704
268	3104
268	2086
268	1580
269	1406
269	874
269	2733
269	3091
269	1837
269	2374
269	635
269	1468
270	2385
270	455
270	3212
270	1433
270	1755
270	741
270	2837
270	826
270	377
270	2436
270	1331
270	2511
270	3019
271	1922
271	1653
271	2038
271	756
271	2757
271	2664
271	1192
271	857
271	1551
271	2949
271	948
271	3130
271	1800
272	2330
272	2706
272	791
273	906
273	842
273	2903
273	1704
273	318
273	1161
273	2829
273	2012
274	2058
274	495
274	770
274	3173
274	2342
274	2981
274	2364
275	323
275	956
275	2682
275	2153
275	2041
275	1078
275	1479
275	1037
276	2784
276	1668
276	1159
276	1536
276	2424
276	3122
276	882
276	2378
277	2406
277	2089
277	963
277	2571
277	1191
277	429
277	1710
277	2551
277	3195
278	2793
279	1718
279	3196
279	2579
279	2826
279	895
279	1987
279	2838
279	1656
279	3201
279	794
279	2193
279	1590
279	3059
279	2413
279	656
279	1309
279	1535
279	2615
279	1909
280	1094
281	1763
281	2492
282	1834
283	1398
283	2104
284	3204
284	2815
284	364
284	1504
285	1816
285	2311
285	737
285	1842
285	1258
285	1490
285	2069
285	972
286	2526
286	2800
286	1322
286	1441
287	791
287	1469
288	2495
288	959
289	1961
289	1250
289	847
289	1603
289	2954
289	2442
289	1302
289	1741
289	1121
289	1742
289	2281
289	2592
289	2561
290	2797
290	2058
290	2969
290	495
290	2054
290	2342
290	1655
290	486
290	1721
290	2287
291	2000
292	552
292	507
292	517
292	2417
294	2174
294	1206
294	1029
295	1520
295	2953
295	1035
295	1127
295	768
296	1891
296	2962
296	3151
296	2349
296	2455
296	1455
296	1457
297	2848
297	1649
297	1969
297	2267
298	2389
298	2998
298	965
299	2522
300	2439
300	2707
300	1239
300	2874
300	336
300	2669
300	1889
300	405
300	1095
300	2773
301	1236
302	1795
302	783
303	2864
303	1532
303	360
303	1447
303	3144
303	2536
303	2015
303	683
303	3213
303	1052
303	1114
304	1635
304	362
304	2578
304	1753
305	1161
305	3107
305	1169
306	2336
306	2800
307	705
307	982
307	468
308	797
308	1013
308	2990
308	1856
308	466
309	2753
310	2596
310	1869
310	496
310	625
310	640
310	517
311	374
311	2935
311	664
311	2001
311	1149
311	1087
311	990
311	2257
312	870
312	953
312	2422
312	3221
312	968
312	1636
312	1450
312	445
312	2012
312	428
312	2946
312	628
312	2983
312	1631
312	1387
312	3207
312	832
312	2138
312	842
312	964
313	347
313	1385
313	1921
313	2641
313	1248
313	1517
313	1364
313	1349
314	1190
314	2027
314	1400
314	1068
314	1528
314	2474
315	3149
315	547
315	902
315	2072
315	2950
316	434
317	844
317	593
317	3111
318	629
318	2958
318	462
318	2086
318	1580
318	2903
318	1704
318	868
319	425
319	2074
319	855
319	689
319	2772
319	2926
319	1093
319	1291
319	1661
320	3069
320	2386
320	2050
320	946
321	456
321	2897
321	492
321	2627
321	619
322	1539
322	1009
322	2959
322	2390
322	2745
322	879
322	2084
322	2049
322	1478
322	3159
322	3111
323	956
323	2682
323	2153
323	2041
323	1078
323	1479
323	1037
324	2650
324	2341
324	793
324	1209
324	1432
325	692
325	1597
325	870
325	1136
325	1055
326	2336
326	2828
327	791
328	857
328	2628
329	1326
329	2140
329	1556
330	1269
330	472
330	1760
330	2238
330	1557
330	1164
330	3222
330	2629
330	2874
330	2719
330	481
330	1680
330	1182
330	1801
330	845
330	3066
330	2971
330	1390
331	1828
331	1512
332	2076
332	1044
333	1307
333	1356
333	835
334	1077
334	1770
334	2402
334	2314
334	2161
334	2748
334	3008
334	372
335	2687
335	367
336	2707
336	1312
336	520
336	1239
336	2117
336	1854
336	745
336	2773
337	1070
338	2130
338	1180
338	564
339	1303
340	1608
340	954
340	2894
340	927
340	2207
341	423
342	883
342	645
343	1249
343	1019
343	2407
343	2791
343	1147
344	1344
344	1614
345	673
345	1423
345	1834
345	3158
345	1908
346	1500
346	1251
346	1259
346	2751
346	1407
346	1004
346	2824
347	1896
347	1921
347	1248
347	1517
347	1364
347	1349
348	2175
348	1179
348	2603
348	444
348	2580
348	1151
348	2649
349	3053
349	1001
349	1778
349	3075
349	873
349	862
350	2082
350	1761
350	2173
350	2939
350	1506
351	1238
351	2788
352	2958
352	616
353	1085
353	1565
353	2531
353	2315
353	1177
353	710
353	413
353	3188
353	2424
353	2698
353	2904
353	2784
353	1933
353	2956
353	2741
353	627
353	1428
353	2472
353	1218
353	3012
353	2970
353	1575
353	1583
353	3195
354	1812
354	1874
355	2964
355	615
355	1238
356	1723
356	449
357	1439
357	3191
357	1350
357	1185
357	2629
357	1240
357	644
357	3211
357	975
357	2550
357	658
357	2011
357	2447
357	1484
358	382
358	1986
358	1050
358	559
358	639
359	921
359	1526
360	683
360	3213
361	1959
361	2093
361	2685
361	1700
361	2407
361	760
361	3153
361	1651
361	1102
361	2686
361	2106
361	2657
362	1635
362	2578
362	1753
363	999
363	1599
363	1151
364	931
364	3204
364	2815
364	1504
364	2142
364	2415
364	3213
365	1906
365	1272
366	2759
366	1715
366	2354
367	2631
367	2322
367	1812
367	2687
367	605
367	1017
367	2914
367	1049
367	2931
367	1491
367	2694
367	1034
368	1496
368	1092
368	2786
368	1070
368	1473
368	3103
368	2509
368	1800
369	2272
369	860
370	2489
370	1305
370	2078
371	1175
371	1604
371	392
371	2186
371	2779
372	1077
372	1770
372	2314
372	2161
372	3008
373	1979
373	771
374	2935
374	664
374	2001
374	1149
374	1087
374	990
374	2257
375	795
375	2000
376	2119
376	2418
376	1422
377	2837
377	1331
377	741
378	2087
379	1527
379	3132
380	3157
381	2339
381	2706
381	1829
382	1986
382	1050
382	559
382	639
383	2604
384	1979
384	2651
384	762
385	2711
385	660
385	1774
385	1361
385	629
385	3064
385	1533
385	2502
385	1100
385	400
385	1709
385	1598
385	3158
385	1417
385	1435
385	2476
385	973
386	2665
386	2976
386	790
386	2162
386	2652
386	2463
386	2839
386	3114
386	1666
386	2726
386	448
386	2497
386	739
386	2878
386	3025
386	422
386	2591
386	3236
386	846
387	1961
387	3215
387	847
387	2913
387	2954
387	2442
387	1302
387	1446
387	1121
387	1395
387	2561
388	2789
388	708
388	1131
388	579
388	885
388	529
388	1737
388	1548
388	1480
388	1667
388	2301
388	1118
388	1407
388	1126
388	2055
388	1264
388	433
388	2765
388	2394
388	1286
389	1922
389	801
389	2959
389	761
389	2664
389	1244
389	1675
389	924
389	2341
389	1962
389	1751
389	2738
389	1738
389	899
389	2038
389	1781
389	731
389	1414
389	705
389	1786
389	799
389	1036
390	1188
390	2290
390	2409
391	2437
392	2779
393	2164
393	476
393	2995
394	1627
394	2634
394	1838
394	2471
394	2602
395	1042
396	1912
396	2494
396	1119
396	2519
397	1084
397	3149
397	1170
397	902
397	2910
397	1343
397	2293
397	2122
398	3110
398	645
399	2515
399	1310
399	1530
399	2790
399	489
399	1238
399	1942
399	1082
399	936
399	2601
400	1774
400	1893
400	2357
400	3064
400	1756
400	3218
400	2480
400	554
400	1598
400	1435
400	2476
400	687
401	1782
401	2203
401	1616
401	871
401	2227
401	1470
401	2820
401	1112
401	977
401	1306
401	634
402	2246
402	889
402	3093
402	782
402	1901
402	2623
402	3233
403	1763
404	2905
404	920
405	2439
405	1239
405	2669
405	1889
406	1881
406	622
406	3180
407	823
407	1745
407	537
407	558
407	2285
407	2071
407	1503
407	2083
407	2875
407	1261
407	1057
407	2125
407	1426
407	665
407	1938
407	674
407	2836
407	1488
407	2172
408	690
408	833
408	2799
409	3177
409	1458
409	1873
409	2156
409	2688
409	2179
409	1757
409	2452
409	2004
410	2851
410	2460
410	1534
410	998
410	1840
410	1899
410	2538
410	2972
411	2480
411	2860
412	2407
412	966
412	2642
412	778
412	3071
412	671
412	815
412	1689
412	3179
412	1570
412	3143
412	2107
412	752
412	753
412	2040
412	1172
412	1521
412	668
413	2784
413	2472
413	2424
413	710
413	2698
413	1428
414	1780
415	1949
415	1311
416	3047
416	475
416	1271
417	854
417	620
417	1559
417	542
417	2367
417	446
417	1108
417	808
417	3155
418	2249
418	2045
418	1537
419	2711
419	629
420	1257
420	1194
420	2121
420	2069
421	2139
421	1527
421	3168
422	2839
422	3114
422	2497
422	2976
422	790
422	2591
422	2162
422	1666
422	3236
422	2463
422	2652
422	846
422	739
422	2878
422	2726
423	870
423	894
423	1511
423	1526
423	1355
423	2462
423	883
423	814
423	1863
423	3141
423	428
423	3082
423	1935
423	1399
423	1907
423	2057
424	629
424	1327
424	572
424	485
424	1493
425	570
425	2074
425	689
425	855
425	571
425	2772
425	1661
425	2926
425	1183
425	3004
425	1093
425	983
425	3090
425	1291
425	2271
425	1513
426	1524
426	1634
426	1701
426	2532
426	851
426	1199
426	715
426	1216
426	2470
426	2498
426	2108
426	1281
426	2724
426	919
426	2575
426	1871
426	1805
426	2262
427	2711
427	660
427	1397
427	973
428	1935
428	1863
429	2406
429	2089
429	963
429	2571
429	1191
429	1710
429	2551
429	3195
430	1588
430	2502
431	2852
431	1319
431	2448
431	1436
431	1589
431	2031
431	1980
431	895
431	1692
431	718
431	1518
431	1144
431	2483
432	464
432	596
433	2789
433	2765
433	1407
433	2021
433	1126
433	1131
433	1470
433	1324
433	2055
433	2876
433	1358
433	1737
433	580
433	1005
433	1264
434	2574
434	805
434	1456
434	1174
435	1623
435	1163
436	2213
436	2081
436	2704
436	3020
436	2380
436	1263
436	1020
436	1968
436	2894
436	1861
436	2069
436	2850
437	1350
437	2196
437	2149
437	1376
437	730
437	514
437	2018
437	2206
437	3061
437	562
437	2832
437	3094
437	2683
437	2154
438	3068
438	1673
438	1667
439	1440
439	2689
439	1853
440	2885
440	1903
440	1532
441	2604
441	2012
442	865
442	3233
443	2764
443	1732
443	2671
443	1890
443	976
443	1404
443	634
444	2580
445	1387
445	2422
445	3221
446	854
447	1384
447	3109
447	779
447	2971
447	2396
448	1002
448	1414
448	3025
448	2497
448	2665
448	787
448	2274
449	2273
449	450
449	3152
449	1642
449	659
449	1204
450	1486
450	2273
450	606
450	1204
451	1399
452	1128
452	2639
452	1800
453	2725
453	2104
454	3189
454	751
455	3212
455	1433
455	2837
455	826
455	2436
455	1331
456	585
456	2897
456	712
456	1568
456	492
456	2395
456	2627
456	619
456	2101
457	2499
457	1205
458	1685
458	1690
458	2319
458	633
458	3058
459	462
460	629
460	485
460	1315
461	1750
462	629
462	2560
462	1639
462	1824
462	1704
462	651
462	676
462	2012
463	2618
463	2071
463	604
463	792
463	3120
464	596
465	1408
465	2249
465	2813
466	2990
468	1250
468	982
468	705
468	844
468	1596
469	1781
469	1814
469	3126
469	2738
469	1036
469	1738
470	912
470	2540
470	1717
470	1212
470	2699
470	2063
470	2379
471	2745
471	1811
472	1269
472	1760
472	2238
472	1557
472	1164
472	3222
472	2629
472	2874
472	2719
472	481
472	1680
472	1182
472	1801
472	845
472	3066
472	2971
472	1390
473	3164
473	2091
473	1043
473	1299
473	3148
473	2189
473	1600
474	1450
474	922
474	2263
474	1843
474	3233
474	2012
475	3047
475	1271
476	2164
476	2995
477	1539
477	2265
477	2259
478	3140
478	3150
480	2369
480	1680
480	1315
481	3222
481	1269
481	1680
481	1182
481	1801
481	2874
481	2629
481	845
481	2238
481	2971
481	1390
482	1615
482	2918
483	1858
483	3184
483	2204
483	1345
483	811
483	2785
483	706
483	2218
483	1993
483	2277
484	2017
484	1797
484	1843
484	1632
484	1206
484	1353
484	2419
485	921
485	2311
485	1526
485	1258
485	1101
485	737
485	1606
485	2224
485	2078
485	960
485	3205
485	1217
485	1315
485	629
485	2249
485	1051
486	2058
486	2969
486	495
486	2342
486	1655
486	1721
487	1399
487	2313
488	1108
488	2036
488	648
489	1539
489	1310
489	2881
489	1680
489	557
489	1505
489	3051
489	1238
489	2451
489	936
489	2369
491	612
491	2379
491	1103
491	3076
491	2743
491	2568
491	2338
491	1372
492	2459
492	2873
492	1791
492	1058
492	3225
492	2731
492	2897
492	1981
492	2627
492	619
492	996
492	2419
493	2811
493	701
493	2713
493	629
495	2058
495	3173
495	1655
495	2364
495	1721
495	2287
495	884
495	2398
495	2342
495	2981
495	2797
495	2969
495	1016
495	770
495	2054
496	2596
496	1869
496	640
496	625
496	517
497	2000
498	1030
498	1720
498	2849
498	1212
498	1637
498	1367
498	2397
498	2012
498	2222
498	1370
498	1237
498	2712
498	2373
498	1918
498	2428
498	984
498	985
498	2325
498	2375
498	1847
499	3087
500	605
500	2694
500	2215
501	1223
501	603
501	2762
502	1569
502	2023
502	2914
502	2779
502	2256
502	1722
503	1599
503	2292
504	1059
504	941
504	530
504	2261
504	707
504	3080
505	2386
505	2392
505	2535
506	2347
506	1773
507	552
507	517
507	2417
508	1066
508	2073
509	1451
509	3127
510	2825
510	1985
510	1526
510	683
510	2881
510	3223
510	766
510	2927
510	818
510	1326
510	2661
510	2067
510	2912
510	1073
510	2249
510	1835
510	3209
511	1606
511	1393
511	1148
511	1086
511	673
511	1578
511	1526
511	2736
511	1217
512	2067
512	1418
512	584
512	2599
512	3171
512	3154
513	1525
513	2677
514	1350
514	2196
514	2149
514	1376
514	730
514	2018
514	562
514	2206
514	3061
514	2832
514	3094
514	2683
514	2154
515	2761
515	2858
515	2908
515	1363
516	2454
516	2585
517	2596
517	1869
517	2417
517	2604
517	640
517	1728
517	552
517	625
518	883
518	2668
518	2302
519	2393
519	2892
519	2036
519	1482
520	629
520	1780
520	1312
520	2117
520	3218
520	1854
520	745
521	832
521	3113
521	3063
521	1476
521	3218
521	1631
521	2416
521	2029
521	1113
521	1656
521	2145
522	544
522	557
522	2808
523	2319
524	3020
525	629
525	2111
525	572
525	3154
526	2751
527	1647
528	2201
528	3159
528	2778
528	1502
529	1111
529	1667
529	1407
529	2394
529	1126
529	1195
529	1737
529	1548
530	707
530	1059
530	1304
530	941
530	1650
530	2514
530	2261
530	1198
530	3080
531	2704
531	2461
531	2450
531	3017
531	2850
532	660
532	1654
532	973
533	1611
533	1842
533	1691
533	2961
533	2850
534	2222
534	2655
534	2997
534	684
534	2232
535	1235
535	1450
535	1469
536	2304
536	2504
536	2587
536	2610
536	2216
537	823
537	1745
537	558
537	2285
537	2071
537	1503
537	1024
537	2083
537	2875
537	1261
537	1057
537	2125
537	2412
537	1426
537	665
537	1938
537	674
537	2836
537	1488
537	2172
538	2822
539	1041
539	930
540	1256
541	2711
541	813
541	1939
541	2513
541	2435
541	1330
541	1069
542	2874
543	2269
543	2606
543	889
544	557
544	2808
544	563
544	1352
544	936
545	1256
545	2996
545	2152
545	1032
545	2723
545	1819
545	2294
545	1974
546	1165
546	1419
546	1146
546	2308
546	2231
546	2185
546	2880
546	3030
546	2569
547	3149
547	902
547	2072
547	2950
548	1516
548	1711
548	1638
548	2734
548	728
549	2339
549	2960
550	1678
550	1669
550	604
550	2541
550	3120
551	629
551	1604
552	2417
553	2084
553	1334
553	2129
554	2357
555	2278
555	981
555	2124
556	3179
556	2299
557	1310
557	889
557	1505
557	1293
557	2808
558	823
558	1745
558	2285
558	2071
558	1503
558	2083
558	2875
558	1261
558	1057
558	2125
558	1426
558	665
558	1938
558	674
558	2836
558	1488
558	2172
559	639
559	1986
560	2891
560	1229
561	1932
561	2245
562	1350
562	2196
562	2149
562	1376
562	730
562	2018
562	2206
562	3061
562	2832
562	3094
562	2683
562	2154
563	1352
564	2130
564	1660
564	1180
564	2038
564	758
564	844
564	2835
564	2693
564	2274
565	1246
566	1951
566	1133
567	769
568	676
568	803
568	1680
568	1315
569	3118
569	1737
569	2870
569	1958
570	2924
570	1365
570	2026
570	571
570	2682
570	1593
570	983
570	3090
570	2271
570	1513
571	983
571	3090
571	2271
571	1513
572	629
572	2111
572	591
572	1327
572	1493
572	2312
572	1624
572	701
572	1684
572	1339
572	1296
573	999
573	2928
573	1338
573	2316
574	1275
574	724
574	3097
574	2734
574	1714
574	2320
574	2720
574	1976
575	2097
575	3150
575	2254
575	3084
575	1181
575	1836
575	2951
575	1489
575	2055
575	917
575	1195
575	1661
576	844
576	1904
577	2644
577	1758
577	2163
577	1411
578	666
578	2548
578	2918
578	3189
578	2062
578	742
579	1796
579	2789
579	1480
579	2801
579	708
579	885
579	1126
579	738
579	1621
579	1512
579	2889
580	2021
580	1470
580	2876
580	1358
581	1977
581	1540
581	3050
581	1604
581	2110
582	2308
583	1778
583	2000
583	2991
584	2067
584	1418
584	2599
584	3171
584	3154
585	1238
585	2395
585	1241
586	1242
586	2484
586	3062
586	600
586	2099
586	2241
586	1104
586	2092
586	1838
586	3016
586	2105
586	2593
586	3183
586	1184
586	3095
587	1202
587	1586
587	1764
587	1462
587	1857
587	2234
588	2250
588	3174
588	2120
589	2064
589	1046
589	1648
589	2177
589	930
589	1171
590	1466
590	1576
591	629
591	1327
591	1493
591	2646
591	1624
591	1339
591	1296
592	3103
592	2626
592	2012
593	844
593	3111
594	1979
594	681
594	2822
594	1214
595	2188
596	2604
597	2159
597	2410
598	1984
598	1185
598	2043
598	722
598	670
598	658
598	2149
598	2629
598	2550
598	2011
598	1934
598	3191
598	2842
598	2108
598	1484
598	1350
598	1240
598	975
598	2447
599	1601
599	1255
599	1379
600	1242
600	2484
600	3062
600	2099
600	2241
600	1104
600	2092
600	1838
600	3016
600	2105
600	2593
600	3183
600	1184
600	3095
601	2854
601	2623
602	2181
602	2863
602	3013
602	672
602	1444
602	3036
602	2691
602	1012
602	636
604	1678
604	2137
604	2618
604	1973
604	1669
604	622
604	2541
604	2071
604	3221
604	2270
604	792
604	3120
605	2694
605	2215
607	1228
608	1730
609	2933
610	3022
610	2800
611	1106
612	1103
612	2568
612	2338
612	2379
613	1954
613	2807
613	2913
613	1308
613	2529
613	2051
613	1137
614	629
614	2646
614	2280
614	916
614	1631
614	3018
614	3120
615	2192
615	861
615	2501
615	1641
615	2188
615	1238
615	2964
615	916
615	1315
615	1607
616	2958
617	1254
617	1485
617	1698
617	988
617	2112
617	1014
617	1022
617	1705
617	2520
618	1246
618	2589
619	2897
619	2627
620	1108
620	3007
620	808
621	2874
622	1881
622	740
622	2137
622	1669
622	3235
622	2588
622	3180
622	3120
623	678
623	1613
623	2614
623	1768
623	1823
623	1880
623	1839
623	2625
623	1803
623	1659
623	2296
623	2709
623	2830
623	1832
624	1453
624	2519
625	2596
625	1869
625	640
626	2921
626	911
626	700
626	2464
627	1085
627	1565
627	1933
627	3012
627	3188
627	2531
627	2315
627	2970
627	1218
627	1575
628	2487
628	842
628	1399
628	1355
628	1631
628	1848
628	1553
628	735
629	2958
629	2298
629	695
629	2861
629	935
629	709
629	1417
629	1493
629	1960
629	660
629	1639
629	1604
629	2425
629	1704
629	838
629	2012
629	2711
629	898
629	1361
629	2722
629	2266
629	2117
629	1533
629	3102
629	916
629	1709
629	1315
629	3023
629	1296
629	973
629	1327
629	2646
629	2490
629	1399
629	1833
629	2502
629	1824
629	1522
629	3218
629	2811
629	3158
629	1908
630	1690
630	2319
630	2486
630	2792
630	1818
631	2616
631	825
632	2881
632	2590
632	1086
632	1437
632	3057
632	2597
632	2848
632	1271
632	1368
632	1797
632	2333
632	1885
632	2183
632	2965
632	2405
632	1517
632	2012
633	1685
633	3058
634	2764
634	1732
634	1616
634	2227
634	2671
634	1890
634	1470
634	976
634	977
634	1404
635	1468
635	874
636	2181
636	3013
636	672
636	1444
636	967
636	2691
636	3036
636	1012
636	2475
636	2863
637	678
637	869
637	1090
637	2527
637	1806
637	849
638	2940
638	903
638	1139
638	2077
638	1823
638	2039
639	1986
640	2596
640	1869
641	2307
641	1421
642	1430
643	2963
643	1333
643	2917
644	1439
644	3191
644	1350
644	1185
644	2629
644	1240
644	3211
644	975
644	2550
644	658
644	2011
644	2447
644	1484
645	883
645	3110
645	2857
645	1145
646	1835
647	1139
647	2077
647	2609
647	2235
647	2136
648	1108
648	2036
649	1818
649	1690
649	2430
649	2319
650	2750
650	2633
650	2955
650	1178
650	1872
650	1213
650	3005
651	676
652	3045
652	1512
652	1665
652	2348
653	1622
653	2766
653	1126
653	1747
653	769
653	2637
654	2393
654	2892
654	1482
655	1054
656	1718
656	3196
656	2579
656	2826
656	895
656	1987
656	2838
656	3201
656	794
656	2193
656	1590
656	3059
656	2413
656	1309
656	1535
656	2615
656	1909
657	2182
657	1862
658	1984
658	1185
658	2043
658	722
658	3211
658	670
658	1439
658	2149
658	2629
658	2550
658	2011
658	1934
658	3191
658	2842
658	2108
658	1484
658	1350
658	1240
658	975
658	2447
659	2739
659	2577
659	3152
659	2264
659	2366
660	2711
660	1485
660	1066
660	1397
660	776
660	1100
660	1654
660	1580
660	1709
660	3158
660	1417
660	3133
660	973
661	1695
661	1225
661	2700
661	2131
661	2414
661	2567
661	1140
661	2543
661	1280
661	1458
661	1247
662	1539
662	1530
662	3217
662	1526
662	1390
663	692
664	2935
664	2001
664	1149
664	1087
664	990
664	2257
665	823
665	1745
665	2285
665	2071
665	1503
665	2083
665	2875
665	1261
665	1057
665	2125
665	1426
665	1938
665	674
665	2836
665	1488
665	2172
666	2548
666	2062
667	1124
667	1314
667	1966
667	3038
667	2993
667	2659
667	1894
667	2533
667	1948
668	1172
668	2407
668	3179
668	671
668	2642
668	2107
668	752
668	3071
668	1689
669	692
669	2891
669	1347
670	1984
670	1185
670	2043
670	722
670	2149
670	2629
670	2550
670	2011
670	1934
670	3191
670	2842
670	2108
670	1484
670	1350
670	1240
670	975
670	2447
671	1172
671	2407
671	3179
671	2457
671	1809
671	2642
671	2107
671	752
671	3071
671	1788
671	1689
672	950
673	1539
673	803
673	1086
673	2360
673	2009
673	1680
673	1474
673	2492
673	1581
673	1763
673	1834
673	1704
673	3158
673	1315
673	1119
674	823
674	1745
674	2285
674	2071
674	1503
674	2083
674	2875
674	1261
674	1057
674	2125
674	1426
674	1938
674	2836
674	1488
674	2172
675	2562
675	2485
675	1870
676	1360
676	1810
677	3139
677	705
677	2774
677	1427
677	1316
677	786
677	997
678	869
678	2625
678	1806
678	849
678	2830
678	1839
678	1659
678	2709
678	1090
678	1880
678	1768
678	1832
678	2614
678	2527
678	1823
678	1803
678	2296
678	1613
679	1813
679	711
679	2995
679	2252
679	1844
679	2164
679	810
680	3098
680	1474
681	1979
681	1214
682	2217
682	1919
682	1941
682	2925
682	1276
682	1139
682	933
682	3002
682	2443
682	2670
682	1996
682	2506
682	1708
682	3078
682	1726
682	2467
682	1864
682	2923
683	765
683	2661
683	1532
683	1903
683	3213
683	2331
683	1378
684	2222
684	2655
684	2232
685	2728
686	1128
686	3229
686	1008
686	2651
686	3105
686	2675
687	1756
689	2074
689	855
689	2772
689	1093
690	1333
690	2974
690	833
690	2816
690	1888
690	1478
690	1477
690	2799
690	1401
691	1699
691	2178
691	1886
691	955
691	3020
691	2549
691	1106
691	1740
691	2947
691	864
691	1371
691	2877
691	1457
691	1519
691	3214
691	2767
691	2229
691	2812
691	1682
691	1499
691	2747
691	2530
692	1576
692	2141
692	2848
692	1055
692	2532
692	1224
692	1347
692	1546
692	898
692	2183
692	2200
692	1597
692	2891
692	1417
692	3087
693	2632
693	2497
694	1759
694	1800
696	832
696	1656
696	3207
697	1688
697	2730
697	934
697	1158
697	2164
698	1530
698	1827
698	1580
699	1018
699	1877
699	1707
699	1278
699	1958
699	1737
700	911
700	2921
701	2869
701	2003
701	1684
701	2723
701	2713
702	2711
702	3107
702	1850
702	1161
702	3009
703	1898
703	1667
704	2680
704	1482
704	2104
705	3210
705	1999
705	2147
705	3139
705	982
705	2133
705	786
705	2774
705	1427
705	2809
705	2441
705	731
705	1414
705	1316
705	997
706	1858
706	3184
706	2204
706	1345
706	811
706	2785
706	2218
706	1993
706	2277
707	1059
707	941
707	2261
707	3080
708	1480
708	885
708	1126
709	3023
710	2784
710	2472
710	2424
710	2698
710	1428
711	1813
711	2995
711	2252
711	2164
713	1424
713	1377
713	2742
713	816
713	1282
714	1146
715	1524
715	1634
715	1701
715	2532
715	851
715	1199
715	1216
715	2470
715	2498
715	2108
715	1281
715	2724
715	919
715	2575
715	1871
715	1805
715	2262
716	1305
716	3079
717	827
717	2988
717	2985
717	2016
717	1727
717	1884
717	1762
717	1326
717	2079
717	1944
718	1518
718	2031
718	1144
719	2318
719	2953
719	1109
720	2214
720	1031
720	2237
720	1784
720	1415
720	2362
720	1875
720	1287
720	2957
721	1265
721	2876
722	1984
722	1185
722	2043
722	2149
722	2629
722	2550
722	2011
722	1934
722	3191
722	2842
722	2108
722	1484
722	1350
722	1240
722	975
722	2447
723	2564
723	1615
723	1926
724	2584
724	2734
724	2320
724	2720
724	1976
724	3167
724	2710
724	2274
724	1275
724	3083
724	3097
724	1714
724	2673
724	1949
724	1697
724	1285
725	1962
725	1278
726	2341
726	2055
727	2948
727	915
727	2434
728	1516
728	1711
728	1638
728	2734
728	1285
728	1006
729	2784
729	2756
729	2972
729	1536
729	2424
729	1096
729	2378
730	1350
730	2196
730	2149
730	1376
730	2018
730	2206
730	3061
730	2832
730	3094
730	2683
730	2154
731	1414
732	1567
732	2675
732	3105
733	2298
733	1901
733	2339
734	2953
734	1035
734	1405
734	2409
735	832
735	3037
735	1080
735	870
735	1399
735	1355
735	1631
735	2102
735	2773
736	2915
737	1816
737	2311
737	1258
738	1796
738	2801
738	1621
738	1512
739	2839
739	3114
739	2497
739	2976
739	790
739	2162
739	1666
739	2591
739	3236
739	2652
739	846
739	2463
739	2878
739	2726
740	2242
740	1089
740	1671
740	2986
740	3235
740	2588
740	2012
741	3212
741	2837
741	2436
741	1331
742	2918
743	2563
743	1166
743	1510
743	859
743	878
743	943
743	1134
743	2703
743	1318
743	2872
743	1679
744	1942
744	2911
745	1312
745	2117
745	1854
746	1426
747	1929
748	2298
748	1680
749	2205
749	3178
749	1836
749	1195
750	2510
751	3189
752	1172
752	2407
752	3179
752	2642
752	2107
752	3071
752	1689
753	1521
753	3179
753	1570
753	966
753	3143
753	778
753	815
753	2040
754	1936
754	1605
755	2747
755	1403
755	2962
756	1922
756	2038
756	2664
756	1192
756	1551
756	2949
757	1610
757	2272
757	2262
757	2802
757	1301
757	2532
757	3181
757	2346
757	1657
758	1769
758	2959
758	1009
758	1660
758	2454
758	2038
758	1526
758	2714
758	3218
758	1562
758	1195
758	2274
758	1836
759	1862
760	1959
760	2093
760	2685
760	1700
760	2407
760	3153
760	1651
760	1102
760	2686
760	2106
760	2657
761	1413
761	1962
761	1375
761	3126
761	2157
762	1979
762	2651
763	2219
763	1680
764	1670
764	930
764	2938
764	1743
765	1917
765	1378
766	1816
766	1842
767	2874
767	845
769	1480
769	1622
769	2766
769	1126
769	1362
769	2637
770	2058
770	3173
770	2342
770	2981
770	2364
771	1690
771	1979
771	2319
772	1787
772	3163
772	3006
772	2746
772	1323
772	2445
772	2202
772	2620
772	2261
773	1206
774	2795
774	3026
774	2508
774	1778
774	2119
775	1175
775	958
776	1066
776	3133
777	1964
777	1160
777	1380
777	925
777	2427
777	1552
777	3198
777	2384
777	2328
778	2833
778	1067
778	1040
778	1521
778	3179
778	1297
778	1570
778	3143
778	966
778	1555
778	815
778	1341
778	2040
779	1384
779	3109
779	2971
779	2396
780	1599
780	1357
780	1547
780	1409
781	865
781	3233
782	2623
782	1033
783	1795
783	1075
784	1937
784	2912
784	1775
785	1713
785	3165
785	2115
786	3139
786	2774
786	1427
786	1316
786	997
787	1414
787	3025
787	2497
787	2855
787	2665
787	3065
787	2582
787	2274
788	3170
788	1790
788	2372
788	1335
788	1471
789	3027
789	1799
790	2839
790	3114
790	2497
790	2976
790	2591
790	2162
790	1666
790	3236
790	2463
790	2652
790	846
790	2878
790	2726
791	2706
791	1464
791	2330
791	1469
792	3120
793	2650
793	2341
793	1209
793	1432
794	1718
794	3196
794	3201
794	2579
794	1590
794	1309
794	1535
794	2826
794	2193
794	2615
794	895
794	2838
794	1909
795	2000
796	926
796	1107
797	1013
798	1012
798	2658
798	3131
799	1529
799	801
799	1781
799	2921
799	993
799	2774
799	924
799	3126
799	2341
800	2656
801	1074
801	1629
801	1529
801	1675
801	3126
801	1962
801	1677
801	2738
801	1738
801	899
801	2774
801	2888
801	1781
801	2921
801	993
801	1036
802	1826
802	1571
803	1680
803	1704
803	1315
804	2583
804	2874
804	3226
806	1917
807	2566
807	1574
808	2421
808	2580
808	1108
808	2998
809	2084
809	1478
809	2295
809	2653
809	2716
810	1844
810	996
811	1858
811	3184
811	2204
811	1345
811	2785
811	2218
811	1993
811	2277
812	3161
812	1800
813	2711
815	1521
815	3179
815	1570
815	966
815	3143
815	2040
816	1424
816	1377
816	2742
816	1282
817	1392
817	1526
817	1268
818	3107
818	1073
818	1835
818	3209
819	1932
819	1146
819	2977
819	3016
819	1935
819	2728
819	1222
819	2000
820	2522
821	1997
822	926
822	3037
823	1745
823	1526
823	2285
823	2071
823	1503
823	1024
823	2083
823	2875
823	1261
823	1057
823	2125
823	2412
823	1426
823	2920
823	2358
823	1938
823	2836
823	1488
823	2172
823	3218
823	1836
824	2716
825	2616
825	3224
826	3212
826	2837
826	2436
826	1331
827	1980
827	2988
827	2347
828	921
828	1576
828	2008
828	1644
829	1320
829	1210
830	2148
831	2632
831	3025
831	2497
831	2665
831	2274
832	1113
832	1656
832	2145
832	1636
832	883
832	1476
832	2681
832	1305
832	2773
832	2983
832	1631
832	3207
832	2029
832	1662
833	2816
833	2799
834	1452
834	2822
834	1587
835	1307
835	1356
836	1842
836	1378
837	2278
837	2761
837	1363
837	2858
838	2425
838	2298
839	3032
839	928
839	2052
840	1238
840	2047
841	1949
841	1640
841	2458
842	2958
842	1601
842	3169
842	2640
842	1631
842	872
842	2297
842	1143
842	2012
843	1228
843	2289
843	1482
844	1250
844	1904
844	3111
844	863
845	1269
845	1760
845	2238
845	1557
845	1164
845	3222
845	2629
845	2874
845	2135
845	2719
845	3081
845	1680
845	1182
845	1801
845	3066
845	2971
845	1390
846	2839
846	3114
846	2497
846	2976
846	2162
846	1666
846	2591
846	3236
846	2463
846	2652
846	2726
846	2878
847	2913
847	3015
847	2317
847	1961
847	2954
847	1302
847	1201
847	1395
847	2866
847	1250
847	2561
847	3215
847	1572
847	2442
847	1446
847	1121
848	2959
848	2038
848	2690
848	2664
848	1573
848	3128
849	869
849	1090
849	2527
849	1806
850	3176
851	1524
851	1634
851	1701
851	2532
851	1199
851	1295
851	1216
851	2209
851	2470
851	2498
851	2108
851	1281
851	2724
851	919
851	2575
851	1871
851	1805
851	2262
852	2488
852	1584
852	1126
852	1793
852	1779
853	2695
853	1420
853	1289
854	1724
854	1150
855	2074
855	2772
855	2926
855	1093
855	1253
855	1291
855	2994
855	1661
856	1178
856	1872
856	2663
857	1922
857	1653
857	2757
857	1551
857	2628
857	948
857	3130
857	1800
858	3158
859	2941
859	2563
859	1166
859	1510
859	2400
859	878
859	1134
859	943
859	2703
859	1318
859	2872
859	1679
860	2272
861	1238
862	1778
862	3075
862	873
862	3053
863	1725
863	1125
863	1798
863	1167
863	2377
863	1432
864	1699
864	2178
864	1886
864	955
864	3020
864	2549
864	1106
864	1740
864	2947
864	1371
864	2877
864	1457
864	1519
864	3214
864	2767
864	2229
864	2812
864	1682
864	1499
864	2747
864	2530
865	1097
865	3233
865	2822
866	2103
866	3101
866	923
866	1917
866	974
866	2025
867	1369
867	1512
867	2624
868	2600
868	2645
868	1672
869	1090
869	2527
869	1806
870	1450
870	1892
870	1399
870	1015
870	1136
870	1355
870	1952
870	2102
870	964
870	2012
871	2820
871	1306
871	1782
872	2640
872	2987
872	2297
873	3053
873	3108
873	3048
873	887
873	1778
873	3075
874	1406
874	2156
874	2733
874	3091
874	1321
874	1837
874	2374
874	2688
874	1061
874	1468
875	1780
875	1273
875	2164
876	2616
876	2800
876	1336
876	1234
876	2581
876	2437
877	2095
878	2563
878	1166
878	1510
878	943
878	1134
878	2703
878	1318
878	2872
878	1679
879	921
879	3223
879	1576
879	1255
880	2840
880	2521
880	1335
881	930
881	2064
881	1046
882	2784
882	1668
882	1159
882	1536
882	2424
882	3122
882	2378
883	2668
883	1476
883	1399
883	1355
883	2681
883	2184
884	2398
884	1016
885	1480
885	1126
886	1206
887	3075
887	3108
888	1093
889	2269
889	2606
890	2818
890	2347
890	3085
890	1773
891	2881
891	1023
891	2850
892	2243
892	1093
892	2399
893	1211
893	1818
894	2057
895	1718
895	3196
895	2448
895	2579
895	2826
895	2838
895	1076
895	3201
895	2902
895	2193
895	1590
895	2660
895	1309
895	1535
895	2615
895	1909
896	2170
896	2094
896	3231
896	2401
896	2165
897	2104
898	1833
898	1417
898	2532
899	1781
899	1675
899	2738
899	1036
899	1738
900	1388
900	1879
900	1990
900	1131
900	2450
900	3029
900	1693
900	2984
901	1716
901	1449
902	1084
902	3149
902	1170
902	2950
902	2910
902	2072
902	1343
902	2293
902	2122
903	2940
903	1139
903	2077
903	1823
903	2039
904	1835
904	2636
905	1558
905	1998
906	1161
906	2829
907	2779
908	3160
908	1874
908	2740
909	2307
909	1335
910	1898
911	2921
912	2063
912	2379
912	1717
913	2132
913	1615
913	2564
914	1091
914	2505
915	2948
916	2192
916	2266
916	1604
916	1315
916	1631
916	3018
916	3120
917	1181
917	2951
917	2055
917	1195
917	1836
918	1683
919	1524
919	1634
919	1701
919	2532
919	1199
919	1295
919	1216
919	2209
919	2470
919	2498
919	2108
919	1281
919	2724
919	2575
919	1871
919	1805
919	2262
920	2697
920	2286
920	2905
920	2637
921	1576
921	1526
921	1101
921	1644
922	2263
922	2012
923	2103
923	3101
924	1922
924	2038
924	2341
924	2664
924	1244
925	1964
925	1160
925	1380
925	2427
925	1552
925	3198
925	2384
925	2328
926	3037
926	1399
926	1107
926	1355
926	1724
926	1094
926	1631
927	1608
927	954
927	2894
927	2207
928	3032
928	2052
929	1010
929	2523
929	2087
930	1670
930	2064
930	1046
930	1041
930	1649
930	2938
930	1743
931	2415
931	1320
931	2727
931	1007
932	1079
933	2217
933	1919
933	1941
933	2925
933	1276
933	1139
933	3002
933	2443
933	2670
933	2506
933	1708
933	1726
933	2467
933	1864
934	1688
935	2298
936	1238
937	2887
938	1497
938	2975
938	1995
939	2359
939	1289
939	2529
939	971
939	1465
939	1757
939	1459
939	1876
940	2691
941	1059
941	2261
941	3080
942	1429
942	1684
943	2563
943	1166
943	1510
943	1134
943	2703
943	1318
943	2872
943	1679
944	2000
945	2581
945	3203
945	2552
946	1874
946	2702
947	1077
947	1770
947	2314
948	1922
948	1653
948	2757
948	1551
948	3130
948	1800
949	2918
951	1776
951	2637
952	2128
952	2211
952	2907
952	2012
953	1450
954	1608
954	2894
954	2207
955	1699
955	2178
955	1886
955	3020
955	2549
955	1106
955	1740
955	2947
955	1371
955	2877
955	1457
955	1519
955	3214
955	2767
955	2229
955	2812
955	1682
955	1499
955	2747
955	2530
956	2682
956	2153
956	2041
956	1078
956	1479
956	1037
957	2750
957	2879
957	3005
958	1175
959	2495
960	2249
960	1051
961	3213
962	2332
962	2368
963	2406
963	2089
963	2571
963	1191
963	1710
963	2551
963	3195
964	1252
964	2134
964	2119
965	2389
965	2998
966	2479
966	1521
966	3179
966	1570
966	3143
966	1029
966	2282
966	1248
966	2040
966	2283
967	2475
969	1823
969	1803
969	2041
969	2524
969	2830
969	1768
970	1430
970	2555
971	2359
971	1289
971	1953
971	2529
971	1762
971	1465
971	1757
971	1459
971	1876
972	1816
972	2311
972	1258
972	2069
973	2711
973	2411
973	1485
973	1397
973	1533
973	1100
973	1654
973	1580
973	1709
973	3158
973	1417
973	1431
975	1984
975	1185
975	2043
975	3211
975	1439
975	2149
975	2629
975	2550
975	2011
975	1934
975	3191
975	2842
975	2108
975	1484
975	1350
975	1240
975	2447
976	2764
976	1732
976	2671
976	1890
976	1404
977	2227
977	1616
978	2961
978	2704
978	2450
978	2069
978	2850
979	1537
980	1622
980	1667
980	2803
980	1696
980	1126
980	2055
980	2876
980	3194
980	1548
980	1620
980	2037
980	1930
980	2637
981	2278
981	2124
983	3090
983	2271
983	1513
984	1637
984	1370
984	2373
984	985
984	1237
984	1367
984	1030
984	2712
984	1720
984	2397
984	2325
984	2849
984	1212
984	1847
984	1918
984	2428
985	1637
985	1370
985	2373
985	1237
985	1367
985	1030
985	2712
985	1720
985	2397
985	2325
985	2849
985	1212
985	1847
985	1918
985	2428
986	1564
986	2875
986	2088
987	2835
988	1485
988	1022
988	2112
989	2143
989	2012
990	1250
990	2935
990	2001
990	1149
990	1087
990	1846
990	2257
991	1971
991	2945
991	1631
992	2526
992	3022
992	1181
992	2053
992	2055
992	2585
993	1529
993	1781
993	2921
993	2774
993	3126
993	1761
993	2735
993	3065
993	2350
993	2274
995	1928
995	1550
995	1680
996	2459
996	2873
996	1791
996	3225
996	2731
996	1981
996	1844
997	3139
997	2774
997	1427
997	1316
998	2851
998	2460
998	1840
998	1899
998	2538
998	2972
999	1307
999	1599
999	1151
999	1130
999	2316
999	3073
999	2928
1000	1526
1001	1778
1002	2274
1002	2497
1003	2408
1004	2870
1004	1259
1004	1083
1004	2751
1004	1407
1004	1324
1004	1470
1004	2824
1004	1278
1004	1958
1004	1737
1004	2900
1005	2155
1005	1324
1005	1986
1005	1470
1005	1737
1006	1285
1006	2734
1006	1711
1008	3001
1008	2886
1008	3229
1008	2840
1008	2651
1008	3200
1009	1168
1009	2867
1009	2959
1009	1769
1009	1618
1009	1660
1009	2454
1009	2049
1009	3128
1009	3111
1010	2272
1010	2087
1010	2701
1010	1729
1010	1957
1010	2532
1011	1099
1012	3013
1012	2658
1012	2324
1012	1887
1012	1444
1012	2752
1012	2691
1012	1633
1012	3131
1012	2863
1014	2171
1014	2520
1015	1399
1015	1355
1016	2398
1017	2631
1017	2322
1017	1812
1018	1707
1019	1249
1019	2407
1019	2791
1019	3041
1019	1147
1020	1968
1020	2894
1021	2881
1021	1238
1022	1485
1022	2112
1023	1469
1023	2128
1023	2850
1023	2012
1024	2412
1024	2875
1025	3150
1025	2080
1027	2262
1027	2532
1029	2479
1029	1521
1029	2174
1029	2282
1029	1206
1029	1248
1029	2283
1030	1637
1030	1370
1030	2373
1030	1237
1030	1367
1030	2712
1030	1720
1030	2397
1030	2325
1030	2849
1030	1212
1030	1847
1030	1918
1030	2428
1031	2237
1031	1415
1031	1875
1031	2957
1032	1819
1032	2152
1035	2953
1035	1405
1035	1853
1036	1781
1036	2356
1036	1814
1036	3126
1036	2708
1036	1949
1036	2738
1036	1738
1037	2682
1037	2153
1037	2041
1037	1078
1037	1479
1038	1192
1038	2651
1039	1776
1040	2833
1040	1067
1040	1297
1040	1555
1040	1341
1042	1508
1042	2696
1043	3164
1043	2091
1043	1299
1043	3148
1043	2189
1043	1600
1044	2076
1045	3200
1045	2840
1046	2064
1047	2848
1047	2559
1047	2183
1048	2730
1048	1792
1048	1867
1049	2931
1050	1986
1051	1606
1051	2224
1051	2078
1051	3205
1051	2249
1051	1217
1051	2164
1052	2536
1052	2864
1052	3144
1053	1086
1054	2507
1054	2643
1054	2937
1055	1597
1056	2503
1056	2175
1057	1745
1057	2285
1057	2071
1057	1503
1057	2083
1057	2875
1057	1261
1057	2125
1057	1426
1057	1938
1057	2836
1057	1488
1057	2172
1059	2261
1059	3080
1060	1473
1060	2960
1061	2156
1061	1321
1061	2688
1061	1468
1062	1155
1062	2350
1062	2796
1063	1393
1063	2025
1064	1317
1064	2950
1065	1545
1065	1360
1065	1460
1066	1175
1066	2251
1066	2150
1066	3133
1066	2073
1067	2833
1067	1297
1067	1555
1067	1341
1067	2594
1068	1190
1068	2027
1068	1400
1068	1528
1068	2474
1069	1923
1069	1939
1069	2537
1069	1538
1069	1875
1069	1825
1069	2957
1070	2874
1070	1473
1070	3030
1070	3103
1070	2509
1071	2611
1071	1667
1072	2440
1072	2187
1072	2918
1074	1962
1074	1677
1074	1629
1074	3166
1074	2888
1075	1795
1076	2902
1076	2660
1077	1770
1077	1905
1077	2402
1077	1830
1077	2314
1077	2161
1077	2024
1077	2748
1077	3008
1077	1860
1077	3112
1078	2682
1078	2153
1078	2041
1078	1479
1079	1604
1079	1429
1079	2713
1079	2146
1080	1399
1080	3037
1081	1303
1082	1530
1083	2824
1083	2900
1084	3149
1084	1170
1084	2910
1084	1343
1084	2293
1084	2122
1085	1565
1085	1933
1085	3012
1085	3188
1085	2531
1085	2315
1085	2970
1085	1218
1085	1575
1086	2012
1087	2935
1087	2001
1087	1149
1087	2257
1088	1361
1089	1671
1089	2012
1090	2527
1090	1806
1091	2505
1091	1820
1091	1505
1091	2362
1091	2006
1092	1496
1092	2786
1092	1800
1093	2074
1093	2772
1093	2243
1093	2399
1094	1355
1095	2874
1096	2784
1096	2756
1096	2972
1096	1536
1096	2424
1096	2378
1097	2822
1098	3186
1098	2337
1098	1135
1098	1523
1100	2711
1100	1485
1100	3158
1101	1576
1102	1959
1102	2093
1102	2685
1102	1700
1102	2407
1102	3153
1102	1651
1102	2686
1102	2106
1102	2657
1103	2568
1103	2338
1103	2379
1104	1242
1104	2484
1104	3062
1104	2099
1104	2241
1104	2092
1104	1838
1104	3016
1104	2105
1104	2593
1104	3183
1104	1184
1104	3095
1105	2298
1106	1699
1106	2178
1106	1886
1106	3020
1106	2549
1106	1740
1106	2947
1106	1371
1106	2877
1106	1457
1106	1519
1106	3214
1106	2767
1106	2229
1106	2812
1106	1682
1106	1499
1106	2747
1106	2530
1108	2226
1108	2036
1108	2421
1108	2580
1108	1992
1108	3007
1109	2953
1110	1426
1110	2875
1111	1667
1111	1195
1112	2227
1112	2203
1113	1476
1113	2029
1113	1656
1113	2145
1114	2060
1114	1293
1115	1616
1116	2934
1117	2776
1117	1161
1117	1736
1118	2301
1118	1407
1118	1126
1118	1286
1118	1737
1119	2095
1119	1834
1119	2494
1119	2519
1120	3165
1120	2841
1120	1703
1121	2913
1121	1961
1121	1603
1121	2954
1121	1302
1121	2387
1121	1395
1121	2221
1121	1250
1121	1741
1121	2561
1121	3215
1121	2442
1121	1446
1121	1742
1122	3019
1123	2850
1124	2958
1124	1314
1124	1966
1124	3038
1124	2993
1124	2381
1124	2659
1124	1894
1124	1948
1124	2533
1125	2454
1125	2867
1125	2377
1126	2789
1126	1584
1126	1131
1126	1620
1126	1793
1126	2876
1126	1737
1126	1548
1126	1167
1126	1480
1126	1667
1126	2301
1126	1622
1126	1407
1126	1779
1126	2055
1126	1264
1126	2637
1126	2803
1126	2765
1126	2766
1126	2394
1126	1286
1127	1520
1128	2639
1128	3105
1128	2675
1128	1800
1129	2959
1129	1190
1129	2027
1129	1400
1129	1528
1130	2928
1130	1307
1131	2984
1131	2765
1131	2055
1131	1693
1131	1264
1132	2821
1132	2646
1132	1815
1133	1951
1134	2563
1134	1166
1134	1510
1134	2703
1134	1318
1134	2872
1134	1679
1135	3186
1135	2337
1135	1523
1137	1954
1137	2807
1137	2913
1137	1308
1137	2529
1137	2051
1138	2660
1139	2217
1139	2940
1139	1941
1139	3002
1139	2506
1139	2925
1139	2670
1139	2467
1139	1864
1139	1276
1139	2077
1139	2609
1139	2039
1139	1708
1139	1726
1139	2136
1139	2235
1139	1919
1139	1823
1139	2443
1139	1804
1140	1695
1140	1225
1140	2700
1140	2131
1140	2414
1140	2567
1140	2543
1140	1280
1140	1458
1140	1247
1141	2146
1142	1469
1143	3107
1143	2674
1143	1146
1143	2012
1144	1518
1144	2031
1145	2857
1146	3107
1146	1419
1146	2674
1146	1935
1146	2231
1146	1729
1146	2482
1146	1206
1146	3158
1146	2569
1147	1249
1147	2407
1147	2791
1148	1451
1148	3192
1148	2982
1149	2935
1149	2001
1149	2257
1150	1724
1150	1631
1150	1848
1151	1599
1151	2603
1151	2649
1152	2298
1152	2339
1152	1829
1152	2052
1153	2539
1153	2768
1153	3116
1154	1822
1155	2350
1155	2796
1156	2604
1157	2014
1157	3009
1159	2784
1159	1668
1159	1536
1159	2424
1159	3122
1159	2378
1160	1964
1160	1380
1160	2427
1160	1552
1160	3198
1160	2384
1160	2328
1161	1169
1161	3107
1161	1681
1161	1908
1161	1736
1161	2776
1161	1315
1161	1947
1161	2829
1162	2779
1162	2343
1163	1623
1164	1269
1164	1760
1164	1557
1164	3222
1164	2629
1164	2874
1164	2135
1164	2719
1164	3081
1164	1680
1164	1182
1164	1801
1164	3066
1164	2971
1164	1390
1165	2308
1165	1305
1165	2185
1165	3030
1165	2163
1166	2941
1166	1318
1166	2563
1166	1510
1166	2400
1166	2703
1166	2872
1166	1679
1167	1622
1167	2301
1167	1737
1167	1407
1167	1798
1167	2637
1167	1432
1168	2867
1168	2959
1168	3128
1169	3107
1169	2452
1170	3149
1170	2910
1170	1343
1170	2293
1170	2122
1171	1648
1171	2240
1171	2495
1171	1950
1172	2407
1172	3179
1172	2642
1172	2107
1172	3071
1172	1689
1173	3107
1175	2251
1175	1604
1175	1664
1175	2186
1175	2073
1176	3142
1176	2008
1176	2532
1177	2741
1177	3195
1177	1583
1178	2750
1178	2633
1178	2882
1178	1917
1178	2327
1178	2663
1178	2955
1178	1872
1178	1213
1178	2042
1178	3005
1179	2175
1180	2130
1181	2951
1181	2055
1181	1836
1182	1269
1182	1760
1182	2238
1182	1557
1182	3222
1182	2629
1182	2874
1182	2719
1182	1680
1182	1801
1182	3066
1182	2971
1182	1390
1183	3004
1184	1242
1184	2484
1184	3062
1184	2099
1184	2241
1184	2092
1184	1838
1184	3016
1184	2105
1184	2593
1184	3183
1184	3095
1185	1984
1185	2043
1185	3211
1185	1439
1185	2149
1185	2629
1185	2550
1185	2011
1185	1934
1185	3191
1185	2842
1185	2108
1185	1484
1185	1350
1185	1240
1185	2447
1186	3070
1186	2619
1186	2452
1186	2721
1188	2290
1188	2409
1189	1500
1189	2391
1189	3146
1190	2959
1190	2027
1190	1400
1190	1528
1190	2474
1191	2406
1191	2089
1191	2571
1191	1710
1191	2551
1191	3195
1192	1922
1192	2038
1192	2664
1192	2586
1192	2494
1192	2651
1192	1551
1192	2473
1192	2949
1193	2231
1193	3218
1194	2945
1194	2048
1194	1802
1194	2121
1194	2069
1194	2906
1195	1667
1195	3178
1195	2205
1195	1526
1195	3218
1195	2951
1195	1836
1196	2965
1196	1766
1196	2430
1196	2046
1197	1472
1197	2188
1197	1238
1197	1241
1198	2804
1198	1650
1199	1524
1199	1634
1199	1701
1199	2532
1199	1216
1199	2470
1199	2498
1199	2108
1199	1281
1199	2724
1199	2575
1199	1871
1199	1805
1199	2262
1200	1482
1200	3011
1201	2317
1202	1764
1202	1462
1202	2234
1203	1560
1203	2604
1204	2273
1205	2499
1206	2454
1206	2758
1206	2174
1206	1843
1206	1955
1206	1632
1206	1326
1206	2546
1206	2419
1207	3223
1208	2130
1208	2693
1208	2255
1209	2650
1209	2341
1209	3055
1209	3176
1209	2010
1209	1432
1210	1320
1210	3220
1211	1818
1212	1720
1212	2849
1212	2000
1212	1637
1212	1367
1212	2397
1212	2699
1212	1370
1212	1237
1212	2712
1212	2373
1212	1918
1212	2428
1212	2540
1212	2325
1212	1847
1213	2750
1213	2633
1213	1917
1213	2955
1213	1872
1213	2042
1213	3005
1214	1979
1214	2822
1215	3138
1216	1524
1216	1634
1216	1701
1216	2532
1216	2470
1216	2498
1216	2108
1216	1281
1216	2724
1216	2575
1216	1871
1216	1805
1216	2262
1217	1606
1217	2224
1217	1578
1217	2078
1217	3205
1217	2736
1218	1565
1218	1933
1218	3012
1218	3188
1218	2531
1218	2315
1218	2970
1218	1575
1219	1648
1219	2408
1220	1263
1221	2692
1223	2044
1223	3035
1223	3072
1224	2200
1224	2141
1225	1695
1225	2700
1225	2131
1225	2414
1225	2567
1225	2543
1225	1280
1225	1458
1225	1247
1226	2835
1226	2341
1227	1754
1227	1913
1228	2289
1228	1706
1228	1482
1228	3092
1228	1980
1228	1865
1229	2891
1230	1239
1230	1631
1231	1326
1232	1683
1232	1730
1233	2780
1233	3150
1233	1594
1233	1625
1234	2437
1235	1469
1236	2494
1236	1498
1236	2519
1237	1637
1237	1370
1237	2373
1237	1367
1237	2712
1237	1720
1237	2397
1237	2325
1237	2849
1237	1847
1237	1918
1237	2428
1238	3136
1238	1971
1238	1472
1238	2096
1238	2188
1238	2850
1238	2881
1238	2047
1238	2964
1238	2760
1238	1505
1238	1241
1238	2788
1239	2439
1239	2707
1239	2761
1239	2669
1239	1889
1239	1631
1239	2858
1239	2773
1240	1984
1240	2043
1240	3211
1240	1439
1240	2149
1240	2629
1240	2550
1240	2011
1240	1934
1240	3191
1240	2842
1240	2108
1240	1484
1240	1350
1240	2447
1241	1472
1241	2188
1242	2484
1242	3062
1242	2099
1242	2241
1242	2092
1242	1838
1242	3016
1242	2105
1242	2593
1242	3183
1242	3095
1243	2652
1243	2703
1243	2321
1244	1922
1244	2038
1244	2664
1245	1843
1245	2012
1246	2589
1247	1695
1247	2700
1247	2131
1247	2414
1247	2567
1247	2543
1247	1280
1247	1458
1248	2479
1248	1349
1248	1521
1248	1921
1248	2282
1248	1517
1248	1364
1248	2283
1249	2407
1249	2791
1249	3041
1250	2442
1250	1846
1250	2561
1250	1596
1251	2824
1251	1407
1252	2134
1252	2119
1253	3107
1253	2994
1254	1705
1255	1601
1255	1379
1255	3172
1255	2303
1255	2151
1256	2065
1256	1878
1256	2291
1256	2300
1256	3162
1256	2371
1256	2966
1257	2121
1258	1816
1258	2311
1258	1842
1258	1490
1258	2069
1259	1407
1259	2824
1259	1737
1260	3010
1260	1715
1260	1290
1260	2822
1260	2649
1261	1745
1261	2285
1261	2071
1261	1503
1261	2083
1261	2875
1261	2125
1261	1426
1261	1938
1261	2836
1261	1488
1261	2172
1262	1320
1262	2909
1264	2789
1264	2765
1264	1407
1264	2055
1264	1737
1265	1702
1265	2876
1266	2253
1268	1392
1268	1526
1269	1760
1269	2238
1269	1557
1269	3222
1269	2629
1269	2874
1269	2719
1269	1680
1269	1801
1269	3066
1269	2971
1269	1390
1270	2639
1270	1800
1271	2881
1271	3047
1272	1906
1272	2522
1273	1780
1273	2164
1274	2130
1274	2693
1275	3097
1275	2734
1275	1714
1275	2320
1275	2720
1275	1976
1276	2217
1276	1919
1276	1941
1276	2925
1276	3002
1276	2443
1276	2670
1276	1996
1276	2506
1276	1708
1276	3078
1276	1726
1276	2467
1276	1864
1276	2923
1277	1432
1278	1879
1278	1962
1278	1562
1278	1958
1278	1737
1278	2234
1279	2013
1279	2233
1279	2139
1279	3168
1280	1695
1280	2700
1280	2131
1280	2414
1280	2567
1280	2543
1280	1458
1281	1524
1281	1634
1281	1701
1281	2532
1281	2470
1281	2498
1281	2108
1281	2724
1281	2575
1281	1871
1281	1805
1281	2262
1282	1424
1282	1892
1282	1377
1282	1917
1282	2742
1282	2759
1283	2459
1283	2973
1283	1554
1283	2002
1284	2958
1285	1711
1285	2734
1286	2301
1286	1407
1286	1737
1287	2362
1288	1962
1289	2695
1289	1420
1289	1465
1289	1757
1289	1459
1289	1876
1290	2649
1290	1975
1291	2926
1291	1661
1292	1473
1293	1310
1294	1706
1295	2209
1296	1327
1296	2646
1296	1493
1297	2833
1297	1555
1297	1341
1297	2594
1298	3022
1298	2800
1299	3164
1299	2091
1299	3148
1299	2189
1299	1600
1300	2723
1300	2996
1300	2294
1301	1610
1301	2272
1301	2262
1301	2802
1301	2532
1301	3181
1301	2346
1301	1657
1302	2913
1302	1961
1302	1603
1302	2954
1302	2387
1302	1395
1302	2221
1302	1741
1302	2561
1302	3215
1302	2442
1302	1446
1302	1742
1303	2729
1303	3028
1303	1483
1305	2339
1305	1829
1305	2644
1305	2078
1305	2489
1305	2185
1305	3079
1305	2163
1305	1662
1306	2820
1306	1782
1307	2928
1307	1356
1308	1954
1308	2807
1308	2913
1308	2529
1308	2051
1309	1718
1309	3196
1309	2579
1309	2826
1309	1987
1309	2838
1309	3201
1309	2193
1309	1590
1309	3059
1309	2413
1309	1535
1309	2615
1309	1909
1310	2515
1310	3115
1310	1505
1310	1566
1310	1348
1310	1942
1311	1949
1311	2584
1311	1638
1312	2117
1312	3190
1312	1854
1313	2735
1313	3065
1313	2718
1314	1966
1314	3038
1314	2993
1314	2659
1314	1894
1314	2533
1314	1948
1315	2958
1315	2459
1315	2188
1315	2035
1315	1558
1315	2192
1315	1704
1315	2208
1315	1607
1315	1842
1315	1680
1315	2501
1315	1641
1315	1463
1315	1908
1316	3139
1316	2774
1316	1427
1317	2950
1318	2563
1318	1510
1318	2703
1318	2872
1318	1679
1319	1980
1319	2483
1320	3187
1320	3147
1320	3220
1320	2355
1320	2909
1320	1650
1320	1936
1320	1605
1321	2156
1321	2688
1321	1468
1322	2526
1322	2800
1323	2202
1324	2423
1324	2870
1324	2493
1324	1470
1324	2049
1324	1958
1324	1737
1325	1748
1325	3019
1326	1762
1326	2140
1326	1556
1327	1493
1328	1906
1329	3000
1329	2012
1330	2513
1331	3212
1331	1755
1331	2837
1331	2436
1332	3185
1332	1475
1332	1366
1332	2948
1332	2737
1332	2029
1332	1643
1332	2145
1332	2030
1333	3227
1333	2565
1333	2974
1333	2963
1333	2799
1333	2917
1334	2129
1335	2521
1335	2505
1335	2307
1335	2840
1335	1790
1336	2616
1336	2800
1336	2437
1337	1565
1337	1789
1339	1624
1340	1645
1340	2235
1341	2833
1341	1555
1341	2594
1342	2066
1342	1500
1342	1884
1342	3043
1342	3007
1343	3149
1343	2910
1343	2293
1343	2122
1344	1614
1345	1858
1345	3184
1345	2204
1345	2785
1345	2218
1345	1993
1345	2277
1346	2188
1349	1921
1349	1517
1349	1364
1350	1984
1350	2043
1350	1376
1350	3211
1350	2018
1350	1439
1350	2149
1350	2629
1350	2206
1350	2550
1350	2832
1350	2683
1350	2011
1350	1934
1350	3191
1350	2196
1350	2842
1350	3061
1350	3094
1350	2108
1350	2154
1350	1484
1350	2447
1351	1539
1351	2705
1351	2846
1351	1778
1351	2249
1351	1626
1351	1583
1351	2000
1351	2340
1353	2017
1353	1797
1354	1995
1355	3037
1355	2194
1355	1383
1355	3082
1355	1935
1355	1631
1355	2646
1355	1399
1357	1599
1357	1547
1357	1409
1358	2021
1358	1470
1358	2876
1359	3098
1359	1691
1360	1545
1361	2117
1361	2502
1361	3102
1363	2908
1363	2761
1363	2858
1364	1896
1364	1921
1364	1517
1365	2924
1365	2026
1365	2682
1365	1593
1366	3185
1366	1475
1366	2948
1366	2737
1366	2029
1366	1643
1366	2145
1366	2030
1367	1637
1367	1370
1367	2373
1367	2712
1367	1720
1367	2397
1367	2325
1367	2849
1367	1847
1367	1918
1367	2428
1368	1437
1369	1512
1370	1637
1370	2373
1370	2712
1370	1720
1370	2397
1370	2325
1370	2849
1370	1847
1370	1918
1370	2428
1371	1699
1371	2178
1371	1886
1371	3020
1371	2549
1371	1740
1371	2947
1371	2877
1371	1457
1371	1519
1371	3214
1371	2767
1371	2229
1371	2812
1371	1682
1371	1499
1371	2747
1371	2530
1372	3076
1372	2743
1372	2379
1373	1608
1373	2894
1373	2032
1374	1500
1375	1413
1375	2157
1376	2196
1376	2149
1376	2018
1376	2206
1376	3061
1376	2832
1376	3094
1376	2683
1376	2154
1377	1424
1377	2742
1378	1842
1379	1601
1380	1964
1380	2427
1380	1552
1380	3198
1380	2384
1380	1579
1380	2328
1381	2188
1382	1851
1382	2025
1384	3109
1384	2971
1384	2396
1385	1517
1385	2641
1386	2158
1386	1876
1387	2422
1387	3221
1388	1879
1388	3029
1388	1990
1388	2450
1390	1526
1390	1760
1390	2238
1390	1557
1390	3222
1390	2629
1390	2874
1390	2135
1390	2719
1390	3081
1390	1680
1390	3217
1390	1801
1390	1759
1390	3066
1390	2971
1391	1942
1391	2547
1391	2822
1392	1526
1393	2064
1393	1649
1393	2267
1393	2025
1394	2979
1394	2853
1395	1961
1395	3215
1395	2913
1395	1572
1395	2954
1395	2442
1395	1446
1395	2561
1397	2711
1398	2104
1398	1482
1399	2313
1399	1724
1399	3037
1399	2194
1399	1631
1399	2646
1400	2959
1400	2027
1400	1528
1400	2474
1401	1888
1401	1478
1402	1419
1403	2747
1403	2962
1404	2764
1404	1732
1404	2348
1404	2671
1404	1890
1404	3118
1405	2953
1406	2733
1406	1837
1406	1468
1407	2789
1407	1737
1407	1548
1407	1667
1407	2301
1407	1622
1407	2637
1407	2394
1407	2824
1408	2249
1408	2813
1409	1599
1409	1547
1410	1786
1411	2644
1411	1758
1411	2163
1412	1963
1412	1892
1412	2390
1412	1970
1413	2157
1414	1965
1414	1781
1414	3025
1414	2497
1414	2665
1414	2274
1415	2237
1415	1875
1415	2957
1416	1448
1416	3039
1416	2649
1417	2711
1417	2200
1417	2403
1417	3158
1417	2532
1418	2067
1418	2599
1419	2231
1419	3030
1420	2695
1422	2119
1422	2418
1423	2958
1423	1601
1423	2769
1423	3158
1423	1908
1424	2742
1425	2815
1425	3204
1426	1745
1426	2285
1426	2071
1426	1503
1426	2932
1426	2083
1426	2875
1426	2125
1426	1938
1426	2836
1426	1488
1426	2172
1426	2250
1427	3139
1427	2774
1428	2784
1428	2472
1428	2424
1428	2698
1429	3156
1429	1604
1429	1684
1429	2713
1429	2146
1430	2555
1431	2711
1431	2411
1432	2650
1432	1461
1432	2341
1432	2100
1432	2835
1432	3176
1432	1798
1433	3212
1433	2436
1434	1507
1434	1874
1435	1774
1435	3064
1435	1598
1435	2476
1436	1692
1438	3160
1438	1752
1439	3191
1439	2629
1439	3211
1439	2550
1439	2011
1439	2447
1439	1484
1440	2689
1440	1853
1441	2800
1442	2353
1442	2403
1443	1669
1443	2115
1445	1960
1445	2980
1446	1961
1446	3215
1446	2913
1446	2954
1446	2442
1446	2561
1448	3039
1448	2395
1449	1716
1450	1843
1450	3233
1450	2012
1451	3127
1452	1542
1452	2148
1452	1587
1452	1940
1452	2648
1452	2034
1452	2822
1453	2519
1454	1648
1455	1891
1455	2962
1455	3151
1455	2349
1455	2455
1455	1457
1457	1699
1457	2349
1457	2178
1457	1886
1457	3020
1457	2962
1457	3151
1457	2549
1457	2455
1457	1891
1457	1740
1457	2947
1457	2877
1457	1519
1457	3214
1457	2767
1457	2229
1457	2812
1457	1682
1457	1499
1457	2747
1457	2530
1458	1873
1458	2131
1458	2567
1458	2543
1458	2452
1458	2179
1458	3177
1458	2700
1458	2414
1458	1757
1458	2004
1458	2156
1458	1695
1458	2688
1459	1465
1459	1757
1459	1876
1461	2100
1461	2528
1461	2576
1461	1537
1461	2835
1462	1764
1462	2234
1464	2330
1464	2706
1465	1757
1465	1876
1467	1525
1468	2156
1468	2733
1468	3091
1468	1837
1468	2374
1468	2688
1469	2012
1470	2870
1470	1616
1470	1958
1470	2423
1470	2493
1470	2021
1470	2049
1470	2876
1470	1737
1470	2227
1471	3170
1472	2188
1473	2960
1473	2692
1473	1585
1473	3119
1473	1822
1473	2509
1474	3098
1475	2737
1475	2029
1475	1643
1475	2145
1475	2030
1476	2145
1476	2681
1476	1631
1476	2029
1476	1656
1476	1636
1476	2773
1478	1694
1478	1777
1478	2084
1478	1888
1478	2716
1479	2682
1479	2153
1479	2041
1480	1737
1481	2141
1481	3088
1481	1772
1481	3129
1481	2477
1482	2534
1482	1865
1482	2289
1482	2638
1482	2892
1482	2847
1482	2393
1482	2104
1482	2680
1482	3011
1484	1984
1484	2043
1484	3211
1484	2149
1484	2629
1484	2550
1484	2011
1484	1934
1484	3191
1484	2842
1484	2108
1484	2447
1485	2711
1485	2112
1485	2210
1485	3158
1485	1947
1485	2323
1487	2958
1487	1601
1487	1664
1488	1745
1488	2285
1488	2071
1488	1503
1488	2083
1488	2875
1488	2125
1488	1938
1488	2836
1488	2172
1489	2097
1489	3150
1489	2254
1489	3084
1489	1836
1489	1661
1490	1816
1490	2311
1490	1842
1490	2069
1492	2876
1492	2865
1493	3234
1493	2570
1495	1821
1495	1862
1495	2916
1496	2786
1496	1800
1498	2732
1498	2701
1498	2494
1498	1746
1498	2519
1499	1699
1499	2178
1499	1886
1499	3020
1499	2549
1499	1740
1499	2947
1499	2877
1499	1519
1499	3214
1499	2767
1499	2229
1499	2812
1499	1682
1499	2747
1499	2530
1500	1658
1500	3146
1500	1884
1500	2391
1500	2751
1500	3043
1501	1611
1501	2456
1501	1852
1501	2961
1502	3159
1502	2778
1502	2201
1503	1745
1503	2285
1503	2071
1503	2083
1503	2875
1503	2125
1503	1938
1503	2836
1503	2172
1504	3204
1504	2815
1505	2362
1507	1874
1509	2204
1509	2176
1509	3140
1510	2941
1510	3067
1510	2326
1510	2544
1510	2872
1510	2628
1510	1807
1510	2400
1510	1679
1510	2563
1510	2703
1512	1796
1512	2789
1512	1828
1512	2348
1512	2801
1512	3034
1512	2518
1512	1665
1512	1621
1512	2672
1512	2889
1513	3090
1513	2271
1515	2762
1516	1711
1516	1638
1516	2734
1517	2590
1517	1921
1517	2333
1517	2641
1517	1885
1518	2031
1519	1699
1519	2178
1519	1886
1519	3020
1519	2549
1519	1740
1519	2947
1519	2877
1519	3214
1519	2767
1519	2229
1519	2812
1519	1682
1519	2747
1519	2530
1520	2195
1521	2479
1521	3179
1521	1570
1521	3143
1521	2282
1521	2040
1521	2283
1522	2722
1523	3186
1523	2337
1524	1634
1524	1701
1524	2532
1524	2470
1524	2498
1524	2108
1524	2724
1524	2575
1524	1871
1524	1805
1524	2262
1525	2677
1526	1734
1526	2711
1526	2014
1526	2920
1526	3217
1526	3218
1526	1907
1526	1836
1527	3132
1527	2139
1527	3168
1528	2959
1528	2027
1528	2474
1529	1781
1529	2921
1529	2774
1529	3126
1530	1539
1530	2755
1530	1580
1530	1827
1530	1583
1531	2260
1532	2885
1532	1903
1532	2331
1535	1718
1535	3196
1535	2579
1535	2826
1535	1987
1535	2838
1535	3201
1535	2193
1535	1590
1535	3059
1535	2413
1535	2615
1535	1909
1536	2784
1536	2756
1536	1668
1536	2972
1536	2424
1536	3122
1536	2378
1537	3126
1537	2528
1537	2576
1537	2647
1537	3176
1537	2249
1537	2045
1537	2556
1537	2919
1537	2862
1538	2537
1538	1875
1538	1825
1538	2957
1539	2259
1539	1785
1539	2265
1539	2249
1539	2545
1539	2369
1540	1977
1540	3050
1540	1604
1540	2110
1541	2840
1542	3186
1542	1940
1542	2148
1543	2706
1544	2453
1544	1897
1544	2198
1544	2831
1544	3137
1546	2848
1546	2183
1547	1599
1548	1622
1548	1667
1548	1609
1548	2803
1548	3040
1548	2394
1548	2876
1548	2572
1548	1737
1548	1620
1548	2377
1548	2637
1551	1922
1551	1653
1551	2038
1551	2757
1551	2664
1551	2949
1551	3130
1551	1800
1552	1964
1552	2427
1552	3198
1552	2384
1552	2328
1553	2487
1553	1631
1554	2459
1554	2973
1554	2002
1555	2833
1555	2594
1556	2140
1557	1760
1557	3222
1557	2629
1557	2874
1557	2135
1557	2719
1557	3081
1557	1680
1557	1801
1557	1759
1557	3066
1557	2971
1558	1998
1560	2604
1561	2783
1562	2454
1563	2052
1563	1931
1564	1883
1564	2875
1564	2088
1565	3012
1565	1933
1565	3188
1565	2531
1565	2315
1565	1789
1565	2970
1565	1575
1565	1795
1566	3115
1567	2675
1567	3105
1569	3001
1569	2886
1569	2023
1569	2485
1569	1628
1569	2914
1569	2012
1569	2622
1569	1870
1569	2375
1569	2779
1569	2102
1569	1722
1570	3179
1570	3143
1570	2040
1571	1826
1572	2913
1572	2954
1572	2442
1572	2561
1573	2959
1573	2038
1573	2690
1573	2664
1573	3128
1574	2566
1575	1933
1575	3012
1575	3188
1575	2531
1575	2315
1575	2970
1576	1920
1576	2532
1576	2008
1576	3087
1576	1644
1577	2945
1577	1631
1578	1606
1578	2736
1580	2086
1580	1827
1580	2056
1580	3104
1580	2980
1580	1817
1580	1595
1580	1583
1581	1834
1581	2360
1582	2006
1582	2288
1583	2340
1583	2741
1583	2056
1583	2768
1583	1901
1583	3077
1583	2539
1583	3195
1584	1793
1584	1779
1585	1822
1585	2692
1585	3119
1586	1764
1587	2822
1588	2502
1589	2852
1590	1718
1590	3196
1590	3201
1590	2579
1590	2826
1590	2615
1590	2193
1590	2838
1590	1909
1591	2851
1591	1840
1591	2972
1592	2036
1592	1992
1593	2924
1593	2026
1593	2682
1594	3150
1595	3104
1596	3111
1598	1774
1598	3064
1598	2476
1599	2292
1600	3164
1600	2091
1600	3148
1600	2189
1601	2958
1601	3169
1601	1664
1601	2769
1601	2532
1601	1908
1601	3056
1602	2191
1602	3024
1602	3204
1602	2815
1602	2045
1602	3213
1602	2967
1602	2101
1603	1961
1603	2954
1603	2442
1603	1741
1604	1977
1604	3050
1604	1750
1604	2110
1604	1910
1604	2186
1604	2713
1604	2146
1605	1936
1606	2224
1606	2078
1606	3205
1606	2736
1606	2164
1607	2188
1607	1641
1608	2032
1608	2894
1608	2207
1609	3040
1609	2572
1609	1798
1609	2637
1610	2272
1610	2262
1610	2802
1610	2532
1610	3181
1610	2346
1610	1657
1611	3098
1611	1842
1611	2456
1611	1852
1611	1691
1611	2961
1611	2850
1612	1791
1613	3014
1613	2625
1613	2830
1613	1839
1613	1659
1613	3100
1613	2709
1613	3230
1613	1880
1613	1768
1613	1832
1613	2614
1613	1823
1613	1803
1613	2296
1614	1808
1614	1712
1614	2775
1615	2771
1615	1926
1615	2431
1615	2564
1615	2132
1615	2918
1616	2227
1617	2855
1617	2781
1617	2321
1617	2703
1617	2582
1618	2867
1618	2959
1619	2082
1619	1761
1619	2939
1619	2350
1619	3135
1620	1622
1620	1667
1620	2803
1620	2876
1620	2637
1621	1796
1621	2789
1621	2801
1621	2889
1622	1667
1622	2301
1622	2803
1622	2876
1622	1737
1622	2637
1623	3034
1623	2734
1625	2780
1625	3150
1626	2000
1627	2634
1627	2602
1627	1838
1627	2471
1628	3001
1628	1870
1628	2485
1629	1677
1629	2888
1630	2347
1630	1773
1631	2958
1631	1838
1631	2769
1631	1848
1631	3018
1631	1636
1631	1724
1631	2773
1631	2945
1631	2065
1631	2500
1631	2487
1631	2763
1631	2573
1631	3218
1631	1908
1631	3120
1632	1843
1632	2419
1633	2678
1634	1701
1634	2532
1634	2470
1634	2498
1634	2108
1634	2724
1634	2575
1634	1871
1634	1805
1634	2262
1635	2578
1635	1753
1636	2983
1636	3207
1636	2029
1636	1656
1636	2773
1637	2373
1637	2712
1637	1720
1637	2397
1637	2325
1637	2849
1637	1847
1637	1918
1637	2428
1638	2584
1638	1711
1638	2734
1639	2012
1640	1949
1640	2458
1641	2188
1643	3185
1643	2737
1643	2029
1643	2145
1643	2030
1644	2008
1645	2235
1646	1752
1647	3028
1647	3182
1648	1652
1648	1680
1648	2920
1648	2408
1648	3218
1648	2177
1648	2495
1648	3009
1648	2899
1648	1836
1649	2064
1649	2696
1649	1969
1650	1962
1650	3126
1650	1765
1650	2693
1651	1959
1651	2093
1651	2685
1651	1700
1651	2407
1651	3153
1651	2686
1651	2106
1651	2657
1653	1922
1653	2757
1653	3130
1653	1800
1655	2058
1655	2969
1655	2342
1655	1721
1656	2145
1656	2615
1656	3207
1656	2029
1657	2272
1657	2262
1657	2802
1657	2532
1657	3181
1657	2346
1659	2614
1659	1768
1659	1823
1659	1880
1659	1839
1659	2625
1659	1803
1659	2296
1659	2709
1659	2830
1659	1832
1660	1769
1660	2959
1660	2038
1660	2274
1661	2097
1661	3150
1661	2254
1661	2926
1661	3084
1661	1836
1663	3099
1663	2197
1663	2893
1663	1838
1663	3183
1664	2958
1664	2073
1665	2348
1665	3107
1665	3118
1666	2839
1666	3114
1666	2497
1666	2976
1666	2162
1666	2591
1666	3236
1666	2463
1666	2652
1666	2878
1666	2726
1667	1673
1667	3068
1667	2934
1667	2876
1667	1737
1667	2611
1667	2637
1667	2803
1667	2394
1667	1898
1668	2784
1668	2424
1668	3122
1668	2378
1669	2516
1669	1678
1669	2370
1669	2137
1669	2541
1669	2115
1669	3120
1670	2938
1670	1743
1671	2012
1672	2645
1672	2600
1673	3068
1674	2887
1675	2247
1675	2959
1675	1738
1676	3193
1677	2888
1678	2541
1678	3120
1679	2563
1679	2703
1679	2872
1680	2298
1680	2459
1680	1760
1680	2238
1680	3222
1680	2629
1680	2874
1680	2719
1680	1928
1680	1704
1680	3009
1680	2369
1680	2012
1680	2920
1680	3051
1680	1994
1680	1801
1680	3218
1680	3066
1680	2971
1680	1836
1681	3107
1682	1699
1682	2178
1682	1886
1682	3020
1682	2549
1682	1740
1682	2947
1682	2877
1682	3214
1682	2767
1682	2229
1682	2812
1682	2747
1682	2530
1683	1730
1684	2869
1684	2003
1684	2723
1685	3058
1686	2881
1686	2890
1686	3115
1686	2883
1687	1834
1687	2912
1689	2407
1689	3179
1689	2642
1689	2107
1689	3071
1690	2160
1690	3117
1690	3044
1690	2319
1690	3232
1690	2859
1690	2430
1690	2792
1690	1818
1690	2486
1690	2244
1691	2961
1691	3098
1691	1842
1691	2850
1692	1989
1692	2007
1692	2225
1692	2476
1693	2984
1694	1777
1695	2700
1695	2131
1695	2414
1695	2567
1695	2543
1696	2055
1696	3194
1696	2037
1696	1930
1696	2637
1697	2584
1697	2673
1697	1949
1697	3167
1697	2274
1699	2178
1699	1886
1699	3020
1699	2549
1699	1740
1699	2947
1699	2877
1699	3214
1699	2767
1699	2229
1699	2812
1699	2747
1699	2530
1700	1959
1700	2093
1700	2685
1700	2407
1700	3153
1700	2686
1700	2106
1700	2657
1701	2532
1701	2470
1701	2498
1701	2108
1701	2724
1701	2575
1701	1871
1701	1805
1701	2262
1703	3165
1703	2841
1703	2853
1704	2459
1704	2903
1706	1980
1708	2217
1708	1941
1708	3002
1708	2506
1708	2925
1708	2670
1708	3078
1708	2467
1708	1864
1708	1726
1708	1919
1708	2443
1708	2279
1708	1996
1708	2923
1709	1821
1709	2008
1709	1841
1710	2406
1710	2089
1710	2571
1710	2551
1710	3195
1711	2734
1712	1808
1712	2775
1713	1967
1713	3165
1713	2115
1714	3097
1714	2734
1714	2320
1714	2720
1714	1976
1715	3010
1715	2354
1715	2759
1715	2822
1716	2188
1717	2063
1717	2379
1718	3196
1718	2579
1718	2826
1718	1987
1718	2838
1718	3201
1718	2193
1718	3059
1718	2413
1718	2615
1718	1909
1719	2866
1720	2373
1720	2712
1720	2397
1720	2325
1720	2849
1720	1847
1720	1918
1720	2428
1721	2058
1721	2969
1721	2342
1722	2023
1722	2914
1722	2779
1723	2777
1724	2573
1724	1848
1726	2217
1726	1919
1726	1941
1726	2925
1726	3002
1726	2443
1726	2670
1726	1996
1726	2506
1726	3078
1726	2467
1726	1864
1726	2923
1728	2604
1729	2272
1729	1957
1729	2532
1730	1927
1730	2354
1731	2711
1732	2764
1732	2671
1732	1890
1733	2118
1733	2202
1735	2517
1735	2881
1735	2776
1736	2776
1737	2789
1737	2870
1737	1958
1737	3124
1737	2423
1737	2493
1737	2049
1737	2301
1737	2426
1737	3118
1737	2637
1737	2394
1738	1781
1738	1814
1738	1962
1738	3126
1738	2738
1739	2676
1740	2178
1740	1886
1740	3020
1740	2549
1740	2947
1740	2877
1740	3214
1740	2767
1740	2229
1740	2812
1740	2747
1740	2530
1741	1961
1741	2954
1741	2442
1742	2954
1742	2442
1742	2281
1742	2592
1742	2561
1743	3165
1743	2938
1745	2285
1745	2071
1745	2083
1745	2875
1745	2125
1745	1938
1745	2836
1745	2172
1746	2701
1748	3019
1749	2057
1750	1910
1751	2959
1752	2635
1753	2578
1754	1913
1757	1873
1757	1762
1757	1876
1757	2452
1757	2179
1757	3177
1757	1953
1757	2004
1757	2359
1757	2156
1757	2529
1757	2553
1757	2688
1758	2644
1758	2163
1759	3222
1759	2629
1759	2874
1759	1760
1759	2719
1759	1800
1760	3222
1760	2629
1760	2874
1760	2719
1760	1801
1760	3066
1760	2971
1761	2082
1761	2173
1761	2735
1761	3065
1761	2939
1761	2350
1761	2274
1761	2127
1761	3135
1762	1953
1762	2529
1763	2492
1763	3060
1763	1834
1764	1986
1764	1857
1764	1991
1764	2234
1765	2693
1766	2965
1766	2430
1766	2046
1767	2874
1767	2804
1767	1776
1767	2020
1768	2625
1768	2830
1768	1839
1768	2709
1768	1880
1768	2524
1768	1832
1768	2614
1768	1823
1768	1803
1768	2041
1768	2296
1769	2959
1770	2314
1770	2161
1770	3008
1771	2347
1771	3085
1772	2141
1772	3088
1773	2347
1773	2818
1774	3064
1774	2476
1775	1937
1775	2912
1776	2082
1776	2637
1778	2795
1778	3053
1778	2991
1778	3026
1778	2705
1778	2508
1778	3075
1778	2119
1778	2000
1779	1793
1780	2674
1780	2033
1780	2310
1780	2164
1780	2773
1781	2921
1781	2774
1781	1814
1781	3126
1781	2738
1782	2820
1783	1872
1785	2545
1786	2552
1786	2581
1786	2478
1787	3006
1787	2445
1787	2261
1788	2407
1788	3179
1788	2457
1788	1809
1790	3134
1791	2459
1791	2873
1791	3225
1791	2731
1791	1981
1792	2730
1792	1867
1794	2036
1796	2801
1797	1855
1797	2017
1798	3216
1798	3040
1798	2383
1799	3027
1800	1922
1800	3161
1800	2757
1800	3130
1800	2786
1800	2639
1801	2238
1801	3222
1801	2629
1801	2874
1801	2719
1801	3066
1801	2971
1802	2945
1802	2906
1803	2625
1803	2830
1803	1839
1803	2709
1803	1880
1803	2524
1803	1832
1803	2614
1803	1823
1803	2041
1803	2296
1805	2532
1805	2470
1805	2498
1805	2108
1805	2724
1805	2575
1805	1871
1805	2262
1806	2527
1807	2544
1807	3067
1807	2326
1807	2512
1807	2628
1808	2386
1808	2775
1808	2104
1809	3179
1809	2457
1811	2745
1812	2631
1812	2322
1813	2995
1813	2252
1813	1838
1813	2164
1814	3126
1814	2738
1816	2311
1816	1842
1816	2069
1817	2306
1817	3104
1818	3117
1818	2319
1818	3232
1818	2859
1818	2430
1818	2792
1818	2244
1819	2152
1821	1862
1821	2008
1821	1841
1822	2554
1822	2929
1822	2692
1822	3119
1823	2940
1823	2625
1823	2830
1823	1839
1823	2709
1823	2077
1823	1880
1823	2039
1823	2524
1823	1832
1823	2614
1823	2041
1823	2296
1824	2595
1825	2537
1825	1875
1825	2957
1826	3031
1828	2518
1828	2672
1829	2298
1829	2339
1829	2644
1829	2163
1831	2815
1832	2614
1832	1880
1832	1839
1832	2625
1832	2296
1832	2709
1832	2830
1834	2360
1834	2912
1834	3158
1835	2510
1835	2636
1836	3004
1836	2097
1836	3150
1836	2205
1836	2254
1836	3009
1836	2126
1836	3178
1836	2920
1836	2055
1836	3084
1836	3218
1836	2951
1837	2733
1838	3099
1838	3016
1838	2593
1838	2602
1838	2241
1838	2105
1838	2484
1838	2634
1838	2197
1838	2099
1838	2065
1838	2471
1838	3095
1838	2763
1838	3062
1838	2893
1838	2092
1838	3183
1839	2614
1839	1880
1839	2625
1839	2296
1839	2709
1839	2830
1840	2851
1840	2460
1840	1899
1840	2538
1840	2972
1841	2008
1842	2311
1842	2961
1842	2850
1842	3098
1842	2069
1843	2758
1843	2546
1843	1955
1843	3233
1843	2419
1843	2850
1843	2012
1844	2810
1844	1867
1845	1901
1847	2373
1847	2712
1847	2397
1847	2325
1847	2849
1847	1918
1847	2428
1849	2144
1849	2258
1849	3060
1850	3009
1850	2496
1851	2025
1852	2456
1852	2961
1853	2689
1854	2117
1856	2276
1856	2884
1858	3184
1858	2204
1858	2785
1858	2218
1858	1993
1858	2277
1859	2694
1859	1874
1860	2024
1861	3020
1862	2284
1862	2182
1862	3218
1862	2008
1863	1935
1864	2217
1864	1919
1864	1941
1864	2925
1864	3002
1864	2443
1864	2670
1864	1996
1864	2506
1864	3078
1864	2467
1864	2923
1866	2298
1866	2166
1867	2730
1867	2810
1868	2577
1868	2897
1869	2596
1870	3001
1870	2901
1870	2562
1870	1914
1870	2485
1870	2343
1870	2466
1870	3200
1870	2966
1871	2532
1871	2470
1871	2498
1871	2108
1871	2724
1871	2575
1871	2262
1872	2750
1872	2633
1872	2882
1872	2327
1872	2663
1872	2955
1872	2365
1872	3005
1873	3177
1873	2156
1873	2688
1873	2179
1873	2452
1873	2004
1874	2740
1874	2702
1874	3160
1874	2694
1874	2335
1875	2237
1875	1923
1875	2361
1875	2537
1875	2169
1875	2957
1876	2359
1876	2529
1876	2158
1878	2966
1878	2843
1879	1990
1879	3029
1879	2450
1879	2234
1880	2614
1880	2625
1880	2296
1880	2709
1880	2830
1881	3180
1882	2711
1882	2411
1884	2985
1884	2016
1884	3043
1884	1944
1885	2590
1886	2178
1886	3020
1886	2549
1886	2947
1886	2877
1886	3214
1886	2767
1886	2229
1886	2812
1886	2747
1886	2530
1887	2324
1887	2752
1889	2439
1889	2669
1890	2764
1890	2671
1891	2962
1891	3151
1891	2349
1891	2455
1892	1970
1892	1917
1892	1963
1892	2759
1892	2012
1893	2480
1893	3218
1894	1966
1894	3038
1894	2993
1894	2659
1894	2533
1894	1948
1895	2215
1897	2453
1897	2198
1897	2831
1897	3137
1898	2687
1898	2754
1899	2851
1899	2460
1899	2887
1899	2538
1899	2972
1900	2621
1900	3186
1900	2456
1900	2337
1900	2034
1901	2298
1901	2339
1901	3093
1901	3052
1901	3077
1901	3233
1902	2715
1903	2885
1906	3021
1908	2958
1908	1960
1908	3107
1908	2777
1908	2769
1908	3158
1908	1947
1909	3196
1909	2579
1909	2826
1909	1987
1909	2838
1909	3201
1909	2193
1909	3059
1909	2413
1909	2615
1911	1932
1913	2298
1913	2339
1913	3030
1914	2966
1915	2817
1916	2331
1917	2759
1917	2042
1917	3005
1918	2373
1918	2712
1918	2397
1918	2325
1918	2849
1918	2428
1919	2217
1919	1941
1919	2925
1919	3002
1919	2443
1919	2670
1919	2506
1919	2467
1922	2038
1922	2757
1922	2664
1922	2949
1922	3130
1924	2262
1925	2798
1925	2239
1925	2262
1926	2564
1927	2354
1929	2116
1930	2055
1930	3194
1930	2037
1930	2637
1931	2052
1932	3175
1932	2728
1932	2245
1933	3012
1933	3188
1933	2531
1933	2315
1933	2970
1934	1984
1934	2043
1934	2149
1934	2629
1934	2550
1934	2011
1934	3191
1934	2842
1934	2108
1934	2447
1935	3082
1937	2912
1938	2285
1938	2071
1938	2083
1938	2875
1938	2125
1938	2836
1938	2172
1940	2148
1940	3186
1940	2648
1940	2034
1940	2822
1941	2217
1941	2925
1941	3002
1941	2443
1941	2670
1941	1996
1941	2506
1941	3078
1941	2467
1941	2923
1942	2515
1942	2547
1942	2911
1942	2822
1943	2815
1944	2985
1944	2016
1945	3085
1946	2220
1946	2896
1947	3107
1947	2777
1947	3158
1948	1966
1948	3038
1948	2659
1948	2533
1948	2993
1949	2584
1949	2673
1949	2458
1949	2708
1949	2835
1949	2356
1949	2274
1950	2495
1950	2240
1953	2529
1954	2807
1954	2913
1954	2529
1954	2051
1955	2546
1955	2758
1956	2159
1957	2272
1957	2532
1958	2870
1958	2426
1958	3118
1958	3124
1959	2093
1959	2685
1959	2407
1959	3153
1959	2686
1959	2106
1959	2657
1960	2958
1960	2980
1960	3158
1961	2221
1961	3215
1961	2913
1961	2954
1961	2442
1961	2387
1961	2561
1962	3126
1962	3166
1963	1970
1964	2427
1964	3198
1964	2384
1964	2328
1966	3038
1966	2993
1966	2659
1966	2533
1967	3165
1968	2894
1970	2260
1971	2630
1971	2776
1971	2450
1971	2919
1976	3097
1976	2734
1976	2320
1976	2720
1976	2710
1976	3083
1977	3050
1977	2110
1978	2350
1978	2274
1978	2817
1979	2651
1979	2822
1980	2483
1981	2459
1981	2873
1981	3225
1981	2731
1982	2694
1982	2787
1982	2215
1983	2188
1983	3121
1984	2043
1984	2149
1984	2629
1984	2550
1984	2011
1984	3191
1984	2842
1984	2108
1984	2447
1985	2927
1985	2067
1986	2155
1986	1991
1987	3196
1987	3059
1987	2826
1987	2413
1987	2615
1987	2838
1988	3226
1988	2822
1989	2476
1989	2225
1989	2007
1990	3029
1990	2450
1992	2226
1992	2036
1993	3184
1993	2204
1993	2785
1993	2218
1993	2277
1994	3009
1995	2975
1996	2217
1996	2443
1996	2670
1996	2506
1996	3078
1996	2467
1996	2923
1997	2140
1997	2607
1999	3210
1999	2133
1999	2809
1999	2441
1999	2147
2000	2339
2000	2991
2000	2705
2000	2151
2001	2935
2001	2257
2002	2459
2002	2973
2003	2723
2003	2869
2004	3177
2004	2156
2004	2688
2004	2179
2004	2452
2005	2800
2006	2109
2006	2989
2006	2288
2007	2476
2007	2225
2008	3142
2008	2532
2009	2492
2010	3055
2011	2043
2011	3211
2011	2149
2011	2629
2011	2550
2011	3191
2011	2842
2011	2108
2011	2447
2012	3000
2012	2263
2012	2143
2012	2626
2012	2850
2012	2019
2012	3125
2012	2604
2012	2369
2012	2907
2012	2222
2012	2128
2012	2211
2012	3233
2012	3103
2012	2375
2012	2779
2013	2348
2014	3009
2016	2985
2018	2196
2018	2149
2018	2206
2018	3061
2018	2832
2018	3094
2018	2683
2018	2154
2020	2804
2021	2876
2022	2779
2022	2343
2023	2914
2023	2779
2025	2103
2025	2449
2026	2924
2026	2682
2027	2959
2027	2474
2028	2637
2029	3207
2029	2737
2029	2145
2029	2030
2030	2737
2030	2145
2032	2894
2033	2674
2033	3158
2033	2871
2033	2310
2034	2621
2034	3186
2034	2337
2034	2648
2034	2822
2036	2226
2036	2892
2036	2393
2037	2055
2037	3194
2037	2637
2038	2959
2038	2690
2038	2664
2038	3128
2038	2274
2038	2949
2039	2940
2039	2077
2040	3179
2040	3143
2041	2682
2041	2153
2041	2524
2041	2830
2042	3005
2043	2149
2043	2629
2043	2550
2043	3191
2043	2842
2043	2108
2043	2447
2045	2517
2045	2191
2045	3024
2045	3204
2045	2815
2045	2249
2045	2164
2046	2430
2046	2965
2048	2906
2049	2942
2049	2662
2050	2491
2051	2807
2051	2913
2051	2529
2052	3032
2053	2526
2053	3022
2053	2585
2054	2797
2054	2342
2054	2287
2055	2341
2055	3194
2055	2637
2055	2765
2055	2951
2058	2969
2058	2981
2058	3173
2058	2342
2058	2364
2059	2175
2061	2845
2061	2197
2062	2065
2062	2548
2063	2379
2064	2779
2065	2763
2065	2300
2066	3007
2067	2927
2067	2599
2067	3171
2067	3154
2068	2298
2068	3042
2068	2834
2069	2704
2069	2311
2069	2450
2069	2121
2069	3017
2069	2961
2069	2850
2069	2213
2070	2242
2071	2618
2071	2285
2071	3221
2071	2083
2071	2875
2071	2125
2071	2836
2071	2172
2071	2270
2072	3149
2072	3127
2072	2950
2073	2251
2073	2150
2074	2772
2075	2770
2075	2527
2077	2940
2077	2609
2077	2136
2077	2235
2078	2224
2078	2489
2078	3205
2080	3150
2081	2651
2082	2173
2082	2939
2082	2350
2082	3135
2083	2285
2083	2875
2083	2125
2083	2836
2083	2172
2084	2295
2084	2716
2085	2861
2086	2175
2086	3104
2086	2503
2088	2875
2089	2406
2089	2571
2089	2551
2089	3195
2090	2840
2091	3164
2091	3148
2091	2189
2092	2484
2092	3062
2092	2099
2092	2241
2092	3016
2092	2105
2092	2593
2092	3183
2092	3095
2093	2685
2093	2407
2093	3153
2093	2686
2093	2106
2093	2657
2094	2170
2097	3150
2097	2254
2097	3084
2098	2906
2098	2612
2098	2522
2099	2484
2099	3062
2099	2241
2099	3016
2099	2105
2099	2593
2099	3183
2099	3095
2100	2835
2101	2967
2101	3213
2102	2779
2103	3101
2103	2449
2104	2289
2104	2847
2104	2386
2104	2666
2104	2783
2105	2484
2105	3062
2105	2241
2105	3016
2105	2593
2105	3183
2105	3095
2106	2685
2106	2407
2106	3153
2106	2686
2106	2657
2107	2407
2107	3179
2107	2642
2107	3071
2108	2532
2108	2149
2108	2629
2108	2550
2108	3191
2108	2842
2108	2470
2108	2498
2108	2724
2108	2575
2108	2447
2108	2262
2109	2989
2109	2288
2110	3050
2111	2312
2113	2386
2113	2395
2114	2503
2114	2952
2115	2861
2115	3165
2115	2344
2115	2723
2117	2502
2117	3102
2118	2202
2119	2795
2119	2134
2119	3026
2119	2508
2119	2418
2120	3174
2120	2250
2122	3149
2122	2910
2122	2293
2123	2827
2123	3033
2123	2403
2124	2278
2125	2285
2125	2875
2125	2836
2125	2172
2126	3178
2128	2211
2128	2907
2130	2693
2131	2700
2131	2414
2131	2567
2131	2543
2132	2771
2132	2564
2132	2431
2133	3210
2133	2809
2133	2441
2133	2147
2135	3222
2135	2629
2135	2874
2135	3081
2136	2609
2136	2235
2137	3120
2138	2946
2138	2819
2139	2233
2139	2275
2139	3168
2141	2200
2141	3088
2142	3213
2144	2258
2144	3060
2145	2737
2146	2713
2147	3210
2147	2809
2147	2441
2148	2234
2148	2377
2149	2629
2149	2206
2149	2550
2149	2832
2149	2683
2149	3191
2149	2196
2149	2842
2149	3061
2149	3094
2149	2154
2149	2447
2151	2777
2151	3172
2153	2682
2154	2196
2154	2206
2154	3061
2154	2832
2154	3094
2154	2683
2156	3177
2156	2688
2156	2179
2156	2452
2159	2868
2159	3202
2159	2999
2159	3213
2159	2410
2159	2613
2160	3044
2160	2319
2161	2314
2161	3008
2162	2839
2162	3114
2162	2497
2162	2976
2162	2591
2162	3236
2162	2463
2162	2652
2162	2878
2162	2726
2163	2339
2163	2644
2163	2185
2164	2191
2164	2730
2164	2224
2164	2995
2164	2252
2165	3231
2166	2298
2167	2919
2167	3216
2168	2416
2169	2361
2169	2715
2172	2285
2172	2875
2172	2836
2173	2939
2175	2944
2175	2503
2176	2204
2176	3140
2178	3020
2178	2549
2178	2947
2178	2877
2178	3214
2178	2767
2178	2229
2178	2812
2178	2747
2178	2530
2179	3177
2179	2553
2179	2688
2179	2452
2180	3158
2183	3057
2183	2848
2183	2559
2185	2308
2185	3030
2187	2440
2187	2918
2188	3121
2188	3003
2188	3049
2189	3164
2189	3148
2190	3200
2190	2466
2191	3024
2191	3204
2191	2815
2193	3196
2193	3201
2193	2579
2193	2826
2193	2615
2193	2838
2196	2206
2196	3061
2196	2832
2196	3094
2196	2683
2197	3099
2197	2845
2197	2893
2197	3183
2198	2453
2198	2831
2198	3137
2199	2676
2200	2711
2200	2403
2201	3159
2201	2778
2203	2227
2204	3184
2204	2785
2204	3140
2204	2218
2204	2277
2205	3178
2206	3061
2206	2832
2206	3094
2206	2683
2207	2894
2210	2323
2211	2907
2212	3158
2213	2850
2213	2704
2215	2787
2215	2694
2216	2304
2216	2504
2216	2587
2216	2610
2217	2925
2217	3002
2217	2443
2217	2670
2217	2506
2217	3078
2217	2467
2217	2923
2218	3184
2218	2785
2218	2277
2220	2896
2221	2954
2221	2387
2222	2655
2222	2232
2222	2375
2223	3176
2224	3205
2225	2476
2228	2389
2228	2998
2229	3020
2229	2549
2229	2947
2229	2877
2229	3214
2229	2767
2229	2812
2229	2747
2229	2530
2230	2754
2231	3218
2232	2655
2233	3168
2234	2558
2234	2377
2235	2609
2236	2477
2237	2936
2237	2957
2238	3222
2238	2874
2238	2629
2238	2971
2239	2798
2239	2262
2240	2495
2241	2484
2241	3062
2241	3016
2241	2593
2241	3183
2241	3095
2242	2986
2244	3117
2244	2319
2244	3232
2244	2859
2247	2959
2249	2881
2249	2813
2250	2875
2250	2932
2250	3174
2252	2995
2254	3150
2254	3084
2255	2693
2257	2935
2258	3060
2259	2265
2261	3006
2261	2445
2261	3080
2262	2272
2262	3172
2262	2532
2262	2798
2262	2470
2262	2498
2262	3181
2262	2724
2262	3054
2262	2802
2262	2575
2262	3219
2262	2346
2263	2744
2263	2958
2263	3150
2263	3127
2263	3100
2263	2950
2264	2577
2264	2739
2267	2749
2268	3019
2268	3035
2269	2606
2270	3221
2271	3090
2272	2802
2272	2532
2272	3181
2272	2346
2274	2665
2274	2943
2274	2350
2274	2584
2274	2735
2274	2632
2274	2497
2274	3025
2274	2673
2274	3065
2276	2884
2277	3184
2277	2785
2279	3078
2279	2670
2280	2646
2281	2442
2281	2592
2282	2479
2282	2283
2283	2479
2284	3218
2285	2875
2285	2836
2286	2697
2286	2637
2287	2797
2287	2342
2288	2989
2289	2847
2290	2409
2293	3149
2293	2910
2294	2723
2294	2996
2296	2614
2296	2625
2296	2709
2296	2830
2297	2640
2298	2339
2298	2425
2298	2834
2298	3042
2298	3030
2299	3179
2301	2637
2302	2823
2303	2382
2303	2338
2303	3172
2304	2504
2304	2587
2304	2610
2306	2978
2306	2525
2307	3134
2308	2898
2308	3030
2309	2637
2310	2674
2314	3008
2315	3012
2315	3188
2315	2531
2315	2970
2316	2928
2316	2598
2317	3015
2317	2481
2317	2866
2318	2953
2319	3117
2319	3044
2319	2859
2319	2430
2319	2792
2319	2486
2320	3097
2320	2734
2320	2720
2320	2710
2320	3083
2321	2855
2321	2781
2321	2703
2321	2652
2321	2582
2322	2631
2324	2752
2325	2373
2325	2712
2325	2397
2325	2849
2325	2428
2326	3067
2326	2544
2326	2628
2327	2663
2328	2427
2328	3198
2328	2384
2329	3100
2330	2432
2330	2706
2332	2368
2334	3162
2335	2702
2336	2800
2336	2352
2336	2828
2337	2621
2337	3186
2337	2456
2338	2382
2338	2568
2338	2379
2339	2644
2339	2960
2339	3030
2340	2846
2341	2650
2341	2835
2342	2797
2342	2711
2342	2969
2342	2981
2342	3173
2342	2364
2343	2901
2343	2485
2343	2779
2344	2723
2344	2861
2345	2511
2345	2814
2346	2802
2346	2532
2346	3181
2347	2988
2347	3085
2347	2818
2348	3118
2349	2962
2349	3151
2349	2455
2350	2735
2350	3065
2350	2939
2350	2796
2350	3135
2351	2679
2351	2693
2353	2403
2354	2759
2356	2708
2359	2529
2363	2998
2364	3173
2364	2981
2366	2577
2367	3155
2371	3162
2373	2712
2373	2397
2373	2849
2373	2428
2374	3091
2375	2779
2376	3165
2376	2853
2378	2784
2378	2756
2378	2424
2378	3122
2378	2972
2379	3076
2379	2743
2379	2568
2381	2958
2381	3038
2381	2659
2383	3040
2384	2427
2384	3198
2385	3019
2385	2436
2386	3069
2386	2392
2386	2395
2386	2535
2387	2954
2388	3096
2389	2998
2389	2446
2391	3146
2392	2535
2393	2892
2396	3109
2396	2971
2397	2712
2397	2849
2397	2428
2400	2941
2402	2748
2403	2827
2403	3033
2404	2641
2404	2992
2405	2597
2406	2571
2406	2551
2406	3195
2407	2791
2407	2642
2407	3071
2407	3153
2407	2657
2407	2685
2407	3179
2407	3041
2407	2686
2409	2953
2411	2711
2412	2875
2413	3196
2413	3059
2413	2826
2413	2615
2413	2838
2414	2700
2414	2567
2414	2543
2416	3113
2420	2874
2421	2580
2422	3221
2423	2493
2424	3122
2424	2756
2424	2972
2424	2698
2424	2784
2424	2472
2427	3198
2428	2712
2428	2849
2429	2496
2431	2771
2432	2706
2433	2870
2434	2948
2434	2933
2435	2711
2436	3212
2436	2837
2436	2511
2436	3019
2437	2616
2437	2800
2437	2581
2438	2542
2438	2589
2439	2669
2441	3210
2441	2809
2442	2913
2442	2592
2442	2954
2442	2561
2442	3215
2443	2925
2443	3002
2443	2670
2443	2506
2443	3078
2443	2467
2443	2923
2444	2649
2445	3006
2446	2998
2447	3211
2447	2629
2447	2550
2447	3191
2447	2842
2450	2919
2450	2704
2450	2461
2450	3029
2450	2776
2450	2835
2450	3017
2450	2850
2452	3177
2452	3107
2452	3070
2452	2619
2452	2688
2452	2721
2453	2831
2453	3137
2454	2867
2454	2585
2455	2962
2455	3151
2456	3186
2456	2961
2457	3179
2459	2873
2459	2973
2459	3225
2459	2731
2459	2937
2460	2851
2460	2538
2460	2972
2461	2704
2461	3017
2461	2850
2463	2839
2463	3114
2463	2497
2463	2976
2463	2591
2463	3236
2463	2652
2463	2878
2463	2726
2466	3200
2467	2925
2467	3002
2467	2670
2467	2506
2467	3078
2467	2923
2468	2876
2469	3127
2470	2532
2470	2498
2470	2724
2470	2575
2471	2634
2471	2602
2472	2784
2472	2698
2473	2651
2476	3064
2477	3129
2478	2552
2480	3218
2480	2860
2481	2866
2484	3062
2484	3016
2484	2593
2484	3183
2484	3095
2485	3001
2485	2886
2485	2901
2485	2562
2494	2519
2494	2949
2495	2899
2497	2665
2497	2976
2497	2519
2497	2652
2497	2839
2497	3114
2497	2726
2497	2632
2497	3206
2497	2878
2497	3025
2497	2591
2497	3236
2498	2532
2498	2724
2498	2575
2500	2557
2502	3102
2503	2952
2504	2587
2504	2610
2506	2925
2506	3002
2506	2670
2506	3078
2506	2923
2508	2795
2508	3026
2509	3103
2511	2814
2511	2806
2512	3126
2517	2881
2517	2776
2518	2672
2519	2800
2519	3022
2519	3206
2521	2840
2522	2612
2522	2906
2524	2830
2525	2978
2526	2800
2526	3022
2526	2585
2527	2770
2528	2576
2529	2913
2530	3020
2530	2549
2530	2947
2530	2877
2530	3214
2530	2767
2530	2812
2530	2747
2531	3012
2531	3188
2531	2970
2532	3172
2532	3056
2532	3142
2532	3181
2532	2724
2532	3054
2532	2802
2532	2575
2532	3219
2533	3038
2533	2993
2533	2659
2534	2638
2536	2864
2536	3144
2537	2957
2538	2851
2538	2972
2539	2768
2539	3116
2540	2699
2541	3120
2542	2589
2543	2700
2543	2567
2544	3067
2544	2628
2546	2758
2547	2822
2549	3020
2549	2947
2549	2877
2549	3214
2549	2767
2549	2812
2549	2747
2550	3211
2550	2629
2550	3191
2550	2842
2551	2571
2551	3195
2552	2581
2552	3203
2554	2929
2555	2783
2556	2919
2556	2862
2559	2848
2561	3215
2561	2913
2561	2954
2563	2703
2563	2872
2565	3227
2567	2700
2570	3234
2570	3089
2571	3195
2572	3040
2572	2637
2575	2724
2576	3126
2576	3176
2577	2739
2577	3197
2577	2897
2579	3196
2579	3201
2579	2826
2579	2615
2579	2838
2581	2616
2581	3203
2582	2855
2582	2781
2582	2703
2583	2874
2583	3226
2584	2673
2584	3167
2585	3022
2587	2610
2588	3235
2591	2839
2591	3114
2591	2976
2591	3236
2591	2652
2591	2878
2591	2726
2593	3062
2593	3016
2593	3183
2593	3095
2594	2833
2598	2928
2600	2645
2601	2790
2602	2634
2603	2649
2603	3146
2604	2762
2611	2876
2612	2906
2614	2625
2614	2709
2614	2830
2615	3196
2615	2826
2615	2838
2615	3201
2615	3059
2616	2800
2617	2649
2619	3070
2619	2721
2621	3186
2622	3001
2623	2854
2625	2709
2625	2830
2626	3106
2626	2805
2626	3103
2627	2897
2628	3067
2629	3211
2629	3222
2629	2874
2629	2719
2629	3081
2629	3191
2629	2842
2629	3066
2629	2971
2632	3025
2632	2665
2633	2750
2633	2955
2633	3005
2637	2697
2637	2876
2637	3040
2637	3194
2637	2803
2637	2766
2641	2992
2642	3179
2642	3071
2643	2937
2648	2822
2649	3146
2650	3208
2651	3229
2652	2976
2652	2839
2652	3114
2652	2726
2652	2878
2652	2703
2652	3236
2654	2930
2657	2685
2657	3153
2657	2686
2658	3131
2659	2958
2659	3038
2659	2993
2660	2902
2664	2959
2664	2690
2664	3128
2664	2949
2665	3025
2666	2783
2670	3002
2670	2925
2670	3078
2670	2923
2671	2764
2673	3167
2674	3107
2675	3206
2675	3105
2679	2693
2682	2924
2683	3061
2683	2832
2683	3094
2684	2701
2685	3153
2685	2686
2686	3153
2687	2754
2688	3177
2690	2959
2690	3128
2691	2863
2692	3119
2694	2787
2698	2784
2699	3107
2699	3100
2701	2732
2701	2762
2703	2781
2703	2872
2703	2855
2704	3017
2704	2850
2707	2773
2709	2830
2710	2720
2710	3083
2711	3107
2711	3158
2712	2849
2718	2735
2718	3065
2719	3222
2719	2874
2719	3066
2719	2971
2720	3097
2720	2734
2720	3083
2721	3070
2723	2869
2723	2861
2723	2996
2726	2839
2726	3114
2726	2976
2726	3236
2726	2878
2729	3028
2731	2873
2731	3225
2734	3097
2734	3034
2735	3065
2738	3126
2740	3160
2741	3195
2743	2996
2743	3076
2744	3107
2744	3150
2746	3163
2747	3020
2747	2962
2747	2947
2747	2877
2747	3214
2747	2767
2747	2812
2750	2879
2750	2955
2750	3005
2756	2784
2756	2972
2757	3130
2759	2782
2761	2908
2761	2858
2767	3020
2767	2947
2767	2877
2767	3214
2767	2812
2768	3116
2769	2958
2774	3139
2774	2921
2774	3126
2776	2881
2776	2919
2778	3159
2779	2914
2780	3150
2781	2855
2784	3122
2784	2972
2785	3184
2789	2889
2794	2966
2795	3026
2799	2974
2800	3022
2802	3181
2803	2876
2804	2835
2807	2913
2809	3210
2812	3020
2812	2947
2812	2877
2812	3214
2815	3024
2815	3204
2815	3145
2817	3074
2822	3226
2822	3010
2824	3086
2824	2900
2825	2912
2826	3196
2826	2838
2826	3201
2826	3059
2827	3033
2831	3137
2832	3061
2832	3094
2834	3042
2836	2875
2837	3212
2838	3196
2838	3201
2838	3059
2839	3114
2839	2976
2839	3236
2839	2878
2840	3001
2840	3200
2841	3165
2842	3191
2844	2887
2848	3057
2850	3017
2850	2961
2850	3206
2851	2972
2853	3165
2853	2979
2856	2958
2856	3169
2858	2908
2859	3117
2862	2919
2864	3144
2865	2876
2866	3015
2867	2959
2867	3128
2870	3118
2871	3158
2873	3225
2874	3123
2874	3222
2874	3226
2874	3081
2874	3030
2874	3066
2874	2971
2875	2932
2877	3020
2877	2947
2877	3214
2878	3114
2878	2976
2878	3236
2879	3005
2881	2883
2886	3001
2887	2972
2890	3115
2893	3099
2893	3183
2895	3200
2900	3086
2904	2956
2904	2970
2906	2945
2910	3149
2913	2954
2913	3215
2917	2963
2919	3216
2920	3218
2920	3009
2921	3126
2922	3021
2923	3078
2925	3002
2930	3011
2939	3135
2947	3020
2947	3214
2950	3149
2954	3215
2955	3005
2956	2970
2958	3038
2958	3169
2958	3158
2958	3056
2959	3111
2959	3128
2960	3228
2961	3017
2962	3151
2967	3213
2968	3127
2970	3012
2970	3188
2971	3109
2971	3222
2971	3066
2976	3114
2976	3236
2977	3016
2981	3173
2983	3207
2993	3038
3001	3200
3003	3049
3009	3218
3012	3188
3014	3230
3014	3100
3016	3062
3016	3183
3016	3095
3018	3120
3019	3035
3020	3214
3024	3204
3024	3145
3028	3182
3029	3199
3035	3072
3046	3103
3046	3146
3048	3075
3053	3075
3054	3219
3059	3196
3061	3094
3062	3183
3062	3095
3066	3222
3071	3179
3075	3108
3081	3222
3084	3150
3093	3233
3095	3183
3099	3183
3100	3150
3100	3107
3100	3230
3100	3127
3103	3146
3107	3150
3114	3236
3117	3232
3126	3176
3127	3150
3129	3158
3140	3150
3143	3179
3148	3164
3154	3171
3191	3211
3196	3201
