184	0
184	396
184	622
184	1762
184	1975
184	2083
184	2409
184	2939
184	2983
184	3026
184	4262
184	4607
184	4811
184	5090
184	5400
184	5533
0	305
0	314
0	317
0	396
0	424
0	445
0	658
0	1012
0	1428
0	1597
0	1797
0	2091
0	2471
0	2939
0	3561
0	3914
0	4446
0	4648
0	4811
0	5081
0	5229
0	5479
0	5533
305	81
305	121
305	246
305	314
305	317
305	397
305	415
305	433
305	454
305	468
305	471
305	947
305	1417
305	1900
305	2338
305	2471
305	2492
305	2828
305	3723
305	4886
305	5227
305	5298
305	5533
314	54
314	81
314	121
314	174
314	178
314	317
314	356
314	454
314	583
314	774
314	778
314	1334
314	1899
314	2748
314	3228
314	3406
314	3723
314	3753
314	4456
314	4547
314	4747
314	5533
317	809
317	1075
317	1107
317	2751
317	2980
317	3034
317	3035
317	3258
317	3337
317	3378
317	3723
317	3914
317	5195
317	5336
317	5442
317	5533
396	36
396	118
396	127
396	171
396	174
396	178
396	183
396	214
396	309
396	397
396	403
396	427
396	435
396	876
396	941
396	1397
396	1483
396	1489
396	1869
396	2297
396	2428
396	2614
396	2706
396	3037
396	3717
396	3725
396	4105
396	4115
396	4594
396	5014
396	5084
396	5129
396	5275
396	5303
396	5493
396	5533
424	121
424	357
424	444
424	852
424	993
424	1364
424	1535
424	2219
424	2299
424	2329
424	2593
424	3117
424	3321
424	3476
424	3527
424	4416
424	4546
424	4616
424	5186
424	5197
424	5533
445	187
445	238
445	246
445	360
445	369
445	444
445	533
445	546
445	613
445	701
445	991
445	1107
445	1269
445	1425
445	1599
445	1646
445	1867
445	2104
445	2195
445	2311
445	3444
445	3823
445	4395
445	4396
445	4398
445	4438
445	4624
445	4634
445	4648
445	4980
445	4988
445	5103
445	5112
445	5127
445	5391
445	5533
1428	36
1597	37
1597	193
2091	53
2471	156
2471	246
2939	246
2939	379
3561	118
3561	146
3561	214
3914	50
4811	108
4811	200
4811	465
5081	50
5479	9
5479	244
5479	470
5533	1
5533	2
5533	3
5533	4
5533	5
5533	6
5533	7
5533	8
5533	9
5533	10
5533	11
5533	12
5533	13
5533	14
5533	15
5533	16
5533	17
5533	18
5533	19
5533	20
5533	21
5533	22
5533	23
5533	24
5533	25
5533	26
5533	27
5533	28
5533	29
5533	30
5533	31
5533	32
5533	33
5533	34
5533	35
5533	36
5533	37
5533	38
5533	39
5533	40
5533	41
5533	42
5533	43
5533	44
5533	45
5533	46
5533	47
5533	48
5533	49
5533	50
5533	51
5533	52
5533	53
5533	54
5533	55
5533	56
5533	57
5533	58
5533	59
5533	60
5533	61
5533	62
5533	63
5533	64
5533	65
5533	66
5533	67
5533	68
5533	69
5533	70
5533	71
5533	72
5533	73
5533	74
5533	75
5533	76
5533	77
5533	78
5533	79
5533	80
5533	81
5533	82
5533	83
5533	84
5533	85
5533	86
5533	87
5533	88
5533	89
5533	90
5533	91
5533	92
5533	93
5533	94
5533	95
5533	96
5533	97
5533	98
5533	99
5533	100
5533	101
5533	102
5533	103
5533	104
5533	105
5533	106
5533	107
5533	108
5533	109
5533	110
5533	111
5533	112
5533	113
5533	114
5533	115
5533	116
5533	117
5533	118
5533	119
5533	120
5533	121
5533	122
5533	123
5533	124
5533	125
5533	126
5533	127
5533	128
5533	129
5533	130
5533	131
5533	132
5533	133
5533	134
5533	135
5533	136
5533	137
5533	138
5533	139
5533	140
5533	141
5533	142
5533	143
5533	144
5533	145
5533	146
5533	147
5533	148
5533	149
5533	150
5533	151
5533	152
5533	153
5533	154
5533	155
5533	156
5533	157
5533	158
5533	159
5533	160
5533	161
5533	162
5533	163
5533	164
5533	165
5533	166
5533	167
5533	168
5533	169
5533	170
5533	171
5533	172
5533	173
5533	174
5533	175
5533	176
5533	177
5533	178
5533	179
5533	180
5533	181
5533	182
5533	183
5533	185
5533	186
5533	187
5533	188
5533	189
5533	190
5533	191
5533	192
5533	193
5533	194
5533	195
5533	196
5533	197
5533	198
5533	199
5533	200
5533	201
5533	202
5533	203
5533	204
5533	205
5533	206
5533	207
5533	208
5533	209
5533	210
5533	211
5533	212
5533	213
5533	214
5533	215
5533	216
5533	217
5533	218
5533	219
5533	220
5533	221
5533	222
5533	223
5533	224
5533	225
5533	226
5533	227
5533	228
5533	229
5533	230
5533	231
5533	232
5533	233
5533	234
5533	235
5533	236
5533	237
5533	238
5533	239
5533	240
5533	241
5533	242
5533	243
5533	244
5533	245
5533	246
5533	247
5533	248
5533	249
5533	250
5533	251
5533	252
5533	253
5533	254
5533	255
5533	256
5533	257
5533	258
5533	259
5533	260
5533	261
5533	262
5533	263
5533	264
5533	265
5533	266
5533	267
5533	268
5533	269
5533	270
5533	271
5533	272
5533	273
5533	274
5533	275
5533	276
5533	277
5533	278
5533	279
5533	280
5533	281
5533	282
5533	283
5533	284
5533	285
5533	286
5533	287
5533	288
5533	289
5533	290
5533	291
5533	292
5533	293
5533	294
5533	295
5533	296
5533	297
5533	298
5533	299
5533	300
5533	301
5533	302
5533	303
5533	304
5533	306
5533	307
5533	308
5533	309
5533	310
5533	311
5533	312
5533	313
5533	315
5533	316
5533	318
5533	319
5533	320
5533	321
5533	322
5533	323
5533	324
5533	325
5533	326
5533	327
5533	328
5533	329
5533	330
5533	331
5533	332
5533	333
5533	334
5533	335
5533	336
5533	337
5533	338
5533	339
5533	340
5533	341
5533	342
5533	343
5533	344
5533	345
5533	346
5533	347
5533	348
5533	349
5533	350
5533	351
5533	352
5533	353
5533	354
5533	355
5533	356
5533	357
5533	358
5533	359
5533	360
5533	361
5533	362
5533	363
5533	364
5533	365
5533	366
5533	367
5533	368
5533	369
5533	370
5533	371
5533	372
5533	373
5533	374
5533	375
5533	376
5533	377
5533	378
5533	379
5533	380
5533	381
5533	382
5533	383
5533	384
5533	385
5533	386
5533	387
5533	388
5533	389
5533	390
5533	391
5533	392
5533	393
5533	394
5533	395
5533	397
5533	398
5533	399
5533	400
5533	401
5533	402
5533	403
5533	404
5533	405
5533	406
5533	407
5533	408
5533	409
5533	410
5533	411
5533	412
5533	413
5533	414
5533	415
5533	416
5533	417
5533	418
5533	419
5533	420
5533	421
5533	422
5533	423
5533	425
5533	426
5533	427
5533	428
5533	429
5533	430
5533	431
5533	432
5533	433
5533	434
5533	435
5533	436
5533	437
5533	438
5533	439
5533	440
5533	441
5533	442
5533	443
5533	444
5533	446
5533	447
5533	448
5533	449
5533	450
5533	451
5533	452
5533	453
5533	454
5533	455
5533	456
5533	457
5533	458
5533	459
5533	460
5533	461
5533	462
5533	463
5533	464
5533	465
5533	466
5533	467
5533	468
5533	469
5533	470
5533	471
5533	472
5533	473
5533	474
5533	475
5533	476
5533	477
5533	478
5533	479
5533	480
5533	481
5533	482
5533	483
5533	484
5533	485
5533	486
5533	487
5533	488
5533	489
5533	490
5533	491
5533	492
5533	493
5533	494
5533	495
5533	496
5533	497
5533	498
5533	499
5533	500
5533	501
5533	502
5533	503
5533	504
5533	505
5533	506
3348	1
1	3418
1	3451
1	3525
1	3540
1	3547
1	3650
1	3661
1	3798
1	3948
1	3992
1	4010
1	4066
1	4086
1	4212
1	4402
1	4745
1	4831
1	4953
1	4997
1	5026
1	5036
1	5062
1	5477
1	5523
3948	132
4010	349
4066	234
4212	402
165	2
165	60
165	104
165	5406
165	5494
2	1431
2	3331
2	4333
2	4410
4410	214
178	3
178	27
178	91
178	119
178	133
178	143
178	150
178	255
178	270
178	285
178	297
178	309
178	337
178	352
178	359
178	373
178	378
178	411
178	416
178	425
178	433
178	448
178	452
178	457
178	474
178	1261
178	1279
178	1835
178	1953
178	2414
178	2433
178	2440
178	2499
178	2514
178	3019
178	3397
178	3429
178	3647
178	3760
178	4483
178	4674
178	4682
178	4810
178	4875
178	5160
3	210
3	213
3	255
3	263
3	281
3	283
3	289
3	309
3	416
3	465
3	820
3	1000
3	1134
3	1429
3	1487
3	2039
3	2111
3	2126
3	2162
3	2493
3	2517
3	2645
3	2698
3	2802
3	3073
3	3103
3	3238
3	3415
3	3725
3	3746
3	4114
3	4336
3	5047
3	5476
3	5512
210	125
210	2695
210	2704
210	2801
210	2807
210	3045
210	3084
210	3106
210	3118
210	3163
210	3174
210	3251
210	3449
210	3513
210	3614
210	3626
210	3763
210	3854
210	3907
210	3943
210	3985
210	4013
210	4085
210	4157
210	4181
210	4214
210	4227
210	4277
210	4389
210	4433
210	4458
210	4580
210	4738
210	4818
210	4864
210	4954
210	4971
210	4996
210	5204
210	5207
210	5233
210	5261
210	5286
213	34
213	130
213	248
213	263
213	281
213	922
213	1544
213	1864
213	1970
213	2068
213	2647
213	2782
213	2824
213	3094
213	3312
213	3615
213	4327
255	27
255	119
255	150
255	309
255	337
255	373
255	411
255	416
255	1079
255	1195
255	2213
255	3221
255	3695
255	4483
255	4674
255	5160
263	452
263	464
263	499
263	518
263	1667
263	1739
263	1889
263	2451
263	2540
263	3064
263	3419
263	3447
263	4263
263	4573
263	4627
263	5030
281	5
281	3789
281	3942
281	4026
281	4075
281	4100
281	4125
281	4334
281	4732
281	4965
281	5179
281	5211
281	5524
283	322
283	433
283	1296
283	1685
283	1778
283	1959
283	2126
283	2204
283	2778
283	3139
283	3144
283	3306
283	3697
283	5021
289	150
289	416
289	515
289	623
289	792
289	793
289	1059
289	1317
289	1645
289	1700
289	1757
289	1872
289	2010
289	2357
289	2440
289	2680
289	2821
289	2841
289	2862
289	3061
289	3287
289	3325
289	3746
289	3925
289	4002
289	4031
289	4165
289	4336
289	4440
289	4517
289	4540
289	5302
309	143
309	150
309	174
309	176
309	244
309	359
309	403
309	416
309	457
309	1336
309	2031
309	2187
309	2874
309	3695
309	3725
309	3746
309	5092
309	5170
309	5303
416	27
416	37
416	46
416	150
416	287
416	293
416	382
416	5300
416	5302
416	5436
416	5444
416	5498
465	7
465	45
465	108
465	154
465	212
465	294
465	406
465	564
465	568
465	600
465	717
465	832
465	836
465	1008
465	1391
465	1429
465	1686
465	1717
465	1928
465	1989
465	2029
465	2031
465	2041
465	2176
465	2197
465	2285
465	2361
465	2932
465	3085
465	3110
465	3185
465	3303
465	3645
465	3692
465	3879
465	3909
465	4170
465	4263
465	4298
465	4477
465	4482
465	5048
465	5120
465	5275
2039	5
2039	256
2039	452
2039	457
2039	470
2111	45
2111	59
2126	252
2126	287
3415	68
3415	209
3415	473
3725	46
3725	150
3746	27
3746	150
3746	267
3746	368
5047	346
5047	501
5476	386
166	4
166	1160
166	1991
166	2295
166	2362
166	2719
166	3501
4	248
4	474
4	493
4	611
4	980
4	1470
4	1489
4	1752
4	2582
4	2873
4	3253
4	3611
4	3748
4	4201
4	4205
4	4218
4	4239
4	4545
4	4851
4	5497
248	96
248	121
248	130
248	156
248	175
248	181
248	217
248	4618
248	4649
248	4708
248	4834
248	5010
248	5080
248	5146
248	5190
248	5260
248	5262
474	35
474	45
474	81
474	121
474	134
474	149
474	154
474	175
474	176
474	201
474	214
474	262
474	273
474	335
474	349
474	358
474	379
474	384
474	398
474	427
474	454
474	457
474	470
474	3255
474	3260
474	3263
474	3368
474	3454
474	3691
474	3697
474	3715
474	3799
474	3894
474	4108
474	4133
474	4159
474	4201
474	4363
474	4376
474	4480
474	4492
474	4497
474	4505
474	4670
474	4686
474	4799
474	4807
474	4851
474	4858
474	4920
474	4930
474	4986
474	5013
474	5017
474	5273
474	5303
474	5431
474	5432
493	70
493	96
493	162
493	175
493	265
493	266
493	273
493	367
493	398
493	411
493	469
493	470
493	490
493	4105
493	4111
493	4130
493	4153
493	4248
493	4292
493	4312
493	4332
493	4334
493	4449
493	4496
493	4506
493	4664
493	4806
493	4855
493	4992
493	5079
493	5126
493	5223
493	5372
493	5418
980	70
980	156
980	162
1470	495
1489	46
1489	162
1489	244
1489	272
1489	287
1489	425
1489	470
3748	195
3748	402
3748	473
4239	61
4239	236
4239	374
5497	285
5497	358
9	5
9	5273
9	5353
9	5417
9	5418
9	5426
9	5524
9	5529
5	20
5	79
5	256
5	373
5	404
5	435
5	457
5	647
5	795
5	1025
5	1311
5	1323
5	1506
5	1600
5	1728
5	2010
5	2123
5	2200
5	2320
5	2453
5	2488
5	2711
5	3214
5	3397
5	3405
5	3445
5	3670
5	3760
5	3787
5	4399
5	4557
5	4587
5	4875
5	4883
5	5033
5	5211
20	3004
20	3005
20	3245
20	3352
20	3466
20	3514
20	3542
20	3581
20	3760
20	3764
20	3964
20	3982
20	4068
20	4274
20	4351
20	4368
20	4449
20	4552
20	4571
20	4609
20	4651
20	4657
20	4672
20	4703
20	4875
20	5120
20	5211
79	19
79	45
79	69
256	74
256	89
256	90
256	175
256	332
256	337
256	366
256	373
256	395
256	425
256	435
256	457
256	780
256	781
256	1247
256	1307
256	1313
256	1691
256	1728
256	1747
256	1958
256	2123
256	2320
256	2427
256	2453
256	3017
256	3053
256	3343
256	3359
256	3430
256	3534
256	3590
256	3670
256	3760
256	3790
256	3889
256	3890
256	4307
256	4324
256	4557
256	4637
256	4875
256	4883
256	5273
373	53
373	57
373	113
373	162
373	171
373	175
373	244
373	252
373	272
373	273
373	287
373	345
373	354
373	358
373	4264
373	4352
373	4370
373	4381
373	4405
373	4652
373	4707
373	4727
373	4779
373	4782
373	4874
373	4875
373	4881
373	4995
373	5012
373	5040
373	5303
373	5338
373	5418
373	5493
404	156
404	249
404	586
404	647
404	667
404	1104
404	1585
404	1901
404	1972
404	2425
404	2457
404	2509
404	2551
404	3086
404	3405
404	3510
404	3628
404	3787
404	3812
404	4511
404	4696
404	4846
404	4964
404	4965
404	4966
404	5033
404	5211
404	5524
435	57
435	158
435	287
435	292
435	313
435	339
435	349
435	378
435	397
435	425
435	5269
457	23
457	74
457	175
457	244
457	252
457	287
457	358
457	384
457	394
457	395
457	425
457	433
457	470
457	1025
457	1101
457	1253
457	1323
457	1728
457	1746
457	1776
457	1833
457	1997
457	2200
457	2320
457	2412
457	2425
457	2427
457	2445
457	2453
457	2472
457	2827
457	3017
457	3019
457	3405
457	3445
457	3466
457	3590
457	3593
457	3617
457	3647
457	3670
457	3672
457	3685
457	3754
457	3760
457	3802
457	3859
457	4036
457	4098
457	4184
457	4557
457	4631
457	4637
457	4875
457	5012
457	5211
1728	387
1728	430
2010	25
2010	37
2320	104
2320	394
2320	463
2488	224
3405	285
3445	19
3670	23
3670	164
3670	179
3760	272
3760	338
3760	389
3760	452
3787	389
4557	337
4557	504
4875	176
4875	285
4875	452
4883	43
4883	89
4883	90
4883	366
5211	247
5211	285
5211	389
877	6
6	1856
30	7
30	68
30	185
30	280
30	282
30	550
30	1271
30	2037
30	2845
30	3049
30	3216
30	3474
30	3797
30	4377
30	4464
30	5060
30	5488
7	40
7	68
7	77
7	163
7	269
7	280
7	282
7	294
7	302
7	333
7	406
7	449
7	490
7	606
7	1040
7	1957
7	2452
7	2845
7	3191
7	3288
7	3474
7	4044
7	4278
7	4377
7	4795
7	5167
7	5240
7	5471
7	5488
7	5519
40	68
40	333
40	575
40	602
40	2001
40	2066
40	2115
40	2390
40	3296
40	3478
40	4310
40	4946
40	5234
40	5377
68	3193
68	3288
68	3392
68	3422
68	3474
68	3478
68	3480
68	3694
68	3696
68	3807
68	3844
68	3949
68	4044
68	4067
68	4088
68	4203
68	4204
68	4298
68	4310
68	4582
68	4795
68	4943
68	4946
68	5060
68	5191
68	5264
68	5377
68	5415
68	5464
68	5519
77	53
77	73
77	2973
77	2988
77	3068
77	3088
77	3265
77	3338
77	3371
77	3494
77	3496
77	3593
77	3672
77	3881
77	3887
77	3994
77	4089
77	4146
77	4210
77	4263
77	4275
77	4297
77	4334
77	4365
77	4397
77	4455
77	4459
77	4575
77	4618
77	4647
77	4730
77	4763
77	5137
77	5363
77	5378
163	53
163	57
163	73
163	105
163	121
163	4617
163	4717
163	4893
163	5012
163	5076
163	5192
163	5269
163	5282
163	5313
163	5337
163	5359
163	5371
163	5378
163	5439
269	280
269	282
269	490
269	1148
269	1156
269	1189
269	1612
269	2013
269	2378
269	2812
269	2876
269	2913
269	2941
269	2943
269	2991
269	4329
269	4639
269	4640
269	4822
269	5134
269	5324
269	5328
269	5343
269	5360
269	5372
269	5471
280	162
280	282
280	405
280	449
280	490
280	800
280	1607
280	2452
280	2483
280	2694
280	3191
280	4795
280	5060
280	5191
280	5488
280	5519
282	302
282	406
282	490
282	1607
282	1957
282	2664
282	2746
282	4795
282	5234
282	5471
282	5488
294	406
294	449
294	2293
294	2302
294	2441
302	71
302	81
302	121
302	156
302	454
302	1952
302	2115
302	2239
302	2392
302	3693
302	4310
302	5264
333	156
333	201
333	265
333	266
333	273
333	347
333	406
333	449
333	680
333	778
333	1004
333	1340
333	1369
333	1572
333	1575
333	1736
333	2173
333	2189
333	2218
333	2384
333	2394
333	2452
333	2845
333	3191
333	3392
333	3480
333	4044
333	4067
333	4204
333	4416
333	4496
333	4795
333	5060
333	5519
406	71
406	234
406	265
406	340
406	372
406	449
406	496
406	778
406	1293
406	1409
406	1560
406	1572
406	1607
406	2167
406	2173
406	2545
406	2675
406	3066
406	3089
406	3193
406	3248
406	3355
406	3372
406	3490
406	4067
406	4225
406	4434
406	4588
406	4852
406	5116
406	5191
406	5464
449	121
449	156
449	201
449	727
449	762
449	1340
449	1369
449	1573
449	1736
449	2218
449	2326
449	2845
449	3692
449	4067
449	4416
449	4444
449	4968
449	5060
449	5263
449	5464
490	1156
490	1175
490	1176
490	1177
490	1181
490	1610
490	1957
490	2259
490	2697
490	2813
490	2877
490	2879
490	2880
490	2889
490	2891
490	2892
490	2941
490	2945
490	2991
490	3147
490	3551
490	4329
490	4639
490	4640
490	4719
490	4795
490	5078
490	5082
490	5089
490	5096
490	5234
490	5296
490	5325
490	5342
490	5347
490	5360
490	5372
490	5374
490	5460
490	5471
490	5483
490	5486
490	5496
1040	339
2452	162
2452	209
2452	405
2845	70
2845	154
2845	156
2845	162
2845	175
2845	201
2845	273
2845	347
2845	398
2845	405
2845	443
3191	123
3191	156
3288	162
3288	209
4044	273
4795	156
4795	266
5167	203
5519	266
161	8
161	35
161	380
161	444
161	613
161	1099
161	1173
161	1631
161	1726
161	1743
161	1910
161	2008
161	2246
161	2273
161	3188
161	3270
161	3277
161	3301
161	3351
161	3511
161	3594
161	3952
161	3956
161	3971
161	4127
161	4144
161	4391
161	4433
161	4721
161	5164
8	211
8	477
8	613
8	1976
8	3959
8	4281
8	4461
8	4880
211	14
211	444
211	571
211	599
211	824
211	863
211	1016
211	1026
211	1107
211	1219
211	1291
211	1361
211	1525
211	1592
211	1654
211	1936
211	2186
211	2418
211	2541
211	2549
211	2574
211	2674
211	2838
211	2915
211	2970
211	3531
211	3640
211	3654
211	4122
211	4229
211	4359
211	4427
211	5043
211	5148
477	107
477	164
477	312
477	743
477	805
477	929
477	1053
477	1055
477	1211
477	1840
477	2053
477	2223
477	2722
477	2887
477	3194
477	3345
477	3488
477	3667
477	4039
477	4614
477	4929
477	5016
613	205
4461	61
4880	61
5273	337
5418	36
5418	113
5418	146
5418	272
5524	389
83	10
83	116
83	260
83	380
83	693
83	741
83	825
83	982
83	1094
83	1502
83	1571
83	2056
83	2118
83	2131
83	2510
83	2556
83	2707
83	2764
83	3027
83	3135
83	3703
83	3805
83	3935
83	3999
83	4007
83	4018
83	4053
83	4074
83	4091
83	4299
83	4983
83	5059
10	145
10	325
10	346
10	380
10	414
10	418
10	419
10	569
10	678
10	693
10	741
10	767
10	771
10	872
10	982
10	1098
10	1496
10	1650
10	1825
10	1870
10	2190
10	2233
10	2245
10	2356
10	2526
10	2844
10	2967
10	3459
10	3678
10	3703
10	3962
10	3999
10	4018
10	4826
10	4891
10	5309
145	78
145	116
145	288
145	350
145	380
145	537
145	825
145	901
145	982
145	1082
145	1197
145	1536
145	1913
145	1982
145	2131
145	2144
145	2628
145	2644
145	2669
145	2718
145	2950
145	3974
145	4207
145	4473
145	5158
145	5315
325	141
325	246
325	250
325	342
325	363
325	368
325	380
325	414
325	419
325	690
325	766
325	788
325	1080
325	1127
325	1633
325	1684
325	1785
325	1791
325	1865
325	1871
325	1919
325	1981
325	2237
325	2389
325	2536
325	2620
325	2629
325	2657
325	2857
325	2980
325	3082
325	3441
325	3578
325	3706
325	3747
325	3857
325	3943
325	4187
325	4215
325	4301
325	4307
325	4415
325	4886
325	5161
325	5262
325	5276
325	5351
346	419
346	468
346	974
346	1035
346	1047
346	1368
346	1374
346	1561
346	1676
346	1740
346	2169
346	2342
346	2374
346	2456
346	2806
346	2911
346	3251
346	4603
346	5334
346	5420
346	5499
380	17
380	107
380	3164
380	3208
380	3273
380	3286
380	3710
380	3718
380	3811
380	3830
380	3885
380	3962
380	4000
380	4060
380	4383
380	4394
380	4507
380	4592
380	4606
380	4704
380	4740
380	4803
380	4884
380	4924
380	4976
380	5365
414	418
414	542
414	552
414	646
414	903
414	928
414	1464
414	1496
414	1502
414	1518
414	1626
414	1650
414	1684
414	2011
414	2081
414	2131
414	2274
414	2460
414	2526
414	3170
414	3269
414	3587
414	3629
414	3771
414	3874
414	3943
414	3974
414	4051
414	4083
414	4215
414	4293
414	4361
414	4420
414	4467
414	4577
414	4645
414	4751
418	348
418	402
418	542
418	669
418	817
418	1010
418	1018
418	1125
418	1146
418	1200
418	1360
418	1464
418	1502
418	1508
418	1593
418	1625
418	1650
418	1782
418	1804
418	2059
418	2060
418	2136
418	2211
418	2370
418	2385
418	2539
418	2854
418	3114
418	3346
418	3599
418	3710
418	3910
418	3978
418	3980
418	4287
418	4740
418	5064
418	5168
418	5228
418	5445
418	5449
419	350
419	363
419	576
419	598
419	629
419	676
419	924
419	1080
419	1105
419	1236
419	1303
419	1363
419	1415
419	1526
419	1578
419	1606
419	1638
419	1684
419	1871
419	1968
419	1979
419	2020
419	2118
419	2766
419	2870
419	2994
419	3215
419	3311
419	3341
419	3384
419	3520
419	3578
419	3857
419	3988
419	4436
419	4578
419	4743
419	4843
419	4981
419	5070
419	5364
741	44
741	63
767	90
767	394
767	433
767	440
1496	261
2190	482
2356	95
2356	374
3703	260
3962	261
433	11
433	54
433	57
433	104
433	105
433	135
433	140
433	143
433	183
433	260
433	361
433	365
433	378
433	394
433	398
433	425
433	441
433	444
433	456
433	471
433	495
433	504
433	1498
433	2287
433	2518
433	3518
433	4758
75	12
75	26
75	4385
75	4406
75	4438
75	4570
75	4809
75	4859
75	4994
75	5056
75	5075
75	5285
75	5439
12	374
12	637
12	983
12	2117
12	2251
12	3509
12	3943
374	67
374	94
374	95
374	114
374	131
374	242
374	462
374	548
374	712
374	1292
374	1595
374	2079
374	2128
374	2395
374	2398
374	2444
374	2600
374	2733
374	2769
374	3023
374	3365
374	3404
374	3487
374	3521
374	3648
374	3897
374	4306
374	4392
374	5244
374	5518
637	399
2117	94
15	14
15	57
15	225
15	567
15	824
15	881
15	1419
15	1679
15	1868
15	2506
15	2623
15	2998
15	3712
15	3913
15	3951
15	4354
15	4435
14	57
14	349
14	444
14	824
14	1419
14	1868
14	2506
14	2623
14	2998
14	3712
14	4388
14	4435
57	113
57	126
57	138
57	162
57	169
57	175
57	185
57	225
57	279
57	285
57	322
57	379
57	398
57	824
57	904
57	1251
57	1520
57	1985
57	3255
57	3712
57	3949
57	4008
57	4245
57	4419
349	413
349	534
349	721
349	749
349	1103
349	1170
349	1253
349	1378
349	1522
349	1921
349	1997
349	2168
349	2490
349	2832
349	2853
349	3343
349	4023
349	4069
349	4240
349	4289
349	4357
349	4452
349	4486
349	4617
349	4647
349	4835
349	5171
349	5177
349	5192
349	5373
349	5432
444	26
444	240
444	254
444	313
444	357
444	378
444	384
444	409
444	456
444	526
444	789
444	999
444	1072
444	1099
444	1107
444	1129
444	1432
444	1543
444	1579
444	1705
444	1897
444	1898
444	2008
444	2045
444	2049
444	2098
444	2185
444	2240
444	2430
444	2442
444	2477
444	2858
444	2868
444	2958
444	3081
444	3277
444	3301
444	3351
444	3427
444	3449
444	3492
444	3598
444	3864
444	3971
444	4070
444	4127
444	4131
444	4144
444	4251
444	4435
444	4660
444	4738
444	4916
4388	172
225	70
225	162
225	175
225	5066
225	5079
227	17
227	4690
227	4700
227	4901
227	4917
227	5068
227	5156
227	5198
227	5287
227	5341
227	5356
227	5416
17	387
17	601
17	642
17	1020
17	1248
17	1626
17	1731
17	1789
17	1815
17	1884
17	2405
17	2481
17	3500
17	3809
17	3915
17	3919
17	3931
17	4006
17	4261
17	4771
17	4910
17	5083
17	5143
17	5165
387	430
387	482
387	601
387	884
387	1080
387	1552
387	2405
387	2516
387	3326
387	3782
387	3915
387	4913
1731	22
4006	442
2094	18
18	2796
18	3473
18	4605
18	5249
19	106
19	337
19	535
19	553
19	610
19	816
19	858
19	954
19	989
19	1362
19	1382
19	1418
19	1421
19	1461
19	1548
19	1568
19	1759
19	1977
19	1996
19	2234
19	2238
19	2244
19	2282
19	2294
19	2743
19	3041
19	3167
19	3389
19	3470
19	3841
19	3942
19	3947
19	4240
19	4309
19	4452
19	4468
19	4548
19	4835
19	4902
19	5177
19	5371
19	5490
106	138
106	318
106	426
106	648
106	719
106	891
106	932
106	1091
106	1155
106	1243
106	1382
106	1396
106	1421
106	1514
106	1602
106	1692
106	1759
106	1977
106	1989
106	2064
106	2194
106	2209
106	2266
106	2291
106	2462
106	2538
106	2563
106	2778
106	3041
106	3085
106	3278
106	3510
106	3557
106	3697
106	3854
106	3996
106	4068
106	4340
106	4343
106	4584
106	4769
106	4873
106	4949
337	156
337	158
337	176
337	186
337	205
337	249
337	292
337	4270
337	4289
337	4357
337	4452
337	4466
337	4543
337	4646
337	4729
337	4776
337	4777
337	4829
337	4834
337	5171
337	5177
337	5373
858	500
1418	101
4309	176
5371	247
5371	285
5371	500
3004	338
3004	411
3005	452
3352	423
3466	452
3514	345
3542	285
3764	196
3764	285
3982	119
4274	358
4274	411
4351	143
4351	196
4368	452
4449	495
4552	138
4672	411
5120	157
5120	199
5120	212
5120	427
360	21
360	222
360	420
360	466
360	701
360	2286
360	3412
360	4107
360	4510
360	4513
360	4635
360	5018
21	682
21	953
21	1167
21	1408
21	1629
21	1718
21	1847
21	2154
21	2656
21	2918
21	3087
21	3362
21	3363
21	3383
21	3391
21	3537
21	3571
21	3587
21	3588
21	3767
21	3801
21	3815
21	3833
21	3837
21	4256
21	4387
21	4701
3087	220
3767	101
3767	487
3837	361
153	22
153	202
153	1341
153	1660
153	2363
153	2619
153	2751
22	348
22	408
22	2278
22	2632
22	3196
22	3198
22	4364
22	4503
22	5397
348	44
348	63
348	203
348	791
348	835
348	1094
348	1250
348	1255
348	1258
348	1289
348	2768
348	2963
348	3130
348	3197
348	3198
348	3467
348	4038
348	4544
348	4568
348	4791
348	4805
348	5163
348	5168
348	5397
408	219
408	402
408	768
408	1018
408	1366
408	1775
408	1817
408	2724
408	2963
408	3111
408	3682
408	4676
408	5070
2278	354
2278	391
104	23
104	140
104	306
104	351
104	394
104	463
104	580
104	701
104	1196
104	1245
104	1399
104	1423
104	1480
104	1528
104	1713
104	1967
104	2153
104	2302
104	2435
104	2668
104	2759
104	3122
104	3326
104	3411
104	3656
104	4113
104	4121
104	4749
104	4758
104	5413
104	5509
23	351
23	358
23	384
23	394
23	463
23	721
23	849
23	1028
23	1345
23	1742
23	2093
23	3080
23	3507
23	3511
23	3617
23	3627
23	5307
351	26
351	62
351	107
351	164
351	222
351	245
351	268
351	291
351	327
351	344
358	175
358	287
358	338
358	944
358	1557
358	1918
358	2409
358	2850
358	2897
358	2996
358	3080
358	5170
358	5408
384	33
384	52
384	119
384	140
384	186
384	276
384	321
384	327
384	394
384	400
384	461
384	463
384	466
384	868
384	1044
384	1184
384	2021
384	2034
384	2047
384	2138
384	2631
384	2735
384	3147
384	3674
384	3895
384	4164
384	4678
384	4812
384	4877
394	120
394	177
394	197
394	245
394	276
394	291
394	298
394	321
394	327
394	362
394	392
394	425
394	440
394	543
394	1069
394	1121
394	1356
394	1550
394	1648
394	2523
394	2631
394	3939
463	180
463	207
463	222
463	291
463	321
463	327
463	580
463	703
463	871
463	1347
463	1379
463	1393
463	1480
463	1498
463	1713
463	3102
463	3115
463	3230
463	3247
463	3399
463	3839
463	4549
463	5393
721	186
721	273
721	292
721	478
1028	482
1742	207
1742	291
3080	35
3080	204
3617	285
3627	222
3627	319
3627	482
5307	312
5307	482
246	24
246	41
246	379
246	480
246	751
246	959
246	971
246	1107
246	1114
246	1142
246	1409
246	1581
246	1674
246	1754
246	1808
246	1879
246	2345
246	2871
246	3386
246	3413
246	3602
246	3723
246	3878
246	3900
246	4015
246	4167
246	4862
246	5123
246	5268
246	5447
539	25
25	540
25	541
25	591
25	632
25	667
25	794
25	939
25	1358
25	1472
25	1481
25	1635
25	1873
25	2511
25	2646
25	2935
25	3074
25	3099
25	3224
25	3367
25	3741
25	3981
25	4139
25	4276
25	4319
25	4450
4276	43
26	107
26	207
26	357
26	409
26	482
26	489
26	1017
26	1500
26	1987
26	2054
26	2231
26	2381
26	2585
26	2598
26	2617
26	2987
26	4567
26	4872
26	5304
107	566
107	972
107	1577
107	1840
107	2047
107	3177
107	3901
107	3908
107	4566
207	291
207	332
207	355
207	357
207	367
207	4217
207	4493
357	121
357	489
357	893
357	1071
357	3210
357	3766
357	4612
357	4615
357	4767
357	4768
357	5186
357	5231
409	38
409	51
409	115
409	117
409	174
409	268
409	295
409	455
409	489
409	890
409	1242
409	1416
409	1531
409	1532
409	1910
409	2249
409	2283
409	2757
409	2822
409	2823
409	2906
409	3168
409	3272
409	3277
409	3458
409	3566
409	4330
409	4869
409	4947
409	5335
482	286
482	312
482	371
482	1122
482	1906
482	3701
482	4011
489	51
489	313
489	686
489	746
489	1554
489	2690
489	2705
489	2822
489	4280
489	4362
489	4432
489	4485
489	4722
489	4869
489	5034
1987	169
1987	402
2598	39
2598	274
150	27
150	64
150	270
150	359
150	823
150	1159
150	1229
150	2171
150	2230
150	2357
150	2407
150	2688
150	2780
150	3192
150	3264
150	3377
150	3938
150	4043
150	4105
150	4150
150	4337
150	4553
150	4684
150	4756
150	5290
27	206
27	270
27	297
27	460
27	706
27	1459
27	1700
27	1724
27	2099
27	2141
27	2152
27	2578
27	2780
27	3061
27	3192
27	3884
27	4495
27	4783
27	4810
27	4931
27	5044
27	5130
27	5444
206	887
206	1033
206	1149
206	1299
206	1383
206	2072
206	2784
206	2833
206	4019
270	111
270	1468
270	2780
270	3202
270	3287
297	133
297	151
297	359
297	468
297	755
297	1569
297	2371
297	2994
297	3442
297	4692
297	4919
297	5438
460	37
460	725
460	976
460	2440
460	3221
460	3619
460	5044
460	5398
460	5530
1724	37
1724	267
2099	293
2152	224
3061	125
3192	338
4783	61
4931	267
4931	442
5444	267
50	28
50	41
50	54
50	301
50	451
50	494
50	513
50	585
50	764
50	990
50	1011
50	1024
50	1107
50	1108
50	1164
50	1270
50	1298
50	1318
50	1326
50	1380
50	1394
50	1584
50	1710
50	1714
50	1765
50	2008
50	2177
50	2397
50	2776
50	2905
50	2933
50	3013
50	3034
50	3505
50	3828
50	3888
50	4042
50	4308
50	4358
50	4515
50	5205
28	356
28	451
28	494
28	1024
28	1318
28	1426
28	1966
28	2537
28	2555
28	2737
28	2803
28	2810
28	2814
28	2815
28	2875
28	2960
28	3317
28	3563
28	3662
28	4230
28	4265
28	4475
28	5379
356	59
356	98
356	335
356	499
356	583
356	1453
356	1514
356	1727
356	1829
356	1830
356	1966
356	2404
356	2555
356	3006
356	3134
356	3159
356	3237
356	3317
356	3870
356	3960
356	4232
356	4279
356	4528
356	4621
356	5067
451	327
451	338
451	448
451	471
451	494
494	49
494	1268
494	4021
494	5205
1024	214
1024	278
1024	470
1024	495
1318	301
1318	372
1966	98
2555	98
31	29
31	132
29	132
29	655
29	2693
29	3325
29	4854
132	3313
132	3403
132	3515
132	3698
132	3714
132	3788
132	3869
132	4003
132	4032
132	4213
132	4307
132	4419
132	4598
132	4716
132	4845
132	4945
132	5049
132	5137
132	5301
132	5317
185	37
185	54
185	73
185	87
185	95
185	103
185	113
185	174
185	4863
185	4889
185	4892
185	4943
185	4946
185	4986
185	4996
185	5050
185	5060
185	5067
185	5149
185	5170
185	5174
185	5181
185	5185
185	5191
185	5202
185	5208
185	5216
185	5241
185	5310
185	5323
185	5345
185	5361
185	5369
185	5401
185	5415
185	5455
185	5464
185	5514
5060	156
5060	162
5060	201
630	32
32	3166
32	5150
5150	279
37	33
37	208
37	492
37	527
37	708
37	1135
37	1603
37	1877
37	1885
37	2196
37	2304
37	2357
37	2560
37	2669
37	2684
37	2703
37	2738
37	2974
37	3261
37	3274
37	3440
37	3550
37	3687
37	4062
37	4077
37	4142
37	4169
37	4379
37	4531
37	4923
33	105
33	208
33	272
33	287
33	812
33	956
33	963
33	1767
33	2043
33	2241
33	2478
33	2649
33	2670
33	2797
33	2826
33	3178
33	3290
33	3572
33	3998
33	4040
33	4284
33	5153
33	5465
105	171
105	208
105	259
105	272
105	307
105	378
105	386
105	425
105	511
105	1115
105	2638
105	2797
105	3754
105	4602
105	4697
105	4793
105	5012
105	5493
208	65
208	171
208	272
208	287
208	378
208	695
208	822
208	1261
208	1353
208	1767
208	1794
208	2478
208	2670
208	2786
208	2797
208	2930
208	3057
208	3178
208	3279
208	3425
208	3756
208	3776
208	4370
208	4602
208	4936
208	5153
208	5271
272	36
272	113
272	287
272	345
272	845
272	1670
272	2086
272	2207
272	2216
272	2797
272	3213
272	4133
272	4349
272	4777
272	4782
272	5012
272	5338
287	175
287	176
287	217
287	226
287	252
287	276
287	339
287	773
287	1247
287	1670
287	1749
287	1993
287	2207
287	2352
287	2459
287	2602
287	2642
287	3446
287	3679
287	4036
287	4186
287	4376
287	4476
287	4690
287	4694
287	4779
287	4904
287	5012
287	5210
287	5487
812	254
956	254
2797	43
2797	171
130	34
130	137
130	2107
130	2203
130	4711
34	137
34	1740
34	2497
34	3293
34	4418
34	4472
34	5101
137	47
137	117
137	4153
137	4163
137	4236
137	4237
137	4375
137	4378
137	4413
137	4423
137	4498
137	4592
137	4735
137	4878
137	4892
137	5152
137	5383
137	5527
1740	310
35	204
35	214
35	427
35	3300
35	5137
204	140
204	403
204	524
204	624
204	821
204	828
204	862
204	975
204	1090
204	1204
204	1452
204	1466
204	1556
204	1861
204	1929
204	2450
204	2825
204	2972
204	3052
204	3731
204	3879
204	4221
204	4272
204	4344
204	4540
204	4978
204	5314
214	375
214	427
214	470
214	981
214	1136
214	1329
214	1686
214	2017
214	2031
214	2133
214	2140
214	2673
214	2683
214	2919
214	3222
214	3239
214	3240
214	3271
214	3300
214	3464
214	3655
214	3664
214	3807
214	4058
214	4411
214	4521
214	4836
214	5067
214	5405
214	5412
214	5493
214	5516
427	375
427	627
427	747
427	915
427	933
427	981
427	1032
427	1686
427	1753
427	1795
427	1862
427	1949
427	1971
427	2017
427	2031
427	2336
427	2599
427	2781
427	3227
427	3271
427	3423
427	3464
427	3600
427	3688
427	3909
427	4058
427	4263
427	4408
427	4414
427	4868
427	5024
427	5067
36	403
36	726
36	860
36	1111
36	2086
36	2984
36	3213
36	3968
36	4143
36	5025
403	140
403	183
403	836
403	1015
403	1070
403	1111
403	1140
403	1561
403	1820
403	2264
403	2386
403	2499
403	2576
403	2676
403	3101
403	3716
403	3968
403	4005
403	4561
403	5303
1111	379
2086	398
3968	157
492	699
492	834
492	1511
492	2061
492	2424
492	2770
492	3322
492	5272
492	5274
1135	216
1135	299
1877	84
2560	475
2669	502
2684	234
3274	158
3274	209
3274	217
4062	190
4077	174
51	38
51	313
51	316
51	332
51	1107
51	1657
51	1838
51	2058
51	2391
51	2822
51	2823
51	2968
51	3339
51	4362
51	4820
51	4869
51	5145
51	5501
38	1657
38	1838
38	2777
38	3168
38	3458
38	3482
1657	164
1838	233
3458	268
127	39
127	292
127	855
127	1292
127	1636
127	1689
127	2024
127	2160
127	3309
127	5243
39	544
39	766
39	965
39	3095
39	3519
39	3744
39	4181
39	5253
3095	125
3095	190
3095	476
5234	73
41	55
41	233
41	350
41	363
41	616
41	645
41	908
41	909
41	912
41	1105
41	1152
41	1916
41	2296
41	2322
41	2579
41	2864
41	3093
41	3702
41	3736
41	3805
41	4145
41	4188
41	4445
41	4619
41	4844
41	4871
41	5200
41	5312
55	350
55	1038
233	78
233	92
233	350
233	453
233	479
233	498
233	537
233	736
233	802
233	831
233	961
233	1120
233	1230
233	1455
233	1698
233	1813
233	1818
233	1969
233	2012
233	2142
233	2147
233	2284
233	2330
233	2518
233	2532
233	2962
233	3010
233	3161
233	3379
233	3775
233	4090
233	4202
233	4353
233	4417
233	4565
233	4787
233	4889
233	4937
233	5106
233	5288
233	5504
233	5531
350	78
350	93
350	129
350	236
350	645
350	829
350	888
350	912
350	4065
350	4527
350	4761
350	5200
350	5201
363	141
363	3218
363	3810
363	4743
363	4950
363	4954
645	379
2864	312
3702	94
3702	221
3702	453
3805	141
3805	160
3805	471
3805	484
4145	453
4871	442
5200	376
93	42
93	557
93	1387
93	1404
93	1755
93	1891
93	1962
93	2226
93	2280
93	2820
93	3205
93	3545
93	3745
93	4080
93	4743
93	4837
93	5508
42	710
42	934
42	986
42	1171
42	1365
42	1688
42	1719
42	2007
42	2159
42	2301
42	2354
42	3493
42	3530
42	3607
42	4087
42	4199
42	4437
42	4599
42	4856
42	4967
42	5039
42	5178
42	5385
1974	43
1974	180
43	2000
43	2029
43	2100
43	2189
43	2268
43	2355
43	2459
43	2540
43	2571
43	3083
43	3089
43	3392
43	3406
43	3559
43	3575
43	3601
43	3795
43	3845
43	3867
43	3934
43	3938
43	4061
43	4082
43	4222
43	4352
43	4367
43	4479
43	4519
43	4574
43	4670
43	4698
43	4784
43	4867
43	4959
43	5147
43	5210
43	5245
43	5301
43	5366
43	5463
2029	45
2029	59
2029	96
2029	229
2029	398
2100	229
2189	201
2268	379
2355	379
2459	339
2540	464
2571	169
2571	235
2571	382
2571	425
3089	212
3392	156
3392	193
3392	201
3392	266
3795	446
3867	252
3867	470
3934	398
3938	118
3938	134
3938	180
3938	425
4061	162
4061	398
4082	70
4082	162
4082	212
4082	398
4352	171
4352	181
4784	343
4784	398
5210	154
5301	61
5301	134
5301	496
5366	379
5463	212
5463	304
5463	379
5463	499
63	44
63	791
63	1258
63	1295
63	1581
63	1655
63	2503
63	2612
63	4857
44	791
44	1258
45	121
45	125
45	199
45	200
45	285
45	425
45	437
45	1609
45	2046
45	2228
45	2300
45	2323
45	2663
45	2956
45	3385
45	3692
45	4996
45	5170
121	81
121	156
121	189
121	201
121	447
121	454
121	727
121	1066
121	1297
121	1340
121	1364
121	1411
121	1447
121	1465
121	1642
121	1811
121	1854
121	1858
121	1902
121	1944
121	2013
121	2179
121	2326
121	2392
121	2977
121	3031
121	3369
121	3715
121	3853
121	4147
121	4170
121	4285
121	4416
121	4454
121	4734
121	4814
121	5031
125	364
125	437
125	476
125	1102
125	1392
125	1535
125	1716
125	1880
125	2082
125	2222
125	3173
125	3390
125	3972
125	4176
125	5065
125	5131
199	53
199	196
199	4262
199	4277
199	4288
199	4462
199	4476
199	4488
199	5072
199	5357
199	5408
199	5481
199	5493
200	212
200	304
200	568
200	778
200	1385
200	1557
200	1965
200	2377
200	2380
200	2393
200	2415
200	2502
200	2580
200	3526
200	3692
200	3856
200	5246
200	5408
200	5448
285	90
285	96
285	177
285	2997
285	3053
285	3127
285	3131
285	3437
285	3447
285	3692
285	3763
285	3793
285	3862
285	4075
285	4141
285	4195
285	4200
285	4332
285	4334
285	4376
285	4728
285	4926
285	4973
285	5028
285	5030
285	5170
285	5261
285	5381
285	5513
425	54
425	176
425	361
425	398
425	819
425	994
425	1778
425	1970
425	1978
425	2445
425	2472
425	3430
425	4376
425	4781
437	70
437	364
437	398
437	570
437	573
437	1093
437	2228
437	3039
437	3173
437	5259
1609	244
2323	212
2663	343
3385	486
3692	156
3692	176
3692	212
4996	209
5170	157
46	515
46	782
46	1278
46	4031
46	4349
46	5303
76	47
76	4081
76	4206
76	4304
76	4313
76	4436
76	4439
76	4443
76	4586
76	4622
76	5086
76	5091
76	5107
76	5331
76	5350
76	5410
76	5478
47	209
47	893
47	1327
47	1680
47	1761
47	2108
47	2157
47	2565
47	3158
47	3329
47	3462
47	3710
47	4029
47	4436
47	4848
209	66
209	100
209	343
209	554
209	964
209	1686
209	1985
209	2157
209	2415
209	2468
209	2659
209	2744
209	2745
209	4170
209	5175
209	5427
2157	99
2157	368
3329	120
3462	84
3462	312
322	48
322	157
322	175
322	273
322	4908
322	4989
322	5012
322	5493
322	5532
48	375
48	1652
48	2250
48	2659
48	5516
375	345
375	441
375	836
375	1116
375	1118
375	1136
375	1252
375	1343
375	1349
375	1381
375	1391
375	1436
375	1474
375	1721
375	1753
375	1788
375	1851
375	1949
375	1971
375	1980
375	1995
375	2009
375	2067
375	2095
375	2110
375	2140
375	2208
375	2264
375	2419
375	2659
375	2683
375	2919
375	3141
375	3154
375	3227
375	3263
375	3763
375	3870
375	3941
375	4154
375	4273
375	4482
375	4949
375	5017
375	5067
375	5516
2659	95
5516	85
5516	174
5516	391
328	49
328	312
328	1531
328	1541
328	1660
328	1744
328	2191
328	2206
328	2341
328	3726
328	4944
328	5112
328	5525
49	732
49	1019
49	1449
49	3022
49	3954
49	4786
54	473
54	2415
301	609
301	1036
301	1469
301	1863
301	1907
301	1936
301	2586
301	2595
301	3333
301	3916
301	4168
301	4374
301	4465
301	4841
301	5277
2008	139
313	378
313	507
313	1126
313	1288
313	1448
313	1554
313	1859
313	1948
313	1999
313	2835
313	2872
313	2924
313	3091
313	3324
313	3360
313	3381
313	3773
313	3774
313	4362
313	4749
313	5034
313	5443
313	5506
316	412
316	580
316	752
316	969
316	988
316	1087
316	1267
316	2077
316	2868
316	2968
316	3353
316	3585
316	4360
316	5007
316	5291
332	72
332	86
332	303
332	312
332	4954
332	5055
332	5105
332	5118
332	5138
332	5219
332	5283
332	5289
332	5318
332	5421
332	5430
332	5469
2822	174
2822	290
5145	312
177	52
177	245
177	341
177	400
177	420
177	440
177	466
177	522
177	1037
177	1045
177	1346
177	1587
177	1591
177	1768
177	2665
177	2798
177	3254
177	3641
177	3642
177	3924
177	4027
177	4885
177	5022
52	466
52	810
52	935
52	967
52	1591
52	1768
52	2034
52	2116
52	2681
52	2928
52	3136
52	3668
52	4177
52	4673
52	4877
52	4929
52	4970
52	5054
466	391
466	420
466	440
466	709
466	723
466	853
466	1008
466	1013
466	1232
466	1591
466	1896
466	2034
466	2139
466	2634
466	2818
466	3217
466	3254
466	3295
466	3326
466	4103
466	4117
466	4611
466	4760
466	4797
466	4929
466	5022
466	5038
466	5088
1591	420
1591	440
4177	94
4177	440
4929	286
4929	290
4929	420
5054	286
5054	420
53	139
53	579
53	583
53	605
53	1046
53	2254
53	2758
53	3285
53	3609
53	4257
53	4330
53	5087
53	5157
53	5409
139	1225
139	1435
139	2005
139	2335
139	2736
139	3840
139	4246
583	69
583	342
583	377
1046	73
2254	78
3609	505
4330	84
4330	362
5157	240
473	442
473	833
473	1007
473	1933
473	2461
473	2937
473	3861
473	4404
473	4425
473	5196
473	5399
391	56
391	400
391	462
391	467
391	618
391	783
391	784
391	801
391	811
391	945
391	1049
391	1137
391	1434
391	1446
391	1476
391	1477
391	1596
391	1722
391	2124
391	2135
391	2217
391	2474
391	2654
391	2685
391	2774
391	2819
391	2925
391	3021
391	3058
391	3126
391	3156
391	3217
391	3266
391	3411
391	3435
391	3436
391	3580
391	3716
391	3726
391	4219
391	4424
391	4601
391	4726
391	4815
391	5217
391	5520
56	467
56	1656
56	5520
467	462
467	1656
467	2217
467	2773
467	2774
467	3021
467	4601
467	5520
113	135
113	345
113	497
113	1021
113	1583
113	2028
113	2351
126	70
126	5295
138	96
138	4543
138	4569
138	4812
138	5117
162	70
162	171
162	175
162	265
162	266
162	273
162	379
162	398
162	905
162	1205
162	1385
162	1473
162	1515
162	1619
162	1760
162	2101
162	2290
162	2592
162	2920
162	3696
162	4012
162	4067
162	4159
162	5281
162	5408
169	592
169	635
169	643
169	646
169	733
169	985
169	1131
169	1292
169	1342
169	1460
169	1533
169	1666
169	1992
169	2396
169	2413
169	2500
169	2953
169	2957
169	3063
169	3078
169	3267
169	3351
169	3390
169	3635
169	3923
169	4306
169	4419
169	4508
169	4613
169	4757
169	5073
169	5427
175	70
175	151
175	226
175	252
175	262
175	273
175	335
175	379
175	383
175	398
175	470
175	503
175	865
175	902
175	1306
175	1436
175	1723
175	1805
175	1998
175	2547
175	2553
175	3042
175	3754
175	4689
175	4785
175	4834
175	5012
175	5140
279	651
279	1087
279	1139
279	1644
279	1703
279	1790
279	1832
279	2062
279	2087
279	2096
279	2260
279	2287
279	2848
279	2884
279	3334
279	3592
279	3704
279	4013
279	4307
279	4459
279	4481
379	70
379	193
379	398
379	405
379	574
379	1784
379	1809
379	1827
379	2343
379	2890
379	2978
379	3181
379	3589
379	3696
379	4015
379	4138
379	4298
379	4465
379	4582
379	5434
379	5470
398	70
398	176
398	226
398	252
398	273
398	335
398	342
398	364
398	405
398	421
398	775
398	1068
398	1092
398	1234
398	1306
398	1529
398	1622
398	1683
398	1994
398	2309
398	2547
398	2785
398	2878
398	2883
398	2920
398	3109
398	3231
398	4196
398	4298
398	4465
398	5084
904	217
904	241
904	461
1985	66
1985	193
4419	86
4419	174
335	59
335	70
335	503
335	620
335	770
335	1519
335	1624
335	1640
335	3029
335	3336
335	3449
335	4178
335	4780
59	486
59	519
59	520
59	595
59	596
59	617
59	619
59	1042
59	1081
59	1547
59	1692
59	1823
59	1849
59	2178
59	2183
59	2265
59	2375
59	2671
59	2708
59	2805
59	3097
59	3770
59	4045
59	4448
59	4765
59	5067
59	5093
486	514
486	530
486	859
486	1042
486	1168
486	1424
486	1886
486	2614
486	2779
486	3361
486	3364
486	3539
486	3834
486	3838
486	3880
486	4266
486	4487
486	5067
520	70
520	361
1692	426
2265	180
5067	85
5067	111
5067	117
5067	318
5067	441
61	60
61	3576
61	3597
61	3731
61	3738
61	4020
61	4136
61	4243
61	4344
61	4501
61	4666
61	4742
61	4750
61	4774
61	4860
61	4941
61	5119
61	5166
60	62
60	304
60	469
60	562
60	1381
60	1658
60	1749
60	2521
60	2699
60	4739
60	4790
60	5219
62	304
62	369
62	372
62	499
62	798
62	1282
62	1563
62	1792
62	2098
62	2325
62	2550
62	3175
62	4017
62	4130
62	5219
62	5242
62	5458
304	157
304	212
304	236
304	4290
304	4303
304	4382
304	4489
304	4532
304	4813
304	5099
304	5104
304	5284
304	5318
469	593
469	742
469	940
469	1110
469	1151
469	1166
469	1412
469	1517
469	1618
469	1881
469	2457
469	2564
469	2581
469	2613
469	2952
469	2961
469	3183
469	3408
469	3431
469	3475
469	3564
469	3621
469	3665
469	3842
469	4132
469	4189
469	4235
469	4562
469	4595
469	4728
469	4849
469	4942
469	5155
469	5247
469	5346
562	212
1381	345
1749	372
1749	383
1749	446
1749	464
5219	97
5219	156
5219	456
3731	140
3731	157
4136	338
4344	111
4501	97
4666	338
4941	303
4941	480
5119	496
369	372
369	456
369	499
369	785
369	798
369	948
369	949
369	1069
369	1174
369	1262
369	1416
369	1565
369	1647
369	1681
369	1792
369	2014
369	2325
369	2470
369	2595
369	3184
369	3235
369	3553
369	3679
369	4532
369	4536
369	4759
369	4999
369	5242
369	5318
372	241
372	340
372	499
372	798
372	1076
372	1087
372	1124
372	1712
372	1814
372	1932
372	2042
372	2052
372	2077
372	2365
372	2594
372	2608
372	3038
372	3090
372	3193
372	3268
372	3308
372	3719
372	3722
372	3804
372	3861
372	3865
372	3944
372	4017
372	5071
499	81
499	98
499	212
499	454
499	456
499	5030
499	5104
499	5176
499	5315
499	5510
2098	96
2503	284
2503	399
64	1301
64	1333
64	4773
64	4944
65	378
65	2535
65	4576
378	176
378	426
378	480
378	1030
378	1911
378	2622
378	2688
378	2752
378	2816
378	3120
378	3754
378	4047
378	5012
378	5190
66	340
66	564
66	1186
66	1850
66	2070
66	2303
66	2344
66	2744
66	2888
66	4512
340	154
340	241
340	685
340	1186
340	1209
340	2052
340	2594
340	2989
340	3193
340	3804
340	3861
340	4425
340	4490
2744	343
67	644
67	2498
67	4438
67	5235
4438	286
4438	311
3193	241
3696	443
3844	201
4067	156
4067	201
4067	266
4067	273
4203	201
4204	201
4204	266
4298	212
5191	234
5464	154
5464	201
69	96
69	212
69	229
69	819
69	1147
69	1953
69	2140
69	2187
69	2614
69	2615
69	2809
69	2811
69	2944
69	3072
69	3165
69	3622
69	3623
69	3783
69	4254
69	4416
69	4713
69	4752
69	4764
69	5405
96	417
96	543
96	614
96	687
96	907
96	970
96	1157
96	1214
96	1372
96	1479
96	1493
96	1553
96	1887
96	1960
96	2187
96	3257
96	3450
96	3586
96	3848
96	4792
96	4838
96	5212
212	117
212	157
212	529
212	568
212	653
212	753
212	813
212	1084
212	1237
212	1557
212	1677
212	1951
212	2073
212	2188
212	2501
212	2937
212	2976
212	2985
212	3165
212	3481
212	3605
212	3711
212	3765
212	3912
212	4025
212	4311
212	4380
212	4520
212	4542
229	197
229	1529
229	2614
229	2949
229	5077
819	359
1953	143
1953	293
2140	180
2140	377
2187	359
2187	496
2614	293
4416	81
4416	85
4416	156
4416	193
4416	195
4416	201
70	193
70	271
70	273
70	421
70	754
70	775
70	1385
70	1451
70	1529
70	1564
70	1620
70	2051
70	2285
70	2484
70	2522
70	2772
70	2893
70	2946
70	2947
70	2985
70	2990
70	3109
70	3526
70	3671
70	4153
70	4465
70	5079
70	5133
70	5468
70	5481
193	195
193	201
193	271
193	731
193	1004
193	1239
193	1304
193	1451
193	1495
193	1534
193	2102
193	2137
193	2621
193	3109
193	3204
193	4897
193	5072
271	188
271	5057
271	5066
271	5256
273	262
273	265
273	266
273	421
273	1302
273	1306
273	1683
273	2522
273	2547
273	2553
273	2856
273	3042
273	3199
273	3327
273	3368
273	3739
273	4153
273	4224
273	4689
273	5079
421	1083
421	1385
421	2285
421	2920
421	3671
421	4518
421	5097
421	5133
754	262
1385	158
1451	201
1529	176
2522	265
2522	266
3109	201
4153	154
4465	226
5079	265
5079	266
156	71
156	181
156	195
156	201
156	249
156	265
156	266
156	347
156	680
156	778
156	796
156	1286
156	1340
156	1369
156	1495
156	1573
156	1736
156	1842
156	2367
156	2509
156	2551
156	2927
156	3046
156	3199
156	3204
156	3693
156	4346
156	4618
156	5263
156	5382
156	5489
71	3693
72	843
72	1182
72	1922
72	2134
72	2258
72	2287
72	2909
72	3294
72	3400
72	3821
72	3995
72	4307
72	4421
72	4952
72	5330
72	5367
72	5430
2287	217
73	195
73	800
73	996
73	1112
73	1208
73	1227
73	1420
73	1505
73	1853
73	1964
73	1973
73	2092
73	2137
73	2224
73	2913
73	3373
73	3506
73	3873
73	3909
73	4345
73	4778
73	4858
73	5224
73	5254
73	5411
195	188
195	3755
195	3818
195	3898
195	4500
195	4509
195	4556
195	4730
195	4847
195	4879
195	5066
195	5256
195	5344
195	5362
195	5484
2092	188
2137	201
2137	491
74	321
321	84
321	119
321	464
321	2069
321	2376
321	2554
321	3414
5056	228
5056	453
5439	400
5439	415
4206	284
3593	470
3672	470
4263	146
4263	389
4297	146
4297	303
4297	367
4297	389
4334	470
4455	503
4575	498
4618	389
4647	315
4647	500
4730	247
129	78
129	1072
129	1559
129	1705
129	3190
129	3516
78	218
78	428
78	709
78	1001
78	1022
78	1023
78	1413
78	1456
78	1504
78	1843
78	1882
78	2253
78	2255
78	2881
78	2894
78	2921
78	3518
78	3835
78	4951
78	5069
78	5237
78	5288
78	5329
78	5429
78	5474
428	2605
428	3396
428	3468
428	4714
428	5115
3518	183
5288	114
85	80
85	3861
85	3870
85	3903
85	3966
85	3991
85	4025
85	4079
85	4128
85	4154
85	4273
85	4378
85	4581
85	4607
85	4632
85	4650
85	4663
85	4754
85	4819
85	4821
85	4828
85	4938
85	4949
85	4985
85	5037
85	5052
85	5076
85	5151
85	5189
85	5279
85	5352
85	5375
85	5390
85	5459
85	5473
85	5491
85	5492
80	2387
2387	452
81	447
81	454
81	590
81	718
81	727
81	729
81	803
81	1297
81	1411
81	1465
81	1557
81	1642
81	1828
81	2033
81	2242
81	2326
81	2618
81	3207
81	3232
81	3715
81	4270
81	4285
81	4972
81	5085
81	5457
447	454
447	1180
447	2992
447	3457
454	98
454	231
454	383
454	411
454	543
454	727
454	1117
454	1324
454	1411
454	1570
454	1723
454	1944
454	1952
454	2150
454	2392
454	2635
454	3330
454	3624
454	3715
454	4270
454	4547
454	4662
454	5029
454	5111
4270	452
4972	262
525	82
82	3829
116	453
116	547
116	629
116	973
116	2144
116	3033
116	4074
116	4187
116	4267
116	4954
116	5163
116	5194
260	471
1094	219
2131	180
2131	487
4053	180
4074	160
4074	264
4074	468
4299	180
84	512
84	603
84	1217
84	1662
84	1738
84	1787
84	2023
84	2372
84	2726
84	2839
84	3149
84	3354
84	3366
84	3497
84	4093
84	4339
84	4596
84	5503
3366	103
4339	389
3861	496
3966	345
4025	98
4025	157
4154	318
4378	117
4581	154
4581	262
4754	441
4949	318
4949	345
4949	426
4949	441
4949	495
5037	441
5390	318
5390	345
5390	441
5491	318
5491	345
5491	441
5492	318
88	86
88	173
88	174
88	1604
88	1715
88	2648
88	4661
86	173
86	174
86	807
86	830
86	936
86	950
86	1073
86	1292
86	1319
86	1475
86	1488
86	1930
86	2088
86	2256
86	2277
86	2400
86	2573
86	2601
86	2739
86	2966
86	3189
86	3477
86	3565
86	3586
86	3689
86	3749
86	3781
86	3796
86	3808
86	4073
86	4179
86	4247
86	4306
86	4350
86	4373
86	4457
86	5055
86	5222
86	5252
173	174
173	988
173	1122
173	1892
174	117
174	183
174	268
174	397
174	662
174	778
174	830
174	988
174	1416
174	1604
174	1799
174	1892
174	2016
174	2181
174	2359
174	2501
174	2602
174	2678
174	3143
174	3343
174	3481
174	3929
174	4095
174	4179
174	4280
174	4425
174	5236
174	5335
174	5401
830	303
1292	131
2739	312
3586	330
3586	500
3689	495
87	1218
87	2546
87	3871
87	4228
1218	326
2546	92
4661	94
167	89
167	101
167	366
167	1551
89	366
89	487
89	827
89	1313
89	1314
89	1691
89	2236
89	2262
89	2465
89	2529
89	2630
89	2914
89	3302
89	3987
89	4096
89	4118
89	4283
89	4314
366	101
366	365
366	656
366	740
366	1060
366	1145
366	1313
366	1314
366	1691
366	2160
366	2232
366	2236
366	2914
366	3053
366	3332
366	3616
366	3987
366	4314
366	5226
366	5320
487	180
487	292
487	365
487	458
487	468
487	878
487	1312
487	1693
487	1938
487	2002
487	2423
487	3212
487	3523
487	3882
487	4120
487	4183
487	4770
487	4832
487	4954
487	5027
1313	101
1314	101
1314	468
2236	101
90	543
90	1210
90	1285
90	1661
90	1668
90	1781
90	1810
90	2472
90	2647
90	2971
90	3127
90	3410
90	3816
90	4317
90	4376
543	383
1285	303
2472	338
2472	411
141	91
141	415
141	450
141	484
141	531
141	626
141	920
141	1440
141	1785
141	1871
141	2587
141	2672
141	3250
141	3428
141	3442
141	3706
141	4094
141	4151
141	4249
141	4687
91	365
91	1308
91	1824
91	4882
365	148
365	324
365	448
365	456
365	458
365	471
365	476
365	572
365	626
365	702
365	1003
365	2035
365	2040
365	2075
365	2193
365	2346
365	2741
365	2923
365	3003
365	3212
365	3546
365	3740
365	3762
365	3863
365	3892
365	4636
365	4680
365	4681
365	4702
365	4770
365	5453
365	5502
1308	292
1308	296
92	608
92	2903
92	3945
92	4252
92	4353
92	4744
2903	324
3945	114
1891	95
198	94
198	399
198	674
198	2756
198	2922
198	3297
94	277
94	290
94	400
94	691
94	712
94	874
94	929
94	1165
94	2047
94	2053
94	2756
94	2868
94	3917
94	4011
94	4925
94	5121
290	253
290	456
290	758
290	867
290	1014
290	1122
290	1249
290	2057
290	2800
290	2868
290	3705
290	4238
400	190
400	245
400	312
400	327
400	5102
400	5266
400	5278
400	5319
400	5435
691	440
712	172
929	312
2047	120
2047	140
2756	228
2868	312
2868	472
4011	456
4925	253
95	462
95	700
95	847
95	1027
95	1477
95	1478
95	1616
95	2129
95	2181
95	2817
95	3112
95	3298
95	3521
95	3567
95	3950
95	3996
95	4016
95	4101
95	4209
95	4260
95	4504
95	4850
95	5185
462	114
462	235
462	730
462	847
462	1138
462	1230
462	1331
462	1533
462	1750
462	2261
462	2334
462	2552
462	2794
462	2795
462	3112
462	3516
462	3632
462	3757
462	3899
462	4315
462	4741
462	4850
462	5122
462	5172
700	296
847	359
1027	354
1616	190
1616	476
3996	146
417	614
3257	411
456	97
456	455
456	471
456	545
456	869
456	896
456	995
456	1442
456	1558
456	1855
456	2014
456	2338
456	2447
456	2595
456	2735
456	3335
456	3393
456	3679
456	3958
456	4076
456	4099
456	4536
97	480
97	966
97	2566
97	2602
97	2644
97	2696
97	3340
97	3721
97	3905
97	4918
97	4922
97	4927
97	4932
97	5419
97	5437
480	4934
480	5206
480	5225
2566	359
5437	160
146	98
146	111
146	3357
146	3546
146	3784
146	3883
146	3893
146	4497
146	4678
146	4907
146	5186
146	5280
146	5493
146	5522
98	157
98	1172
98	2158
98	2201
98	2208
98	2272
98	2673
98	2683
98	3006
98	3141
98	3159
98	3277
98	3323
98	3750
98	3800
98	4489
98	4921
98	5267
157	261
157	342
157	568
157	1144
157	1263
157	1795
157	1989
157	2013
157	2156
157	2297
157	2606
157	2633
157	2676
157	2899
157	3119
157	3303
157	3481
157	3860
157	4242
157	4296
157	5275
2208	345
2673	183
2683	164
3141	345
3277	495
4921	134
148	99
148	220
148	238
148	458
148	1123
148	1357
148	2030
148	2658
148	2808
148	3358
148	3495
148	4116
148	4250
148	4372
148	5351
99	222
99	238
99	1048
99	1943
99	3234
99	4396
99	4658
222	164
222	701
222	703
222	1758
222	2013
222	2026
222	2422
222	2562
222	2637
222	3146
222	3244
222	3256
222	3349
222	3528
222	4217
222	4328
222	4720
222	4749
222	5526
238	220
238	589
238	748
238	797
238	1048
238	1279
238	1346
238	1443
238	1482
238	1627
238	2018
238	2318
238	2349
238	2432
238	2446
238	2650
238	2665
238	2895
238	3233
238	3234
238	3299
238	3794
238	3806
238	4665
238	4667
238	4671
238	4715
238	4798
238	4940
238	5041
1048	231
1048	245
101	677
101	779
101	1006
101	1542
101	2025
101	2225
101	2463
101	2902
101	3011
101	3128
101	3133
101	3443
101	3651
101	3817
101	4057
101	4255
101	4335
101	4563
101	4753
101	4794
3133	303
327	102
327	109
327	703
327	850
327	1393
327	1501
327	1846
327	2166
327	2734
327	2775
327	2842
327	2866
327	3137
327	3254
327	3955
327	4766
102	3939
3939	298
3939	440
103	471
103	1834
103	2163
103	2491
103	2543
103	3532
103	3582
103	3583
103	4014
103	4156
103	4626
103	4830
103	5386
471	170
471	179
471	448
471	453
471	458
471	582
471	704
471	1338
471	1405
471	1530
471	2587
471	3054
471	3863
471	4171
2491	217
140	828
140	975
140	1078
140	1140
140	1484
140	1776
140	1836
140	2160
140	2865
140	2926
140	2936
140	2986
140	3326
140	3677
140	4152
140	4758
140	4890
140	4984
140	5355
140	5413
701	123
701	319
701	320
701	420
1480	488
1713	298
1713	319
1967	488
2302	296
2435	362
2759	388
171	259
171	307
171	3754
171	4602
259	134
259	176
259	181
259	244
386	1089
386	1322
386	1457
386	1659
386	1716
386	2082
386	2175
386	2383
386	3504
386	3638
386	4050
386	4148
386	4585
386	5095
386	5454
3754	252
318	4022
318	4106
318	4532
318	4939
318	5187
426	361
426	625
426	650
426	955
426	1290
426	1848
426	2271
426	2530
426	2712
426	3079
426	3169
426	3398
426	3732
426	3854
426	4106
426	4112
426	4341
426	4342
426	4625
426	4991
426	4993
1155	217
1243	343
3085	377
3854	183
3854	361
3854	495
4340	134
1840	164
405	108
405	1065
405	1403
405	1706
405	1902
405	2694
405	4986
108	3463
108	4477
108	4590
109	737
109	838
109	998
109	1119
109	1163
109	1265
109	1462
109	1491
109	1492
109	1690
109	2754
109	2787
109	2934
109	3065
109	3098
109	3858
109	4979
661	110
110	1741
110	2799
111	1238
111	1468
111	1730
111	2048
111	2199
111	2419
111	2561
111	2836
111	4106
111	4827
111	4939
1238	446
4939	441
3556	112
112	4866
135	345
135	495
345	441
345	497
345	806
345	892
345	1252
345	1375
345	1391
345	1939
345	2076
345	2110
345	2837
345	2851
345	2919
345	3227
345	5061
345	5334
345	5389
497	446
497	464
497	470
183	114
183	323
183	495
183	1008
183	2110
183	3875
183	3876
183	4200
114	235
114	528
114	790
114	1086
114	1220
114	2532
114	3351
114	5051
235	336
235	587
235	621
235	923
235	1213
235	1539
235	2038
235	2059
235	2174
235	2315
235	2610
235	3032
235	3108
235	3281
235	3402
235	3573
235	3639
235	4320
235	5395
3351	330
117	115
117	268
117	429
117	556
117	957
117	1276
117	1537
117	1780
117	1841
117	2110
117	2937
117	3025
117	3535
117	4400
115	607
115	1063
115	1316
115	1395
115	1521
115	1538
115	1732
115	3051
115	3713
115	4180
115	4824
453	1637
453	1638
453	1968
453	2145
453	2184
453	2434
453	2456
453	3379
453	3922
453	3974
453	4160
453	4187
453	4208
453	4710
453	5531
4187	160
4187	504
4267	288
4954	264
4954	450
5163	180
268	584
268	890
2937	201
118	681
118	759
118	1617
118	2524
118	2525
118	4172
118	4268
118	5422
4172	180
4172	244
4172	470
119	2213
385	120
385	3024
385	3449
385	4347
120	842
120	1056
120	3376
120	4269
201	154
201	266
201	762
201	778
201	1004
201	1340
201	1369
201	1495
201	1622
201	1735
201	1736
201	1819
201	2132
201	2173
201	2350
201	3046
201	3204
201	3761
201	3851
201	4897
201	4928
201	5072
201	5263
2013	241
715	122
122	716
122	1355
122	1390
122	1427
122	1444
122	1816
122	2508
122	2639
122	2652
122	3225
122	3549
122	3877
122	3886
122	3918
122	4220
122	4554
122	4608
122	4914
122	5128
122	5220
122	5472
2639	202
625	123
123	1266
123	1736
123	2305
123	3077
123	3180
123	3409
123	3631
1736	491
5258	124
5258	274
124	5424
364	931
364	1283
364	1407
364	2281
364	2831
364	3173
364	3203
364	3533
364	5001
364	5322
476	1191
476	1675
476	1860
476	1880
476	2298
476	2420
476	2436
476	2588
476	2700
476	3009
476	3259
476	3282
476	3284
476	3740
476	4034
476	4565
476	4895
476	5270
476	5311
476	5316
476	5500
1535	244
3390	190
3390	293
3390	475
292	612
292	660
292	855
292	856
292	941
292	1106
292	1615
292	2121
292	2515
292	2717
292	3105
292	3125
292	3200
292	3429
292	4463
292	4675
292	4691
292	4731
292	4839
292	5028
292	5450
292	5513
1689	353
2024	397
2160	458
1072	240
131	886
131	2439
4845	154
133	2520
134	666
134	668
134	799
134	942
134	1008
134	3485
134	3846
134	4476
1008	495
495	641
495	698
495	707
495	756
495	1474
495	2348
495	2752
495	3186
495	3512
495	5340
1842	136
136	2731
136	2840
415	5070
415	5351
415	5499
450	231
450	264
450	481
450	484
450	705
450	1141
450	1376
450	1398
450	1417
450	1569
450	1649
450	1774
450	2235
450	2534
450	2557
450	3105
450	3138
450	3706
450	4048
450	4244
450	4471
450	4896
484	481
484	692
484	705
484	924
484	960
484	1035
484	1300
484	1398
484	1926
484	2127
484	2164
484	2534
484	2557
484	3138
484	3276
484	3442
484	3577
484	3669
484	3792
484	4048
484	4084
484	5351
1440	468
2587	190
3442	468
3442	481
197	142
197	362
197	5265
142	338
338	143
338	452
338	879
338	1325
338	1354
338	1402
338	1918
338	1937
338	2044
338	2310
338	2448
338	2458
338	2487
338	2559
338	2666
338	2850
338	3002
338	3420
338	4668
338	4679
338	4683
143	448
143	2084
143	2428
143	2559
143	2624
143	2748
143	3105
143	3538
143	3681
143	3779
143	4175
143	4594
143	4668
143	4679
143	4955
143	4957
143	5203
448	2109
448	2433
448	3892
4594	397
288	968
288	1201
288	1294
288	2942
288	2993
288	3028
288	3387
288	3974
288	5215
288	5250
901	376
1082	503
1197	498
3357	464
3883	411
4678	179
4907	411
5186	397
5280	411
253	147
253	1458
253	1499
253	2829
253	2852
253	3243
253	3705
253	4090
220	728
220	1328
220	1627
220	1935
220	2349
220	2595
220	2596
220	3794
220	4217
220	4522
220	4526
220	4802
220	4842
220	5041
220	5109
458	190
458	488
458	1321
458	2507
458	2570
458	3008
458	3318
458	3963
149	483
149	1574
149	3262
483	2464
483	3591
3262	376
359	239
359	311
359	638
359	2105
359	3438
359	4226
359	5221
823	236
2230	459
2407	459
3264	267
151	683
151	1085
151	3740
151	3937
151	4685
151	4911
367	152
367	303
367	355
367	1212
367	1332
367	1678
367	2589
367	2679
367	2750
367	3729
367	3743
367	3993
367	4806
367	5446
152	670
152	1386
152	1586
152	1905
152	2311
152	2358
152	2410
152	2479
152	2572
152	2869
152	3499
152	4322
152	4987
152	5154
152	5446
202	560
202	1207
202	1261
202	1280
202	1350
202	1370
202	1467
202	1639
202	1794
202	2027
202	2307
202	2363
202	2388
202	2771
202	3029
202	3123
202	3517
202	3637
202	3855
202	4429
202	4469
202	4808
202	4982
202	5251
202	5305
2751	196
154	262
154	443
154	1377
154	2369
154	2723
154	3048
154	3223
154	3879
154	4409
154	4693
154	4986
154	5002
262	672
262	916
262	979
262	1005
262	1335
262	1410
262	1622
262	1694
262	2146
262	2148
262	2269
262	2347
262	2473
262	2584
262	2640
262	2677
262	2791
262	2995
262	3042
262	3368
262	3479
262	3503
262	3825
262	4496
262	4564
262	4870
262	5296
443	778
443	917
443	1663
443	2353
443	2729
443	3928
443	4162
443	4833
443	5380
1377	252
506	155
506	588
506	1773
506	4035
155	4709
155	5392
181	347
181	491
181	778
181	1203
181	1384
181	2414
181	2927
181	5160
249	1215
249	1273
249	1549
249	2827
249	3685
249	4054
249	4644
265	266
265	913
265	1371
265	2664
265	3199
265	3709
265	3920
265	4915
266	913
266	1371
266	2173
266	2220
266	2394
266	2664
266	3199
266	3327
266	4915
347	491
347	680
347	778
347	1203
347	2927
347	4234
778	491
778	496
3204	491
261	342
261	559
261	787
261	894
261	1064
261	1154
261	1179
261	1185
261	1233
261	1254
261	1608
261	1695
261	1704
261	1756
261	1857
261	1963
261	2267
261	2306
261	2370
261	2542
261	2575
261	2611
261	2885
261	2910
261	3016
261	3552
261	3555
261	3568
261	3595
261	3620
261	4055
261	4092
261	4412
261	4558
261	4633
261	5125
261	5182
261	5183
261	5403
261	5482
342	517
342	1058
342	1439
342	1503
342	1737
342	1983
342	2324
342	2763
342	2785
342	2975
342	3129
342	3303
342	3486
342	3658
342	3675
342	4865
342	4977
2297	176
2297	402
3860	402
158	841
158	844
158	987
158	1130
158	1277
158	1527
158	1801
158	2221
158	2583
158	2591
158	2627
158	2904
158	2951
158	3012
158	3043
158	3728
158	3940
158	4056
158	4282
158	4403
158	4491
158	5008
1095	159
159	1845
159	2015
159	2113
159	2364
159	2761
159	3069
159	3997
159	4725
159	4906
159	5144
159	5414
352	160
160	1920
160	1924
160	2279
160	3850
160	3874
160	3953
1173	172
1910	461
3301	361
5164	303
5192	478
164	254
164	1320
164	2223
164	3930
164	4241
254	697
254	1321
254	2286
5406	412
182	168
182	1507
182	1555
182	1812
182	2861
182	4123
182	4232
168	861
168	1876
168	2202
168	2504
168	2829
168	2847
168	3000
168	3498
168	3824
168	4063
168	4182
168	4478
168	4797
168	5432
4797	245
733	377
733	439
2500	203
243	172
172	597
172	659
172	1143
172	2003
172	2742
172	3417
172	3686
172	4513
172	4514
172	4912
172	4974
172	5004
4513	319
4513	420
397	882
397	2359
397	2567
397	2849
4425	242
4425	442
226	958
226	1162
226	1388
226	1490
226	1786
226	1807
226	1986
226	2340
226	2485
226	3014
226	3075
226	3407
226	3424
226	3604
226	3618
226	3872
226	4102
226	4887
226	5100
252	997
252	1101
252	1651
252	1696
252	2313
252	2577
252	2686
252	3524
252	3659
252	4036
252	4405
252	4555
252	5277
383	902
383	922
383	1570
383	4779
383	4948
470	244
470	536
470	918
470	997
470	1601
470	1643
470	1826
470	1912
470	1970
470	2133
470	2229
470	2416
470	2499
470	2512
470	3153
470	3202
470	3315
470	3316
470	3320
470	3558
470	3603
470	3625
470	3778
470	3791
470	4005
470	4525
470	4638
470	5058
503	1054
503	1653
503	1725
503	1807
503	1875
503	2149
503	2337
503	2929
503	3201
503	3902
503	4502
902	411
1998	377
4834	478
176	864
176	1570
176	2212
176	2309
176	2408
176	2687
176	4047
176	5084
1570	411
245	1627
245	1940
245	2071
245	2403
245	2900
245	3151
245	3310
245	4390
245	4853
245	4958
245	5441
341	1337
341	1344
341	1895
420	319
420	320
420	440
420	853
420	1045
420	2078
420	2192
420	2762
420	3254
420	3433
420	3569
420	4024
420	4117
440	3328
440	4825
440	5404
1587	286
3254	286
411	761
411	1087
411	1272
411	1664
411	1745
411	1883
411	2172
411	2448
411	2789
411	2996
411	3242
411	3448
411	4192
411	5162
411	5214
452	634
452	1067
452	1628
452	1667
452	1708
452	1772
452	1852
452	1908
452	1934
452	2055
452	2451
452	2730
452	2859
452	3019
452	3142
452	3350
452	3447
452	4033
452	4075
452	4604
452	4628
452	4729
452	5005
2414	267
2414	382
3429	459
3647	354
4674	215
4674	231
4682	215
4682	231
312	179
312	697
312	743
312	765
312	895
312	969
312	1562
312	1758
312	1777
312	1906
312	1914
312	3132
312	3976
312	5525
179	3053
179	5000
377	180
377	713
377	1509
377	1634
377	1917
377	2677
377	3176
377	3708
377	3960
180	604
180	636
180	1498
180	1717
180	1837
180	1904
180	1956
180	2031
180	2286
180	2328
180	2677
180	2692
180	2886
180	2941
180	3437
180	4431
180	4629
180	5218
180	5239
180	5248
180	5421
491	760
491	3116
491	3522
491	5066
4232	286
323	2959
323	3426
323	3666
323	3875
323	4160
4200	389
186	4729
187	546
187	3973
188	1284
188	1582
188	1764
188	2090
188	2505
188	2783
188	2999
188	3152
188	3171
188	3636
188	3649
188	4426
188	4541
188	4788
190	714
190	943
190	1890
190	2276
190	2426
190	3249
190	3259
190	3978
190	4565
714	459
2426	299
1389	191
191	2215
191	4589
191	5517
3849	192
1239	343
234	194
234	839
234	2721
234	3936
234	4393
234	5009
194	241
194	1287
194	4059
241	685
241	1187
241	1223
241	1264
241	1287
241	1605
241	1614
241	1699
241	1803
241	1844
241	1933
241	1984
241	2032
241	2050
241	3076
241	3187
241	3465
241	3786
241	4059
241	4258
241	4259
241	4572
241	4664
241	5045
241	5188
241	5358
196	671
196	1050
196	1927
196	2603
196	2661
196	3227
196	3374
196	4064
196	4233
196	5023
362	276
362	392
362	631
362	1222
362	2443
362	2486
362	3230
362	3395
399	882
399	1672
399	2728
399	2760
399	4386
399	4876
2502	231
1622	343
2173	496
203	880
203	1523
203	2182
203	4579
329	205
329	439
329	1763
205	439
205	1512
205	1590
205	2569
439	1142
439	1763
439	1779
439	2065
439	2467
439	3209
439	4669
291	2767
4217	300
4217	431
4370	354
4936	267
343	1194
343	1199
343	1951
343	1954
343	2227
343	2331
343	2527
343	2732
343	2740
343	2745
343	2955
343	3307
343	3452
343	4085
343	4550
343	4642
343	4732
343	4748
343	5451
343	5505
3449	274
231	215
231	232
231	251
231	257
231	402
231	572
231	577
231	664
231	705
231	734
231	856
231	919
231	1031
231	1051
231	1309
231	1701
231	2019
231	2292
231	2312
231	2317
231	2469
231	2609
231	2790
231	2901
231	3283
231	3394
231	3432
231	3453
231	3455
231	3456
231	3543
231	3548
231	4484
231	4522
231	4669
231	4699
231	4706
231	4715
231	4800
231	4956
231	5015
231	5466
215	257
215	664
215	919
215	2964
215	4484
257	558
257	561
257	688
257	1096
257	2085
257	2662
257	2982
257	3606
257	3832
257	4055
257	4796
257	5456
257	5521
217	330
217	555
217	675
217	836
217	1100
217	1178
217	1193
217	1259
217	1486
217	1494
217	1946
217	2252
217	2260
217	2288
217	2376
217	2429
217	2749
217	2882
217	2896
217	2908
217	3015
217	3375
217	3502
217	3603
217	3970
217	4286
217	4302
217	4316
217	4762
217	5098
217	5135
217	5333
217	5348
217	5349
217	5388
217	5467
330	532
330	675
330	777
330	815
330	840
330	926
330	928
330	1188
330	1669
330	1821
330	1941
330	1955
330	2143
330	2931
330	3226
330	3246
330	3388
330	3489
330	3660
330	3759
330	3780
330	3822
330	3927
330	4291
330	5141
4762	500
402	219
402	1018
402	1945
402	2476
402	2636
402	3266
402	3467
402	4193
402	5339
219	1158
219	1817
219	2327
219	2768
219	2907
219	3529
219	3536
219	4049
219	4348
219	5326
2089	221
221	2402
703	388
1594	223
1594	501
299	224
299	267
299	354
299	442
299	475
299	854
299	870
299	889
299	900
299	962
299	969
299	984
299	1041
299	1057
299	1128
299	1315
299	1406
299	1430
299	1471
299	1524
299	1623
299	1800
299	1942
299	2130
299	2431
299	2733
299	2979
299	3044
299	3150
299	3252
299	3319
299	3469
299	4119
299	4166
299	4369
299	4407
299	4516
299	4560
299	4630
299	4656
299	4903
299	5020
299	5238
224	623
224	769
224	978
224	1463
224	3113
224	5428
1947	228
228	2590
228	2653
228	2938
2938	334
4715	468
479	498
479	2112
479	4194
498	1097
498	1240
498	2112
498	2125
498	2366
498	2513
498	2701
498	2867
498	3380
498	3772
498	5209
2518	326
336	475
336	3047
336	3421
336	3735
3032	236
236	628
236	1029
236	1074
236	1077
236	1246
236	1734
236	2333
236	2531
236	3933
236	4109
236	4158
236	4161
236	4271
578	237
237	663
237	689
237	924
237	3100
237	3646
237	4817
237	5032
237	5173
924	481
239	1224
239	2804
239	4641
239	5094
239	5475
240	927
240	2332
240	3148
240	3236
240	3541
240	5074
927	432
3786	339
242	951
244	284
244	395
244	410
244	997
244	1417
244	1601
244	2473
244	2512
244	2626
244	3202
244	3484
244	3625
244	3778
244	3785
244	3890
244	5495
284	814
284	897
284	1417
284	1545
284	1611
284	2368
284	2421
284	2438
284	2597
284	2981
284	3036
284	3055
284	3911
284	3921
284	3957
284	4321
284	4529
284	4816
284	5019
284	5180
284	5449
395	410
395	652
410	652
410	1221
410	1275
410	1802
410	2022
410	2270
410	3382
410	3416
410	3471
410	4583
410	4746
3202	293
247	4900
247	5184
247	5213
247	5230
247	5294
247	5327
247	5332
247	5368
247	5370
5213	315
4054	389
1651	326
4036	339
1247	339
315	258
315	4451
315	4737
315	4823
315	5110
315	5292
315	5354
258	422
258	502
258	565
258	818
258	992
258	1132
258	1359
258	1931
258	1950
258	2616
258	2643
258	2689
258	2747
258	2855
258	3056
258	3059
258	3229
258	3613
258	3652
258	3730
258	4071
258	4129
258	4294
258	4384
258	4533
258	4623
258	4898
258	5132
258	5255
258	5507
422	502
422	745
422	776
422	1516
422	1931
422	1950
422	1990
422	2275
422	2544
422	3229
422	3613
422	3891
422	4323
422	4494
422	4597
422	4718
422	5159
422	5299
422	5511
502	654
502	720
502	873
502	883
502	1150
502	1192
502	1216
502	1228
502	1414
502	1437
502	1540
502	1630
502	1682
502	1720
502	1839
502	1909
502	1925
502	2314
502	2437
502	2641
502	2660
502	2725
502	2940
502	3001
502	3062
502	3086
502	3107
502	3305
502	3634
502	3683
502	3707
502	3906
502	4110
502	4318
502	4755
502	4905
502	4935
502	5003
502	5292
502	5306
2146	267
464	518
464	910
464	938
464	1169
464	1274
464	2243
464	2445
464	2713
464	3206
464	3544
464	3827
464	4366
464	4973
464	4990
464	5030
264	615
264	739
264	949
264	1569
264	1988
264	2155
264	2480
264	2834
264	3608
264	3751
264	3895
264	4174
264	4470
264	4603
264	4659
267	382
267	696
267	744
267	786
267	900
267	1009
267	1109
267	1339
267	1430
267	1513
267	1687
267	1733
267	1866
267	1903
267	2106
267	2495
267	2846
267	3275
267	3562
267	3574
267	3619
267	3977
267	4001
267	4038
267	4338
267	4534
267	4695
267	4705
267	4933
267	5480
382	711
382	808
382	848
382	1202
382	1257
382	3252
382	3758
382	3768
382	3868
382	3984
382	4038
382	4534
382	4535
382	4962
382	5035
382	5124
382	5452
744	293
2495	459
3562	308
651	274
274	763
274	1567
274	2625
274	3104
274	4300
826	275
275	914
275	1043
275	1729
275	1793
275	3007
275	3172
275	3291
275	4430
275	4593
275	5042
276	392
276	868
276	1183
276	2631
276	4186
276	4422
2631	298
278	3439
278	5006
5179	389
3144	478
897	468
286	521
286	649
286	738
286	875
286	895
286	1878
286	2195
286	2528
286	2765
286	4104
286	5231
286	5384
339	2352
612	459
2717	478
293	735
293	2097
293	2165
293	2257
293	2482
293	3560
293	3680
293	3727
293	3896
293	4004
293	5440
295	455
296	722
296	911
296	1088
296	1133
296	1352
296	1433
296	1485
296	1711
296	2455
296	2702
296	3060
296	3067
296	3071
296	3121
296	3140
296	3289
296	3460
296	3461
296	3596
296	4097
296	4538
296	4736
296	4772
296	4960
296	4961
296	5011
468	804
468	1310
468	1398
468	2120
468	2316
468	2548
468	2691
468	2828
468	2994
468	3138
468	3160
468	3332
468	4326
468	4524
468	4894
468	5461
298	508
298	631
298	1121
298	1347
298	1648
298	2321
298	2727
298	2830
298	2843
298	3344
298	3401
298	3472
298	4325
298	4712
354	538
354	563
354	665
354	750
354	930
354	948
354	1315
354	1422
354	1598
354	2319
354	2399
354	2411
354	2496
354	2655
354	2667
354	2735
354	2917
354	3070
354	3145
354	3150
354	3220
354	3342
354	3404
354	3491
354	3612
354	3653
354	3847
354	4149
354	4424
354	4654
354	4733
354	4789
354	4804
354	4888
354	4995
354	5020
354	5142
354	5193
354	5425
354	5515
442	1007
442	2180
442	2401
442	3047
442	3252
442	3814
442	4140
475	500
475	657
475	772
475	854
475	946
475	1588
475	1796
475	2289
475	2720
475	2788
475	2965
475	3162
475	3219
475	3241
475	3579
475	4197
475	4198
475	4442
475	4559
475	4560
475	5053
475	5169
431	300
431	2170
300	2161
300	2170
300	2715
303	461
303	510
303	516
303	549
303	757
303	899
303	906
303	937
303	1161
303	1190
303	1256
303	1367
303	1400
303	1441
303	1450
303	1546
303	1923
303	2119
303	2379
303	2533
303	2604
303	2793
303	2912
303	3030
303	3508
303	3673
303	3699
303	3720
303	3769
303	3965
303	4046
303	4124
303	4137
303	4401
303	4460
303	4530
303	4537
303	4655
303	4975
303	5063
461	381
461	757
461	1226
461	1330
461	1580
461	1770
461	1932
461	3584
461	3610
461	3644
461	3720
461	3946
461	3965
461	4371
461	4474
461	5402
3720	381
4532	441
310	2969
310	3092
310	3155
310	3356
310	4126
2969	501
311	673
311	1062
311	1613
311	3630
412	5462
4360	319
320	319
320	551
320	1697
320	2004
320	3733
320	3820
320	4117
320	4155
320	4551
319	1235
319	1576
319	2004
319	2114
319	2360
319	2558
319	2714
319	2948
319	3050
319	3292
319	3304
319	3643
319	3803
319	3813
319	3866
319	3988
319	4009
319	4117
324	952
324	1260
324	1707
324	2074
324	2214
324	2382
324	2792
324	3676
2382	326
368	1822
368	3096
368	3157
368	3370
368	3724
368	3926
368	3967
368	4190
368	5396
4301	446
650	326
326	977
326	1039
326	1373
326	1438
326	1709
326	2308
326	2753
326	3018
326	3124
326	3179
326	3211
326	3483
326	3961
326	4072
326	4499
326	4724
326	5046
5138	441
2339	334
4466	478
5171	478
2458	478
344	2682
441	4231
441	4523
441	4610
441	4801
441	4840
441	4909
441	5136
441	5139
441	5376
413	789
413	1241
413	1632
413	1702
413	1748
413	1831
413	2103
413	2122
413	2860
413	4331
413	4486
413	5108
1522	478
1522	500
1997	500
724	353
353	2198
353	2454
353	2651
353	4078
353	4173
353	4998
361	857
361	1348
361	1848
361	2712
361	3398
361	3554
361	3819
361	3831
361	3836
361	3852
361	4342
361	4993
371	885
371	921
371	1751
371	1769
371	1894
376	1305
376	5113
376	5528
381	1034
381	1351
381	2247
381	3826
381	3969
381	4030
381	5114
4585	389
430	2036
430	3182
430	3663
430	3701
430	5297
581	388
388	679
388	5394
3690	389
389	3752
389	3843
389	3932
389	3986
389	3989
389	4028
389	4037
389	4041
389	4295
389	4447
389	4511
389	4539
389	4643
389	4775
389	4969
389	5293
389	5423
389	5433
389	5485
3742	390
390	3777
390	4052
390	4191
390	4355
390	4453
390	4653
390	4723
390	5308
390	5387
1113	401
401	1893
401	2080
401	2263
401	3633
401	5257
496	509
496	866
496	1198
496	1621
496	1665
496	1783
496	1798
496	2954
496	3904
496	3983
496	4253
496	5232
4588	500
694	407
407	1244
407	3990
438	423
438	594
438	1281
438	4620
423	639
423	684
423	1052
423	1673
423	2449
423	2863
423	3434
423	3657
423	3979
423	5321
432	2210
504	1888
504	2063
504	2489
504	2519
504	2710
504	2965
504	3081
898	434
434	1766
434	1771
434	2205
434	2607
434	2709
434	2898
434	3020
434	4185
434	4600
434	5199
446	633
446	1002
446	1497
446	1510
446	1671
446	2406
446	4899
481	925
481	1061
481	1915
481	2006
481	2248
481	2373
481	2475
481	2755
481	3276
481	3280
481	3734
481	4134
481	4135
481	4244
481	4441
481	4896
481	5407
488	846
488	1231
488	2417
488	2466
488	3975
459	851
459	1153
459	1206
459	1454
459	1641
459	1874
459	2151
459	2720
459	2916
459	3040
459	3195
459	3314
459	3347
459	4211
459	4223
459	4356
459	4428
459	4677
459	4688
459	4963
3315	500
500	640
500	837
500	1401
500	1445
500	1566
500	1961
500	2494
500	3570
500	3684
500	3737
500	4305
523	478
478	1589
478	1806
478	2568
478	2716
478	4591
478	4861
501	3700
501	4216
