0	507
0	966
0	1003
0	1234
0	1261
0	1563
0	2014
0	160
0	1310
0	1472
0	1209
0	2332
0	1482
0	1850
0	113
0	266
0	2314
0	1748
0	1673
0	1347
1	1613
1	166
1	2143
2	2306
2	790
2	671
3	2318
3	1489
3	1764
3	1311
3	1961
3	191
4	930
4	46
4	2293
4	886
4	465
4	1423
5	1913
5	1993
5	1274
6	1375
6	345
7	1368
7	2199
7	593
7	1148
8	2061
8	766
8	792
9	158
9	172
9	255
9	263
9	269
9	303
9	433
9	455
9	796
9	892
9	947
9	1313
9	1397
9	1787
9	1883
9	1909
9	2127
9	2193
9	2336
9	1685
9	252
9	1242
9	689
9	2039
9	139
9	1841
9	2330
9	1290
9	1434
9	68
9	619
9	654
9	1484
9	2032
9	147
9	411
9	1888
9	1922
9	741
9	1104
9	1182
9	1300
9	632
9	1559
9	1378
9	1981
9	84
9	2021
9	1066
9	1496
9	715
9	342
9	181
9	1339
9	750
9	243
9	88
9	1957
9	244
9	1113
9	512
9	1392
9	1564
9	1601
9	2138
9	2354
9	919
9	520
9	1079
9	1718
9	355
9	393
10	271
10	1728
11	2258
11	1978
11	1260
11	1898
11	1530
12	731
12	1736
12	1526
12	965
12	1972
12	497
13	1836
13	1163
13	358
13	697
14	757
14	471
15	255
15	1218
15	457
15	1604
16	1257
16	731
16	196
16	209
16	747
17	158
17	727
17	1484
17	1378
17	1449
18	87
18	1591
18	297
18	254
18	704
18	2339
18	683
18	550
18	598
19	524
19	541
19	1881
19	1551
19	25
20	37
20	1357
20	1722
20	2178
20	2256
20	1278
20	528
20	1474
20	285
20	894
20	2260
20	325
20	1614
20	1664
20	1020
20	125
20	946
20	1987
20	1989
20	1237
21	89
21	594
21	847
21	1136
21	1116
21	2018
21	2011
22	426
22	1703
23	2114
23	1526
23	1536
23	1160
23	1049
23	869
23	1597
23	2054
24	642
24	1087
24	143
25	524
25	957
26	829
26	1251
27	473
27	1853
27	1328
28	2079
29	454
29	603
29	736
29	1571
29	2002
29	510
29	2059
29	2214
29	126
29	2203
30	1934
30	2004
30	1117
30	692
31	344
31	1182
31	573
32	800
32	514
32	163
32	389
32	173
32	413
33	212
33	690
33	919
33	1969
34	840
34	1689
34	2099
34	651
34	2236
34	934
34	1369
34	416
35	996
35	1425
36	284
36	2062
36	748
37	2178
37	1278
37	1474
37	478
37	2260
37	1163
37	1847
37	2003
37	2229
37	2080
37	1438
37	583
37	866
37	79
37	1556
37	589
37	870
37	872
37	1020
37	273
37	125
37	946
37	1121
37	2288
37	634
37	86
37	382
37	1532
37	1713
37	844
37	1754
37	758
37	2033
37	1237
38	1589
38	1643
39	1863
40	134
40	902
41	190
41	2251
42	1128
42	2091
42	2293
42	2198
42	1315
42	1858
42	1000
42	1670
42	1347
43	1606
43	1941
43	1735
43	979
43	784
43	1332
43	1631
43	421
43	1097
43	194
43	177
43	695
44	1427
45	588
45	786
45	1071
45	1241
45	1271
45	1645
45	1777
45	1206
45	1732
45	2265
45	1250
45	1096
45	785
45	410
45	1174
45	1445
45	1823
45	714
45	1067
45	131
45	1535
45	957
45	522
46	406
46	886
46	1573
46	2293
46	584
46	928
47	1322
47	535
47	2162
47	1615
47	1152
48	846
48	2178
49	1082
49	1212
50	298
50	392
51	2178
51	1655
51	1296
51	1163
51	637
51	1796
52	1648
52	1395
52	1916
52	345
52	1375
52	709
52	817
52	703
52	1837
52	2294
52	154
52	821
52	2219
52	351
52	1865
52	1053
52	2234
52	1627
53	1266
53	957
53	408
54	333
54	1468
54	1756
54	974
54	1564
54	2351
54	691
54	913
54	1216
54	1409
54	2245
54	440
54	1406
54	1659
54	2301
54	489
54	2124
54	1494
54	2209
54	1149
54	1231
54	1990
54	682
54	60
55	1012
55	1010
55	818
56	1441
56	1090
56	391
56	2223
57	1247
57	1277
58	626
58	864
58	559
58	1131
58	2098
58	1575
59	168
59	487
59	1477
60	1564
60	2245
60	1659
61	272
61	1446
61	1974
61	496
62	1953
62	2002
62	487
62	469
63	895
63	2310
63	2052
63	111
64	362
64	1422
65	201
65	2208
66	116
66	1643
67	295
67	2219
68	263
68	2311
68	1057
68	1300
68	2330
68	139
68	400
68	532
68	1541
68	1822
68	1308
68	1874
69	1665
69	996
69	1484
69	1425
70	2237
70	1930
70	322
71	804
71	257
71	993
71	213
72	320
72	335
73	1319
73	2186
73	195
73	1161
73	1004
73	927
73	575
73	1365
73	287
73	815
73	1612
73	1584
73	1848
73	144
73	114
73	1327
73	293
73	1548
73	120
73	1699
73	1052
73	985
73	949
73	129
73	2169
73	2065
73	755
73	1465
73	522
74	146
74	1545
74	508
74	317
74	479
75	257
75	265
75	1015
76	2189
76	2239
76	1215
76	2108
77	663
77	1862
77	2280
77	1078
77	1179
77	1250
77	1469
77	2095
77	2172
78	1739
78	386
78	2137
79	634
79	382
80	842
80	1590
81	1806
81	2318
81	2163
81	685
81	868
82	800
82	1705
82	733
82	1301
82	1931
82	1433
83	427
83	1857
83	143
84	520
84	1484
85	1171
85	1537
85	773
85	2253
86	652
86	1367
86	2291
86	589
86	315
86	227
86	1825
86	1383
87	550
88	132
88	158
88	892
88	947
88	1439
88	355
88	1484
88	619
89	1136
89	1116
89	594
89	847
89	2018
89	2011
90	2208
90	1634
90	1914
91	2222
92	1410
92	1771
92	111
92	941
93	702
93	376
93	2260
94	880
94	2149
94	2204
94	1813
95	277
95	1925
96	1716
97	1618
97	1372
98	2113
98	1515
98	1244
98	845
99	1314
99	1484
99	1150
100	156
101	1655
101	1719
101	314
101	680
101	783
101	1230
101	1383
101	2211
101	2313
101	1723
102	284
103	832
103	2226
104	556
104	1197
104	1140
105	1398
105	1231
105	656
105	578
105	482
105	1177
106	1579
106	551
106	677
106	1063
106	1416
106	1611
106	1994
106	2110
106	617
106	185
106	1363
106	560
106	1286
107	702
107	419
107	1312
108	827
108	1934
108	2004
108	1610
109	1275
109	143
109	376
109	1094
109	367
109	1552
110	592
110	2312
110	1564
110	353
110	956
110	1765
111	802
111	837
111	895
111	1410
111	1771
111	458
111	1291
111	310
111	941
111	713
111	2310
112	754
112	1033
113	1110
113	1261
113	366
113	646
113	1434
113	1905
113	1347
113	1309
113	1209
113	2176
114	2065
115	1985
115	1500
115	1646
115	525
115	1019
116	343
116	1643
117	1042
117	779
118	1959
118	377
118	1587
119	971
119	1330
119	2207
119	882
119	1163
119	1824
119	2178
120	195
121	820
121	1834
121	1947
121	1835
121	1464
122	1166
122	1605
122	152
122	405
122	1511
122	1877
122	2232
122	355
122	533
123	2271
124	1273
124	1032
124	1394
125	1008
125	1267
125	2012
125	2178
125	1514
125	2350
125	2313
125	2225
125	2260
125	1696
125	1163
126	234
126	454
126	603
126	736
126	2002
126	2214
127	1091
127	1702
127	980
127	1789
127	304
128	889
128	1849
128	514
128	1895
128	613
128	1979
128	2276
128	441
128	350
128	945
128	2195
128	1733
129	1548
130	1145
130	156
131	1645
131	2265
131	1732
132	1692
132	800
132	158
132	1520
132	1863
132	1484
132	2287
132	812
132	1439
132	368
132	1240
133	271
133	2004
133	2049
133	553
133	418
133	692
134	902
135	284
135	2119
136	1014
136	1815
137	910
138	696
138	289
139	263
139	1300
140	347
140	1531
141	522
142	236
142	813
142	1081
142	2149
142	193
142	487
142	1482
142	717
142	2056
142	901
142	492
142	1353
142	394
143	220
143	2207
143	171
143	1275
143	1857
143	427
143	1137
143	1854
143	1087
143	642
144	1699
144	949
145	1263
146	899
146	317
146	479
146	508
146	1545
147	269
147	796
147	947
147	1247
147	2320
147	244
147	307
147	1282
147	484
147	826
147	1050
147	1877
147	1997
147	654
147	689
147	1608
147	1086
148	1802
149	445
150	1311
150	724
151	1400
151	885
152	533
152	539
152	753
152	1581
152	2232
152	405
152	1511
152	413
152	355
153	1191
153	600
153	1868
153	2208
153	1486
153	1720
153	1914
154	1996
154	2294
154	2219
154	1856
154	538
154	1053
155	625
156	387
156	899
156	1013
156	1239
156	1545
156	508
156	1145
156	1994
156	2293
156	1538
156	317
156	1423
156	1235
157	947
157	1788
158	1397
158	1425
158	892
158	1085
158	727
158	2193
158	1434
158	699
158	619
158	1883
158	1484
158	1439
158	1863
158	1378
158	1263
158	1227
158	947
158	1449
158	342
158	243
158	249
158	2356
158	2032
158	1718
158	355
158	1240
159	1188
159	1932
159	464
159	291
159	958
160	507
160	1563
160	1482
161	359
161	294
162	769
163	389
163	413
163	1126
163	206
164	1255
164	2148
164	434
165	1014
165	439
166	1613
167	257
168	1492
168	1477
168	487
169	916
170	1869
170	1684
171	642
172	750
172	2127
172	255
172	1601
172	1981
172	919
173	514
173	800
173	1504
173	1931
173	2017
173	445
173	2079
173	857
174	2045
174	904
174	1522
174	782
174	1656
175	572
175	1870
175	1147
175	943
176	1258
176	1568
176	1926
176	1387
177	1606
177	1941
177	1735
177	1332
177	421
177	1097
177	695
178	375
178	2250
179	903
179	2009
180	2219
181	715
181	1079
181	1957
181	2039
182	885
183	639
184	2112
184	2347
184	1202
185	1363
186	1524
186	933
186	1725
187	210
187	798
187	1417
187	926
188	470
188	1364
188	1943
188	1928
188	614
188	2102
189	1279
189	781
189	912
189	867
189	2103
189	468
190	219
190	2237
190	883
190	1832
190	2251
191	1311
191	1489
191	1764
191	2318
191	1961
192	2047
193	394
193	1482
194	979
194	784
195	293
195	522
195	1161
195	1004
196	747
196	1257
196	731
196	209
197	2179
197	394
198	1002
198	476
198	641
198	1288
198	686
199	734
199	877
199	984
200	434
200	1954
201	2208
201	746
201	1900
202	1500
202	1985
203	859
203	1214
203	1828
203	1306
203	1484
203	2263
204	1441
204	1858
204	1519
204	960
204	579
204	1906
204	1009
204	483
205	655
206	413
206	1126
207	586
207	1352
207	2117
207	1900
207	541
208	1687
209	747
209	1257
209	731
210	926
210	1417
211	569
211	766
211	1387
211	2146
211	1838
211	1876
211	793
211	2061
211	555
212	1969
213	1913
213	789
213	1233
213	2200
213	2254
213	257
213	804
213	1404
213	2120
213	993
213	609
213	1813
214	1658
214	1697
215	1915
215	1985
215	1500
215	1023
216	1176
216	2272
216	314
216	1632
216	2058
217	434
217	1609
217	1845
218	2149
218	948
220	1793
220	2247
220	808
221	346
221	817
221	2224
222	798
222	1701
222	2045
222	522
222	2051
222	1686
222	1958
222	924
222	1921
223	339
223	1022
223	270
223	641
224	433
224	491
224	687
224	1629
225	841
225	1714
225	2063
225	1982
226	859
227	1367
227	2291
228	587
228	766
229	904
229	247
230	580
230	829
230	1170
230	1337
230	1505
230	1869
230	618
230	1684
231	719
231	2103
231	935
231	1018
232	1724
232	855
232	2299
232	541
232	1287
232	2085
233	1740
233	1324
234	454
235	444
235	1341
235	1641
235	898
236	487
237	1650
237	2353
237	388
237	2157
237	1219
238	2316
238	389
238	1499
239	625
239	762
239	2240
239	1075
239	1167
239	477
239	937
239	977
240	1579
240	1662
240	2237
240	2260
241	321
241	946
242	1813
242	1261
242	549
242	340
243	2193
243	1484
243	1434
243	2032
244	269
244	796
244	947
244	654
244	689
245	829
245	881
245	292
245	530
245	1570
245	721
246	665
246	1528
246	1934
246	2004
246	1485
246	843
246	1871
246	301
246	692
246	1731
247	904
248	1125
248	2247
248	388
248	2157
248	1793
248	858
249	1863
249	1484
250	1884
250	2279
251	952
251	516
251	2036
252	1484
252	520
252	1104
253	349
253	2123
253	2022
254	297
254	1591
254	704
255	750
255	457
255	2127
255	1182
255	1604
255	1300
255	2336
255	1601
255	2330
255	1981
255	919
255	1218
255	1709
255	2242
255	455
256	404
256	701
257	271
257	1245
257	1391
257	1717
257	1855
257	1887
257	2181
257	538
257	1187
257	1637
257	2200
257	2254
257	2334
257	1907
257	1360
257	894
257	647
257	1878
257	1943
257	1738
257	493
257	265
257	1015
257	983
257	836
257	2025
257	993
257	1642
257	804
258	798
258	1469
258	1958
258	2129
258	2172
258	1208
258	1153
258	1078
258	1844
258	2045
258	2280
259	2237
259	1662
259	624
260	971
260	1766
260	1163
260	2178
260	1619
261	907
261	1938
261	673
262	1497
262	2106
263	1300
264	2265
265	1015
266	507
266	1225
266	1234
266	2014
266	1175
266	2332
266	1209
266	1673
267	547
267	602
267	1540
268	498
268	1094
268	1893
268	2260
268	376
269	654
269	689
269	947
269	796
270	339
270	641
270	1022
271	1637
271	1133
271	418
271	2079
271	2049
271	1728
271	553
272	1446
272	1974
272	496
273	1863
273	478
273	2287
273	634
274	971
274	749
274	1555
274	2178
274	1020
274	1163
275	1493
276	730
276	2304
277	1925
277	2078
277	1838
278	2095
279	2084
279	472
279	1601
279	2200
279	615
279	976
279	1033
279	1276
279	2031
279	2266
279	810
279	441
279	1846
280	795
280	2290
281	770
281	2002
281	658
282	628
282	1579
282	2103
282	2148
282	593
282	374
283	1601
283	2006
283	381
283	1146
284	1255
284	1402
284	970
284	1108
284	1567
284	2028
284	748
284	1459
284	2062
284	2119
284	2252
284	1746
284	1778
284	424
285	1357
285	1722
285	2183
285	1462
285	1987
285	2178
285	1989
285	528
285	1457
285	894
285	2094
286	2245
286	1229
287	1925
287	1004
288	1185
288	1655
288	994
288	1374
288	334
289	696
289	2340
289	1988
289	631
289	1281
289	2048
289	1864
289	1791
289	916
290	1579
291	1188
291	1932
291	464
291	1098
291	958
292	829
292	929
292	676
292	721
292	1570
293	575
293	1004
294	968
294	2016
294	723
294	1793
294	1945
294	2064
294	897
294	359
294	2283
294	1559
295	2219
296	1012
296	1744
296	1010
297	1591
297	704
298	899
298	1028
298	1529
298	1966
298	1051
298	392
299	1679
299	1808
300	864
300	2353
300	1816
301	1528
301	1485
301	1731
302	348
302	1321
302	355
302	2076
302	1758
303	741
303	411
303	2138
303	947
303	2021
303	1922
304	1091
304	1702
304	980
304	1789
305	2087
305	2159
305	1186
305	519
305	1029
305	565
305	1588
305	669
306	408
307	2320
307	826
307	1608
307	1086
307	484
308	2188
308	773
308	1345
309	1322
309	535
309	788
309	1615
310	1410
311	995
311	538
311	1706
312	1545
312	657
313	1579
313	930
313	1063
313	2293
314	1176
314	2272
314	1230
314	783
314	2058
314	680
314	1632
315	1185
315	1205
315	1367
315	1674
315	1296
315	2287
315	2038
316	1014
316	1058
317	402
317	899
317	1527
317	1545
317	1776
317	2092
317	2342
317	508
317	722
317	1095
317	479
317	490
317	828
317	1286
317	2333
317	896
317	1693
317	1858
318	574
318	2023
318	1786
318	1425
318	2230
318	1484
318	996
318	582
318	1757
319	1265
319	1710
319	1154
319	1067
320	1316
320	1285
320	2221
320	2002
320	2305
320	335
320	495
320	374
320	544
320	1590
320	546
320	2090
320	1594
320	634
320	1303
320	1636
320	2285
320	1115
320	760
320	1603
320	1463
321	1082
321	772
321	946
322	2237
322	1930
323	751
323	1128
323	1070
324	874
324	910
324	1149
325	1163
325	1991
325	2350
325	2178
325	1614
325	2225
325	1840
325	583
326	1683
326	1790
326	1114
326	1999
326	1577
327	1453
328	1832
328	1193
328	1620
329	2159
329	507
329	1287
330	728
330	2057
330	1204
330	2105
331	693
331	1039
331	2259
331	826
332	1710
332	1067
332	1054
333	974
334	1185
334	1374
336	797
336	835
336	873
336	1287
336	1572
336	2145
336	2216
336	1434
336	1968
337	575
338	1209
338	1347
339	1022
339	641
340	2155
340	800
340	549
340	1199
341	1740
341	1172
342	1397
342	619
342	1484
342	1718
344	573
344	1182
345	351
345	709
345	1072
345	1837
345	1865
345	2004
345	1014
345	1375
345	1648
345	2234
345	692
345	703
345	1803
345	1627
346	2224
346	817
347	1531
347	708
347	1730
347	2064
348	1321
348	1758
348	355
348	1691
348	2076
349	1156
349	1712
349	379
349	1270
349	2043
349	2123
349	2022
350	2276
350	1733
351	709
351	1375
351	1755
351	2041
351	1837
351	950
351	2034
351	2035
351	2234
351	1627
352	999
352	2273
352	1183
353	2312
353	1765
354	1307
354	1793
355	533
355	753
355	892
355	1321
355	2139
355	1758
355	413
355	2076
356	1451
356	1657
356	848
356	1639
356	975
356	403
357	1775
357	1935
357	890
357	981
357	1626
358	1507
358	1836
358	1163
358	697
360	1115
360	2285
360	650
360	2002
360	1923
361	1263
361	1760
361	526
362	1103
362	1422
362	1224
363	1549
363	2280
364	801
364	1056
364	1524
364	611
364	725
364	1289
365	2208
366	2140
366	2327
367	1552
367	376
367	1094
368	1863
368	1240
368	1484
369	1965
369	430
369	2129
370	708
370	1038
371	1033
372	833
373	1381
373	1930
374	628
374	1285
374	2090
374	2103
374	1303
375	2250
376	498
376	1674
376	702
376	1094
376	1893
376	2260
376	1552
376	1817
377	712
377	923
377	1077
377	702
377	2130
377	2191
377	1164
377	1165
378	2100
378	1253
379	2022
380	1739
380	905
381	1601
381	2006
381	1146
382	634
382	2003
383	1359
383	1697
383	710
384	2207
384	642
384	451
385	2219
386	1739
386	2137
388	1184
388	1862
388	2106
388	2271
388	428
388	1650
388	2353
388	1652
388	858
388	2172
388	2157
388	1561
388	1219
388	2279
389	1599
389	1807
389	2316
389	475
389	413
389	967
390	903
390	1839
390	1967
390	439
390	623
390	2322
390	2347
391	1441
391	1090
391	2223
392	1529
392	1966
392	1051
393	1066
393	1484
393	1564
394	813
394	1081
394	1261
394	1478
394	1563
394	2149
394	630
394	1698
394	2179
394	487
394	1482
394	901
394	492
394	2056
394	1593
394	549
394	717
394	1353
395	1743
395	1697
396	591
397	448
397	870
397	816
397	2080
398	587
399	829
399	502
400	1057
400	1300
400	2330
400	1541
400	532
401	798
401	1004
402	508
402	1545
403	1451
403	1657
403	2324
403	848
403	1639
403	975
404	701
405	539
406	928
406	1573
407	640
407	1249
407	1292
407	1367
407	1435
407	2128
407	2291
407	1403
407	1767
407	1911
407	1512
407	1132
407	1611
407	2225
407	1917
407	1557
407	546
407	1020
407	1109
407	950
407	1785
407	752
407	1456
407	515
407	2142
408	1266
408	957
409	1311
409	2072
410	1645
410	1777
410	2265
410	969
410	1732
411	947
412	1317
412	1310
413	533
413	753
413	1599
413	1807
413	1126
413	475
413	967
414	1099
414	1277
414	833
414	1247
415	1254
415	684
415	1140
416	2236
417	1409
417	1358
417	1774
417	925
417	855
417	1119
418	2049
418	553
419	702
419	1312
420	1207
420	1222
420	1752
420	2187
420	2030
420	1350
421	1606
421	1941
421	1735
421	1332
421	1631
421	1097
421	695
422	2248
422	2040
423	1454
423	2129
423	2095
424	1418
424	2243
424	1020
425	1743
425	1901
425	990
426	1035
426	1194
426	1703
426	499
426	1416
426	1118
427	1857
427	1940
427	2030
428	1184
428	2279
428	1561
428	2109
428	2271
428	500
429	829
429	1123
429	2037
429	1903
430	1965
430	2129
431	1376
431	1851
431	2113
431	1101
431	1903
431	2067
431	2131
431	635
432	2007
433	687
433	1629
433	1182
433	491
433	919
434	1255
434	2148
434	1954
434	1609
434	1845
434	1616
434	1513
435	617
435	1428
435	581
435	442
435	551
435	1063
435	1814
435	1068
436	1272
436	1564
436	2153
437	507
437	1643
438	841
438	1098
438	2168
439	903
439	1014
439	1967
439	623
439	2347
440	1494
441	962
441	830
441	945
441	1672
441	1849
441	2195
441	613
441	1895
441	1979
441	889
442	921
442	551
442	1063
442	506
442	581
443	1002
443	1647
443	476
444	706
444	1712
444	1341
444	898
444	1641
446	1287
446	1565
446	1502
447	1263
447	1190
447	1412
448	1890
448	1488
448	816
449	1431
449	1366
449	1405
449	1711
449	977
450	2067
450	2113
451	2207
451	642
452	2127
452	914
452	919
452	1484
452	474
452	1583
453	1931
454	1571
454	2059
454	736
455	1182
455	1300
455	2336
455	2330
455	919
456	1486
456	2208
456	1914
457	1218
457	1604
458	802
458	1291
459	1147
459	726
459	879
460	1695
460	552
461	1677
461	2182
461	1262
461	1843
461	605
462	972
462	2267
463	1682
463	2348
464	1188
464	1932
464	958
465	886
465	930
465	963
465	2293
465	1294
465	1955
466	1116
466	2111
467	567
467	603
467	688
468	1279
468	781
468	912
468	867
468	2103
469	1953
469	487
469	2002
470	1943
470	1928
470	1364
470	614
470	2102
471	757
471	1213
472	2200
472	2044
473	1328
473	1853
474	2127
474	914
474	919
474	1484
474	1583
475	1599
475	1807
475	967
476	1002
476	686
476	718
476	641
476	1288
477	1075
478	634
479	1545
479	2092
479	508
479	2333
479	828
479	1286
480	1195
480	865
481	1479
481	1660
481	1808
482	1398
482	1231
482	656
482	578
482	1177
483	1441
483	960
483	1858
484	2320
484	826
484	1608
484	1086
485	1210
485	1075
485	2180
485	1939
486	649
486	2130
487	1081
487	1953
487	851
487	1492
487	1353
487	644
487	1209
487	2297
487	1477
487	2002
487	492
487	494
487	1702
487	980
487	717
488	1285
488	906
488	610
489	2301
490	1527
490	1545
490	508
490	1095
490	1858
490	828
490	896
491	687
491	1629
492	1081
492	717
492	1353
493	1717
493	1450
493	2334
493	647
493	1943
493	894
494	1492
494	1209
495	661
495	1636
495	1020
495	2221
496	673
496	608
496	2116
496	1974
496	1446
497	731
497	1736
497	1526
497	732
497	965
497	1972
497	1644
497	1795
498	1893
498	590
498	1094
498	1107
498	819
498	2260
499	1035
500	2279
501	534
501	2076
502	829
503	2329
503	1014
504	1924
505	2257
505	1858
505	900
505	1346
505	2017
505	1644
506	1063
507	1563
507	1482
507	2159
507	966
507	1748
507	1003
507	1643
507	1287
507	541
507	1673
508	853
508	1527
508	1545
508	1776
508	2092
508	2342
508	1611
508	2013
508	2217
508	1089
509	513
509	780
509	2072
509	1116
509	2167
509	748
510	736
510	2002
510	2059
510	2203
511	1744
512	1909
512	2039
512	632
512	1559
513	780
513	2072
513	1116
513	2167
513	748
515	950
515	752
516	2036
516	952
517	1929
518	1185
518	1102
518	607
518	1379
519	1186
519	2087
519	1588
520	1484
520	1104
520	1242
520	1496
520	1922
520	2354
520	2138
521	646
521	2096
521	1120
522	798
522	854
522	2045
522	1958
522	2282
522	1558
522	1206
522	936
522	714
522	1004
522	1161
522	939
522	2051
523	1545
523	1858
523	1942
523	1482
523	1346
525	1985
525	1500
526	1263
526	1760
527	1354
527	1889
527	1964
527	1671
528	1065
528	1987
528	2150
528	894
529	1187
530	829
530	881
531	2003
531	1338
532	1300
532	1541
533	659
533	753
533	2227
533	2154
533	1472
533	1521
533	2139
533	909
533	2076
534	2076
535	1322
535	1471
535	2162
535	1741
535	1615
535	1152
535	788
536	2148
536	794
537	628
537	2148
538	776
538	995
538	1996
538	1694
538	1362
538	2294
538	1617
538	917
538	1856
538	2013
540	1600
540	1821
540	738
540	1165
541	678
541	1287
541	1344
541	1352
541	1724
541	1944
541	620
541	1046
541	1151
541	2085
541	2068
541	855
541	1280
541	1881
541	2269
541	585
541	1103
541	1447
541	2019
541	1984
541	1643
542	1163
542	648
542	2178
543	1863
544	2090
544	2305
544	760
545	712
545	1164
546	1603
546	1917
546	2221
547	602
547	1259
547	1540
548	914
548	1484
548	1933
548	1583
549	1234
549	1261
549	1563
549	2149
549	2155
549	997
549	1482
549	1047
549	1813
549	1199
550	711
550	769
550	1311
550	1453
550	1481
550	2079
550	1999
551	1579
551	1761
551	2125
551	617
551	677
551	581
551	2260
551	1063
551	1814
551	1827
551	1068
552	1695
553	2049
554	2103
554	1189
555	569
555	1387
556	1197
557	1191
557	2159
558	1437
558	1461
558	882
558	1163
558	1696
558	2083
558	2225
558	1555
558	1424
559	626
559	864
559	2098
559	1575
559	1131
560	1063
560	1994
560	1286
561	753
561	1727
562	1377
562	885
563	2168
564	1586
564	1310
565	2087
565	1029
566	1269
567	688
567	2081
567	1228
567	603
568	1401
568	2029
568	815
569	599
569	931
569	825
569	1387
569	942
569	1876
569	1768
570	2040
570	1998
571	1995
571	1055
571	980
571	1127
571	1688
571	1702
571	2071
572	2002
572	2036
572	673
572	1870
572	1585
572	943
572	1484
573	1339
573	1079
573	1182
573	2039
574	2023
574	2230
574	1786
575	841
575	2136
575	2063
576	976
577	1014
578	1398
578	1231
578	656
578	1177
579	1009
579	1858
579	1519
580	1869
580	829
580	1684
581	1063
582	1757
582	1484
583	1163
583	2350
583	2178
583	2256
583	1696
583	1474
584	886
585	620
585	1151
585	2085
585	855
586	2117
587	694
587	798
587	1221
587	2001
587	1417
587	766
587	852
588	1607
588	1445
588	1071
588	957
588	1271
588	1067
588	1710
589	2288
589	872
591	1191
592	956
592	1564
592	1765
593	628
593	1368
593	2148
593	1899
593	2199
593	2335
593	1908
593	1148
594	1136
594	1116
594	847
594	2018
594	2011
594	1371
595	940
595	1578
595	1710
595	1607
595	1445
595	2261
595	1067
596	1368
596	2199
597	795
597	655
598	2339
598	683
599	942
600	2208
600	705
600	1833
600	2185
600	1119
600	1143
600	1975
600	1914
601	662
601	1227
602	1540
603	2002
603	688
603	2214
603	736
604	945
605	1843
605	2182
605	1262
605	1677
606	1444
606	1858
607	1185
607	1379
607	1102
608	673
608	2116
609	1913
609	789
609	1404
609	2120
610	1285
610	906
611	725
611	1056
611	801
611	1524
611	1289
612	1804
612	697
612	2151
612	1429
613	889
614	1364
614	1943
614	1928
614	1910
614	2102
615	2031
615	1846
616	1985
616	1448
617	1579
617	677
617	1063
617	2125
617	1428
617	1814
617	1068
618	1333
618	1869
618	1684
619	1397
619	1484
619	1718
620	1344
620	855
620	1920
620	1447
620	1151
620	2085
621	1927
621	1574
621	2171
621	1882
621	2231
621	908
621	2130
621	876
621	1745
621	1122
621	1962
622	739
622	1296
622	779
623	903
623	1967
623	2347
624	2237
624	1662
625	762
625	1167
625	1036
625	1951
625	2240
625	937
625	977
626	2098
626	1575
626	864
626	1131
627	1621
627	1417
628	2258
628	1978
628	1898
628	2103
628	1899
628	794
628	1569
628	1530
629	2208
630	1105
630	1478
630	1859
630	1593
630	984
630	2213
630	2298
631	1864
631	916
631	1281
632	1909
632	2039
632	1559
633	2007
634	2090
634	2100
634	2159
634	2003
634	1235
635	1376
635	1851
635	2113
635	1101
635	2067
635	2131
636	2262
636	1748
636	645
637	1655
637	1796
637	1163
637	1296
637	2178
638	1466
638	1045
638	1302
639	1542
639	1594
640	1785
640	1403
640	1767
640	1109
640	950
641	802
641	1002
641	1030
641	686
641	718
641	1022
641	1288
642	1087
643	1140
643	684
644	1953
644	851
644	1702
644	980
644	2297
645	2262
645	1748
646	1261
646	2096
646	1893
646	2156
646	1120
646	2300
647	1450
648	1163
648	2178
648	2225
649	2130
650	2285
650	1923
651	1689
651	2099
651	1369
651	2236
652	1367
653	1533
653	2204
654	796
654	947
654	689
655	795
655	1595
655	2047
656	1398
656	1177
656	1231
657	1545
658	770
658	2002
659	909
660	1097
660	2074
660	807
661	1020
662	1227
662	823
663	1179
663	1250
664	860
664	1973
664	1603
664	1458
665	843
666	1059
666	2234
666	1999
667	1157
667	670
668	1463
668	2002
668	2285
668	1115
669	2159
669	2087
670	1027
670	1157
670	1257
670	1283
670	2355
670	2358
670	731
671	2306
671	790
672	1994
673	2002
673	2036
673	2255
673	2116
673	907
673	2228
673	1870
673	943
673	1484
673	1938
674	1653
674	773
674	988
675	2002
675	736
676	829
676	929
676	721
677	1579
677	1063
678	2068
678	1944
678	2085
678	1280
678	1046
678	1643
678	2019
678	1984
678	2269
679	1719
679	908
679	1165
679	1576
680	1230
680	2281
680	783
681	1735
682	973
682	1659
683	2339
684	1254
684	1140
685	2318
686	1002
686	1288
687	1629
688	1915
688	2105
689	796
689	947
690	919
691	1216
692	764
692	1072
692	1169
692	1934
692	2004
692	2234
692	2289
692	1675
692	1871
692	1731
692	2105
692	1803
693	1039
693	2259
693	826
694	1221
694	798
694	1417
695	1606
695	1941
695	1735
695	1332
695	1631
695	1097
697	1804
697	1163
697	1429
697	2151
697	1507
697	1836
698	961
698	1946
698	1842
699	1397
699	700
699	1425
699	1484
699	1066
699	1240
700	1066
701	1598
701	1263
701	2235
701	2278
701	1092
701	1044
701	767
701	1412
702	923
702	1312
702	2260
702	1165
703	1648
704	1591
705	1143
705	1833
706	1712
706	1341
706	1270
706	1430
707	1879
707	774
707	708
708	1531
708	1847
708	2064
708	1879
708	1038
708	774
708	1730
709	1375
710	918
710	1628
710	1666
710	729
710	1359
710	1697
712	1077
712	2130
712	2191
712	1164
713	1291
714	854
714	1206
714	939
715	1812
715	1300
715	2077
715	1957
715	2204
715	2039
715	1990
715	806
715	1079
716	1119
717	1081
717	2002
717	1158
717	1353
718	757
718	1002
718	2031
719	1018
719	935
719	1562
719	2103
720	2159
720	2055
721	829
721	929
721	1570
722	1693
723	1793
723	897
724	1311
725	801
725	1524
725	1289
726	879
726	1147
727	1484
727	1378
727	1449
728	2057
728	1204
729	1628
729	1666
729	1359
730	2304
731	747
731	1027
731	1157
731	1257
731	1736
731	1526
731	965
731	1972
734	877
735	1730
736	1571
736	2002
736	2059
736	2214
736	2203
737	2040
738	1600
738	1821
738	1165
739	1296
739	779
740	2237
740	979
740	1518
741	947
741	1787
741	2138
741	1484
741	2021
741	1718
741	1922
742	743
742	2274
742	2040
743	2274
743	2040
744	1005
744	950
744	1544
745	1900
745	1946
746	1900
747	1257
748	2072
748	1116
748	2062
748	2167
748	780
749	1163
749	1555
749	2178
749	1020
750	2127
750	2242
750	919
750	1601
750	1604
750	1981
750	1709
751	1070
751	1128
752	950
752	1512
752	1911
753	1727
754	795
754	1889
754	955
754	1480
754	1690
754	2069
754	1033
755	985
756	1340
756	1623
756	2315
757	1213
757	1483
757	1682
757	2031
757	2348
758	844
758	1880
758	2287
758	2003
758	822
758	1847
759	1140
760	2090
760	2305
761	1862
761	1793
761	2194
761	1730
761	2319
761	2024
761	1652
762	977
763	1994
763	1033
763	1286
764	1808
764	2289
764	2105
765	1080
765	976
765	1217
765	1663
765	2008
766	1525
766	1701
766	1739
766	2001
766	792
766	793
766	2061
766	852
766	2146
766	1838
767	2235
767	2278
767	1092
768	1830
768	2193
769	1248
769	2079
769	2346
770	2002
771	1021
772	1082
773	1065
773	1084
773	1715
773	2188
773	1171
773	1537
773	1653
773	988
773	2150
773	1345
773	2253
774	2015
774	1879
775	1223
775	1191
775	1975
775	1141
775	1914
776	2294
776	1617
777	1465
777	1420
778	1041
778	1476
778	782
779	1042
779	2106
779	1296
779	2271
779	1162
780	1116
780	2072
780	2167
781	2103
781	1279
781	867
781	1867
781	935
781	912
782	1476
782	2045
782	904
782	1026
782	1041
782	1522
782	1970
782	1017
782	850
783	1230
784	1907
784	979
785	1823
787	1889
788	1322
789	1913
789	1404
789	2120
790	2306
791	1678
791	1829
791	2158
792	2061
793	1525
794	2148
795	2201
795	1382
795	2290
796	947
797	1434
797	2145
797	873
798	1469
798	926
798	1004
798	2045
798	1739
798	1886
798	2051
798	1221
798	1700
798	905
798	2129
798	1417
798	2280
798	1531
798	1958
798	2172
798	1153
799	1635
799	2218
799	1988
799	2292
800	920
800	1863
800	1399
800	2079
800	2017
800	1931
801	1524
801	1289
802	1291
802	1030
803	2339
804	2200
804	2254
804	993
805	903
806	2204
807	1097
807	2074
808	1793
808	2247
809	1783
809	2003
810	1033
810	2031
811	1070
812	1863
812	2287
813	2056
813	901
813	1698
814	863
814	1453
814	1819
817	1916
817	1025
817	2224
818	1012
818	1010
819	1893
820	1947
820	1834
820	1835
820	1464
820	1187
821	999
821	1183
821	1395
822	1880
822	2287
824	1594
826	2320
826	1608
826	1086
827	2004
827	1934
828	1858
829	1123
829	2037
829	929
829	1326
829	1251
829	1170
829	1372
829	1495
829	1337
829	1903
829	1869
829	881
829	1505
829	1570
829	1684
831	1838
832	2226
833	1247
833	1277
833	2133
833	1099
834	1943
835	2145
835	1572
835	2216
836	1887
836	2181
836	2025
837	1410
838	1331
838	1557
839	980
839	1936
840	934
840	2236
841	2136
841	1293
841	1159
841	1714
841	1602
841	1098
841	2340
841	1982
841	2063
842	1590
844	1847
845	2113
845	1515
845	1244
846	2178
847	1136
847	1116
847	2018
847	2011
848	1451
848	1657
848	2324
848	1639
848	975
849	950
849	1109
849	1792
850	904
850	1970
851	1953
851	1702
851	980
851	2297
852	2001
852	1721
853	2013
854	1083
854	1925
854	939
855	925
855	1287
855	1344
855	1724
855	2010
855	1151
855	1774
855	1920
855	2085
855	1409
855	1358
855	1447
855	1119
856	2042
856	1670
858	2157
859	1214
859	1828
859	1306
859	1484
859	2263
860	1603
860	1973
860	1458
861	1192
861	885
862	2343
862	1566
862	1771
862	1329
863	1453
864	1816
864	2098
864	2353
864	1575
864	1131
865	1195
867	2103
867	1279
867	912
868	1806
868	945
868	1311
868	2163
868	2318
868	2072
869	1160
869	1536
869	2114
869	1526
869	2054
870	2080
870	946
870	2229
870	1413
870	1121
871	1626
871	2306
871	2170
872	2288
874	910
874	1149
875	1838
876	1962
876	2130
876	2171
876	1882
876	908
876	1745
878	1292
878	1163
878	2178
878	1614
878	2256
878	2225
878	1020
878	2083
879	1147
880	2149
880	2204
880	2250
880	1421
880	1813
880	1140
882	1330
882	1437
882	1461
882	1555
882	2178
882	1424
882	1696
882	1824
882	2083
882	1163
883	2237
883	982
883	1832
883	2085
884	1482
885	1322
885	1192
885	1669
885	1873
885	1400
885	2007
885	1377
886	930
886	2293
886	2192
887	1790
887	1999
887	1751
887	1577
888	1417
888	1820
890	1935
891	904
891	2341
892	1484
892	1378
892	947
892	2193
893	1067
893	1208
893	957
894	1722
894	2183
894	2237
894	2246
894	1462
894	1457
894	2178
894	1987
894	2094
894	1668
895	1291
895	2310
896	1527
897	1793
897	1945
898	1341
899	1949
899	2293
899	1028
899	1624
899	1239
899	1545
900	2257
900	1858
900	1346
900	2017
900	1644
901	1698
902	1863
902	1861
903	1967
903	2009
903	2347
904	2045
904	1017
904	1522
904	2341
904	1970
905	1452
905	1531
905	1739
905	1862
905	1950
905	2045
905	1078
905	1793
905	2135
905	1891
905	1700
905	2152
905	2172
905	2323
906	1285
907	1938
908	1122
908	1719
908	1962
908	1576
908	1882
908	2231
908	1745
908	1165
910	1149
911	1925
912	2103
912	1279
913	2286
913	1564
913	1990
913	2209
913	1406
914	2127
914	1583
914	1484
914	919
914	1933
915	1269
916	2340
916	1791
916	1988
916	1281
916	2048
916	1864
917	1801
917	1470
919	2127
919	2336
919	1037
919	2330
919	1583
919	1484
919	1182
919	1300
919	1981
919	1601
919	2354
919	1831
920	1399
921	1063
922	2073
922	1896
922	1048
923	1165
925	1409
925	1358
925	1774
925	1119
926	1417
927	1584
927	1327
930	1579
930	2293
930	1063
931	1876
931	1135
932	1782
932	1943
932	2215
933	1524
933	1725
934	2236
935	2103
935	1279
935	1440
935	1562
935	2005
935	1867
935	2226
935	1018
935	1047
937	1036
937	2240
937	1167
938	1220
938	1811
939	1716
939	2115
939	954
939	1952
939	2101
939	1732
940	1607
940	1445
940	1578
940	2261
940	1067
940	1710
941	1410
941	1771
941	2173
941	1779
943	1484
943	2036
943	1585
943	1870
943	2002
944	1250
945	1142
945	1895
945	2072
945	1979
945	2163
945	1311
945	2195
946	1556
946	1532
946	1278
946	1713
946	1754
946	1438
946	1020
946	1474
946	1121
946	2288
946	2033
946	1237
947	2193
947	1484
947	1922
947	1378
947	2021
947	1788
947	2138
947	1392
947	1313
948	2149
949	1699
950	1138
950	2000
950	2035
950	1403
950	2041
950	1767
950	1911
950	1512
950	1544
950	1005
950	1971
950	1016
950	1144
950	1021
950	1109
950	1785
950	1792
951	2084
951	2270
951	1270
952	2036
953	1793
953	2247
954	1952
955	1889
956	1564
956	1765
957	1124
957	1271
957	1710
957	1607
957	1445
957	1872
957	1208
957	1067
957	1266
958	1188
958	1932
959	1209
960	1441
960	1858
961	1946
961	1842
962	2347
963	1294
963	1070
964	2271
965	1736
965	1526
965	1972
966	1748
966	1003
967	1599
967	1807
968	2016
969	2265
970	1402
970	1459
970	2028
970	1778
970	2252
970	1567
970	1746
971	2178
971	1020
971	2207
971	1766
971	1619
971	1163
972	2267
972	2319
973	1659
975	1451
975	1657
975	1639
977	1366
977	1405
978	1798
978	1992
979	2237
979	2118
979	1062
979	1518
979	2284
979	1547
980	1091
980	1784
980	1810
980	1953
980	1995
980	1055
980	1818
980	1936
980	2070
980	2071
980	1688
980	1127
980	2297
980	1702
980	1380
980	1498
980	1534
980	1789
980	1419
983	1245
983	1187
984	1105
984	2213
984	2298
984	1859
986	1075
986	1210
986	2180
987	1484
987	1922
988	1653
988	1509
988	2031
988	1826
989	1061
989	2027
989	1838
989	1732
989	2086
990	1743
990	1901
991	1063
991	1264
991	1388
992	1595
994	1185
994	1655
994	1102
995	1706
996	1665
996	1425
996	1484
997	1261
997	2103
997	1673
997	1394
998	2200
999	2249
999	1183
999	2067
999	2273
999	1851
999	2307
1000	1128
1000	2091
1000	1670
1000	2042
1000	1347
1000	1983
1001	1484
1001	1425
1002	1288
1003	1748
1004	2186
1004	1161
1004	1465
1005	1544
1006	2359
1006	2106
1006	1111
1006	1956
1007	1919
1007	1405
1007	1366
1008	2012
1008	1514
1009	1858
1009	1519
1010	1012
1010	1744
1011	2193
1011	1830
1012	1252
1012	1744
1012	1129
1012	1813
1013	2293
1013	1239
1014	2329
1014	1058
1014	2147
1014	2234
1014	1815
1015	1168
1015	1411
1015	1642
1016	1138
1016	2000
1016	1144
1017	1970
1018	2103
1018	1243
1018	1299
1019	1985
1019	1500
1020	1292
1020	1418
1020	1163
1020	2243
1020	1474
1020	2178
1020	2225
1020	1427
1020	1614
1020	1555
1021	1287
1023	1432
1023	1744
1023	1915
1023	1985
1023	1500
1024	2219
1024	2294
1024	1943
1026	1695
1026	2045
1027	1257
1027	1157
1029	2087
1029	1343
1031	2079
1032	1273
1032	1394
1033	1994
1033	1286
1033	2031
1034	1287
1034	1651
1035	1118
1037	2354
1037	1831
1039	2259
1040	1393
1040	1986
1041	1476
1042	2271
1042	1355
1042	1763
1042	1162
1043	1535
1043	1737
1044	1263
1044	1412
1045	1638
1045	1929
1045	1465
1045	1302
1045	1078
1045	1466
1046	2269
1046	2085
1048	2073
1048	1896
1048	1251
1049	2114
1049	1526
1049	1597
1050	2320
1050	1608
1053	1442
1053	2294
1053	2219
1053	1580
1053	1697
1054	1710
1054	1067
1055	1995
1055	1702
1055	2071
1055	1688
1055	1127
1056	1524
1056	1289
1057	2311
1057	1822
1057	1541
1057	1300
1057	1308
1057	1874
1057	2330
1060	1640
1060	1730
1061	2115
1061	2027
1061	1838
1061	1732
1061	2086
1063	1074
1063	1264
1063	1388
1063	1397
1063	1579
1063	2326
1063	1994
1063	2293
1063	1286
1063	1246
1063	1100
1063	1827
1063	1349
1063	1235
1064	1255
1064	2148
1065	2150
1065	1715
1066	1484
1066	1564
1067	1093
1067	1265
1067	1271
1067	1578
1067	2106
1067	1710
1067	1208
1067	1445
1067	1607
1067	2261
1067	1436
1067	1154
1068	2122
1068	1761
1068	2125
1068	1704
1068	1428
1068	1814
1069	1103
1070	1128
1071	1445
1071	1096
1071	1271
1072	2004
1072	1803
1072	2234
1073	1697
1074	2293
1074	1286
1075	1753
1075	1939
1075	2189
1075	2180
1075	1662
1075	1769
1075	1210
1076	1985
1076	2233
1076	1681
1076	1320
1077	2130
1077	2191
1077	1164
1078	1638
1078	1739
1078	1862
1078	2045
1078	2280
1078	1469
1078	1958
1078	1250
1078	2152
1078	2172
1078	1929
1078	1208
1078	1465
1078	2095
1079	1339
1079	1957
1079	1182
1079	2039
1079	1290
1080	1663
1081	2002
1081	1158
1081	1353
1083	1925
1085	1263
1085	2356
1085	1948
1086	2320
1086	1608
1088	2271
1089	1611
1089	2013
1090	1441
1090	2223
1091	1702
1091	1534
1091	1789
1091	1810
1092	2235
1092	2278
1093	1208
1093	1436
1094	1674
1094	2260
1094	1552
1096	1445
1097	1606
1097	1631
1097	2074
1099	1247
1099	1277
1100	2326
1100	1994
1101	1376
1101	1851
1101	2113
1101	1976
1101	2067
1101	2131
1102	1185
1102	1379
1104	1484
1105	1859
1105	2213
1105	2298
1106	1730
1108	1255
1109	1785
1109	1403
1109	1767
1109	1792
1112	1772
1112	1601
1113	1685
1114	1683
1114	1790
1115	2002
1115	1316
1115	2285
1115	1463
1116	1136
1116	2072
1116	2111
1116	2018
1116	2011
1116	2167
1117	1169
1117	1934
1117	2004
1119	1774
1119	2185
1119	1975
1119	1409
1119	1358
1120	1893
1121	2229
1122	1882
1122	2231
1122	1962
1123	1903
1123	2037
1125	1793
1125	2247
1127	1995
1127	1936
1127	1702
1127	2071
1127	1688
1127	2357
1128	1670
1128	2042
1129	1813
1129	1252
1130	2192
1130	1630
1131	2098
1131	1575
1132	1249
1132	1917
1133	2079
1134	1912
1136	2018
1136	2011
1137	1325
1137	1523
1137	1275
1137	1256
1137	1510
1138	1144
1138	2000
1139	1287
1140	1254
1140	1421
1140	2250
1141	1914
1142	2072
1143	1833
1144	2000
1146	1601
1146	2006
1148	1368
1148	2199
1149	2351
1149	2301
1150	1314
1150	1484
1151	2085
1152	1322
1152	1741
1152	1615
1153	1469
1154	1265
1154	1710
1155	1889
1156	1270
1157	1257
1157	1283
1157	2355
1158	2002
1158	1353
1159	1602
1159	1982
1159	1293
1159	2063
1160	2114
1160	1526
1160	1536
1160	2054
1162	2271
1163	1267
1163	1330
1163	1437
1163	1461
1163	1655
1163	1766
1163	1796
1163	2207
1163	2309
1163	2178
1163	1396
1163	1424
1163	2256
1163	1836
1163	1474
1163	1840
1163	1614
1163	2225
1163	1696
1163	1619
1163	1296
1163	2083
1163	1555
1163	2313
1163	1824
1163	2350
1164	2130
1164	2191
1165	1600
1165	1719
1165	1821
1165	1576
1166	1877
1167	1951
1167	2240
1168	1411
1169	2004
1169	1731
1170	1869
1171	2253
1171	1537
1172	1740
1173	1802
1175	1225
1176	2272
1176	2058
1176	1632
1177	1398
1177	1231
1178	2255
1178	1726
1178	1963
1179	1250
1180	2126
1180	1914
1181	1341
1182	2336
1182	1300
1182	1339
1182	1564
1182	2330
1182	2039
1182	1990
1182	1290
1183	1851
1183	2273
1183	2307
1183	1904
1183	2067
1183	2249
1183	1773
1184	2271
1184	1561
1184	2279
1185	1674
1185	1374
1185	1205
1185	1654
1185	1655
1185	1379
1185	2287
1185	1296
1186	2087
1186	1588
1187	1245
1187	2244
1188	1932
1189	2103
1190	1263
1190	1412
1191	1223
1191	1975
1191	1720
1193	1832
1193	1366
1193	1620
1195	1851
1195	2103
1195	2067
1195	1336
1196	1226
1196	1889
1196	1707
1198	2114
1198	1526
1198	2054
1199	2155
1200	2269
1200	1900
1200	2085
1201	2026
1201	1209
1202	2112
1202	2347
1203	1937
1203	1710
1203	2107
1203	2261
1204	2057
1205	1674
1205	2287
1205	1296
1208	2045
1208	1958
1208	1652
1208	1436
1208	2172
1209	1234
1209	1563
1209	2216
1209	2026
1209	1742
1209	2166
1209	1347
1209	1554
1210	1939
1210	2180
1211	1263
1211	1412
1214	2263
1214	1828
1214	1306
1214	1484
1215	2108
1215	2189
1215	2239
1216	1468
1216	1564
1216	1990
1217	2008
1218	1604
1219	1650
1219	2353
1219	2157
1220	1811
1221	1417
1222	1752
1222	2187
1222	2030
1222	1350
1223	1975
1226	1889
1227	1863
1227	1484
1229	2245
1231	1284
1231	1398
1231	1564
1231	1443
1231	1687
1231	2196
1232	1489
1233	2149
1233	1813
1233	2344
1234	2332
1234	1261
1234	2166
1234	1983
1234	2014
1235	2293
1236	2149
1236	1651
1236	2204
1236	1813
1237	1278
1238	1553
1238	1649
1238	2030
1239	2293
1240	1397
1240	1863
1240	1425
1240	1484
1240	1980
1242	2138
1242	2354
1242	1496
1243	2303
1243	1299
1244	2113
1244	1515
1246	1397
1246	1579
1247	1277
1247	1877
1248	2346
1249	1734
1249	1557
1249	1917
1249	1370
1250	1645
1250	1862
1250	2280
1250	1469
1250	1676
1250	1652
1250	2172
1250	1732
1250	2095
1250	1710
1252	1813
1253	2100
1255	1334
1255	2148
1256	1325
1256	1523
1256	1510
1257	1283
1257	2355
1258	1487
1258	1387
1258	1568
1259	1540
1260	1898
1260	1978
1260	2258
1260	1530
1261	2149
1261	1563
1261	1482
1261	1310
1261	1813
1261	1673
1262	1843
1262	2182
1262	1677
1263	1455
1263	1598
1263	1760
1263	1412
1263	2356
1264	1388
1265	1710
1267	2178
1267	2313
1267	2350
1268	1613
1269	1546
1269	1438
1270	1712
1270	2084
1270	2270
1270	1430
1271	1607
1271	1445
1271	1710
1272	1564
1272	2153
1273	1394
1274	1913
1274	1993
1276	2266
1279	2103
1279	2159
1279	2226
1280	1944
1281	1864
1282	1997
1283	2355
1284	2196
1285	2090
1285	1303
1286	1994
1286	2293
1286	2333
1286	1538
1287	2145
1287	1724
1287	1651
1287	1968
1287	2331
1287	2304
1287	2307
1287	2085
1287	2159
1287	2125
1287	1502
1287	1565
1287	1992
1289	1524
1290	2039
1292	1614
1292	2225
1293	1602
1293	1982
1293	2063
1295	1310
1295	2220
1296	1655
1296	1674
1296	1796
1296	2178
1296	1649
1296	2184
1296	2287
1296	2030
1296	1603
1297	2279
1298	2122
1300	1812
1300	2311
1300	2336
1300	1541
1300	1874
1300	2330
1300	2077
1300	1822
1300	1308
1301	1433
1302	1466
1303	2090
1304	1442
1305	1969
1306	2263
1306	1484
1306	1828
1307	1793
1308	2311
1308	1822
1310	1563
1310	1586
1310	2216
1310	1317
1310	2220
1311	1481
1311	2318
1311	1489
1311	2195
1311	1764
1311	2072
1311	2163
1311	1961
1313	1484
1313	2193
1314	1484
1315	1670
1316	1463
1316	2075
1316	2285
1316	2002
1318	2308
1318	1540
1319	1465
1319	1848
1320	1985
1320	1793
1320	2233
1320	2247
1320	1681
1321	1758
1321	2076
1322	1873
1322	2162
1322	1471
1322	1741
1322	1615
1322	2060
1322	2208
1322	2317
1323	1384
1323	2170
1324	1740
1324	1385
1325	1510
1325	1523
1326	1495
1327	1584
1328	2117
1328	1853
1329	2343
1329	1771
1329	1566
1330	2178
1330	1824
1331	1386
1331	1557
1332	1941
1332	1735
1334	2148
1335	2117
1336	1851
1337	1869
1338	2003
1339	2039
1340	2315
1340	1623
1341	1712
1341	1641
1342	1454
1343	2087
1345	2188
1346	1545
1346	2257
1346	1858
1346	1482
1346	1942
1346	2017
1347	1563
1347	2091
1347	1742
1347	1983
1348	1793
1348	2247
1350	1752
1350	2187
1350	2030
1351	1560
1351	1662
1351	2264
1351	1613
1353	2002
1354	1889
1354	1671
1355	2271
1355	1763
1356	1365
1357	1989
1357	2178
1358	1774
1358	1409
1359	1628
1359	1697
1360	1855
1360	1878
1361	1447
1362	2013
1362	1617
1364	1943
1364	1928
1364	1910
1364	2102
1365	1862
1365	1373
1366	1431
1366	1711
1366	1919
1366	1405
1367	2291
1367	1456
1368	2199
1369	1689
1369	2099
1369	2236
1370	1734
1370	1557
1372	1618
1376	2113
1376	2067
1376	1851
1376	2131
1378	2127
1378	2193
1378	1484
1378	1757
1378	1960
1378	1449
1380	2070
1380	1789
1380	1419
1380	1498
1381	1930
1383	1655
1383	2291
1383	2211
1383	1723
1383	2295
1383	1885
1383	2083
1384	2170
1385	1740
1386	1557
1387	1568
1387	1487
1389	1794
1389	2317
1390	1667
1390	1524
1390	1725
1392	2193
1392	1484
1393	1616
1393	1986
1394	2103
1396	2309
1397	1425
1397	1484
1397	1579
1397	1718
1402	2028
1402	1746
1403	1435
1403	2128
1403	1512
1403	1785
1403	1767
1403	2142
1404	1913
1404	1515
1404	2120
1405	1919
1406	1564
1406	2209
1407	2258
1407	1898
1407	1978
1407	1530
1408	1643
1409	1564
1409	1774
1409	1990
1410	1771
1413	2080
1413	2229
1414	1452
1414	1950
1414	1732
1415	2296
1415	1540
1417	1621
1417	1820
1418	2243
1419	2070
1419	1789
1419	1498
1420	1465
1421	2250
1423	1994
1423	2293
1423	1538
1424	1437
1424	1461
1424	1696
1424	2083
1424	1555
1425	1665
1425	1725
1425	1490
1425	1484
1426	1894
1426	2099
1426	1543
1426	1475
1426	1846
1428	1814
1429	1804
1429	2151
1430	2084
1430	2270
1430	2205
1431	1711
1432	1915
1432	1744
1434	1563
1434	2145
1434	2193
1434	1484
1434	1905
1434	2176
1435	1512
1437	1555
1437	1696
1437	1461
1437	2083
1439	1484
1440	2103
1441	1858
1441	2223
1442	1697
1442	1580
1443	1687
1445	1578
1445	1710
1445	1607
1445	2261
1446	1974
1447	1920
1448	1985
1449	1484
1451	2175
1451	1454
1451	1639
1451	2324
1451	2165
1451	1657
1452	1950
1452	2135
1452	1732
1452	2323
1453	2134
1454	2175
1454	2095
1454	2165
1454	2129
1456	2291
1457	2183
1457	1462
1457	1987
1458	1603
1458	1973
1460	2319
1461	1555
1461	1696
1461	2083
1462	2183
1462	1987
1462	2094
1463	2002
1463	2285
1464	1834
1464	2164
1464	1947
1464	2302
1464	1835
1464	1622
1464	1623
1465	1638
1465	1848
1465	1876
1465	2095
1465	2352
1465	1929
1467	1930
1468	1564
1468	1990
1468	1659
1469	1809
1469	1862
1469	2280
1469	1676
1469	1652
1469	2172
1469	2129
1469	2268
1469	2095
1470	1801
1472	1850
1472	2227
1473	1726
1474	2178
1475	1894
1475	2099
1475	1543
1475	1846
1478	1563
1479	1660
1479	1808
1480	2069
1480	1690
1481	1999
1482	1545
1482	1563
1482	1942
1482	2085
1482	1858
1483	1682
1483	2348
1484	1665
1484	1787
1484	1863
1484	1883
1484	2127
1484	2193
1484	2263
1484	2036
1484	1757
1484	1583
1484	2002
1484	1692
1484	1520
1484	1922
1484	1933
1484	1828
1484	1870
1484	1564
1484	2138
1484	1960
1484	2032
1484	1718
1486	1770
1486	2208
1486	1914
1488	1890
1489	2318
1489	1764
1489	1961
1490	1725
1491	2149
1491	1813
1493	1701
1493	1739
1493	2089
1496	2138
1496	2354
1497	2106
1498	2070
1498	1789
1500	1915
1500	1985
1500	1646
1501	1600
1502	1565
1503	1515
1505	1869
1506	2279
1506	2109
1508	2206
1508	2038
1509	1826
1510	1523
1511	2232
1514	2012
1515	2103
1515	2113
1515	1550
1516	2280
1517	1551
1518	2237
1519	1858
1520	1692
1521	2154
1522	2045
1524	1667
1524	1725
1526	1736
1526	1536
1526	2114
1526	1972
1526	1597
1526	2054
1527	1545
1529	1966
1530	1898
1530	1978
1530	2258
1531	1700
1531	2152
1531	1739
1531	1730
1531	2045
1531	1847
1532	2046
1532	1754
1532	2288
1533	2204
1534	1810
1534	1789
1535	1737
1536	2114
1536	2054
1537	2253
1538	1994
1538	2293
1539	2031
1540	1747
1540	2308
1540	2296
1541	2330
1542	1594
1543	2099
1543	1894
1543	1846
1545	1942
1545	1776
1545	2342
1545	1858
1545	2092
1547	2118
1547	2284
1549	2280
1550	2103
1552	1674
1552	2260
1553	2030
1553	1649
1554	2216
1555	1696
1555	2083
1555	2178
1556	2288
1557	1734
1557	1917
1559	1909
1559	2039
1559	2283
1560	1613
1560	1662
1560	2264
1561	2095
1561	2279
1561	2271
1561	2352
1563	1742
1564	1756
1564	2286
1564	1765
1564	1659
1564	2153
1564	2124
1564	2209
1564	2245
1564	1990
1566	2343
1566	1771
1568	1926
1569	2349
1569	2293
1571	2059
1572	2145
1572	2216
1574	1962
1575	2098
1576	1719
1577	1683
1577	1751
1577	1790
1577	1999
1578	1607
1578	2261
1578	1710
1579	1761
1579	2088
1579	2020
1579	2260
1579	1827
1579	2148
1580	1697
1582	2238
1583	2127
1583	1933
1585	2002
1585	1870
1587	1959
1588	2087
1590	1594
1592	1900
1595	2047
1596	1900
1596	1977
1597	2114
1599	1807
1600	1821
1600	2090
1601	1772
1601	2127
1601	2212
1601	2006
1601	1981
1601	2031
1602	1982
1602	2063
1603	1649
1603	2184
1603	2030
1603	2221
1603	1973
1604	2242
1604	1709
1606	1631
1607	1710
1607	2261
1608	2320
1611	2217
1611	1911
1612	2169
1613	2143
1613	1662
1613	2264
1614	1664
1614	2350
1614	1696
1614	2083
1614	2178
1614	2225
1614	2256
1616	2148
1617	2294
1617	1694
1617	2013
1619	1766
1619	2178
1620	1832
1622	2164
1622	1623
1622	2302
1623	2164
1623	2302
1623	2315
1624	1949
1624	2040
1625	2066
1625	2178
1626	2306
1626	2170
1627	1837
1627	2234
1630	2192
1632	2272
1632	2058
1633	1858
1634	2208
1634	1914
1635	2218
1635	1988
1635	2292
1636	2221
1638	1929
1639	1657
1639	2324
1640	1730
1643	1984
1643	2019
1643	2068
1644	1858
1644	1795
1645	2265
1645	1777
1645	1732
1646	1985
1649	2184
1649	2030
1650	2353
1650	2157
1651	2149
1651	2204
1651	1813
1652	1862
1652	2106
1652	1823
1652	2095
1652	2194
1652	2359
1652	1676
1652	1892
1652	2093
1652	2172
1655	2211
1655	2178
1655	1723
1655	1796
1657	2324
1658	1697
1660	1808
1661	2237
1662	1753
1662	2189
1662	2237
1662	2338
1662	2264
1662	2328
1663	2008
1664	2178
1664	2256
1667	1725
1668	2246
1668	2178
1668	1987
1669	2007
1670	2042
1671	1889
1674	2287
1674	2260
1675	2004
1676	1862
1676	2172
1677	1843
1677	2182
1677	1799
1677	1813
1678	1833
1678	2158
1678	1829
1679	1808
1680	2208
1681	1985
1681	1793
1681	2233
1681	2247
1682	2348
1683	1790
1683	1999
1684	1869
1686	1701
1686	1921
1688	1995
1688	1702
1688	2071
1689	2236
1689	2099
1690	2069
1691	2076
1694	2294
1696	2012
1696	2350
1696	2256
1696	2083
1697	1743
1700	1701
1700	1739
1700	2045
1701	2089
1701	1739
1701	1921
1701	2045
1702	1953
1702	1995
1702	2071
1702	1789
1702	2297
1704	2122
1704	1814
1707	1889
1708	2073
1709	2242
1710	2106
1710	2107
1710	2261
1712	2043
1713	2033
1714	2063
1714	1982
1715	2150
1716	2115
1716	1823
1716	2345
1716	2082
1718	1787
1718	1883
1718	2138
1719	2313
1722	1987
1722	2183
1723	2211
1724	2085
1726	2255
1726	1963
1729	2272
1730	1793
1730	2064
1730	2024
1730	2319
1730	2152
1730	1847
1731	1934
1731	2004
1731	1871
1732	1777
1732	1950
1732	2265
1732	2086
1733	2276
1735	1941
1736	1972
1738	1907
1739	2045
1739	2152
1739	1891
1739	2089
1739	1862
1739	2352
1739	2137
1739	2172
1739	1929
1739	1793
1739	2323
1740	1858
1741	2060
1741	2317
1743	1901
1744	1915
1745	1962
1745	1927
1745	2130
1745	2171
1745	1882
1746	2028
1748	2262
1749	2149
1750	2202
1750	1808
1751	1790
1751	1999
1752	2187
1752	2030
1753	1902
1753	2189
1754	2046
1754	2288
1755	2034
1756	2245
1757	1960
1758	2076
1759	2126
1761	1814
1762	2277
1763	2271
1764	2318
1764	1961
1765	2312
1766	2178
1767	1785
1770	2325
1770	2208
1770	1914
1771	2343
1773	1875
1773	2132
1773	2050
1773	2249
1777	2265
1778	2252
1779	2173
1780	2210
1780	2345
1781	2097
1781	2148
1782	1943
1782	2215
1783	2003
1784	1789
1784	1818
1786	2023
1786	2230
1787	2138
1789	1810
1789	1818
1789	2070
1790	1999
1790	2234
1791	2340
1793	1945
1793	1891
1793	2247
1793	2024
1793	2319
1794	2317
1796	2178
1797	2170
1798	1992
1799	1813
1800	2099
1802	1892
1803	2004
1803	2234
1804	2151
1805	2181
1806	2163
1806	2318
1808	2202
1809	2129
1811	1956
1811	2279
1812	2077
1813	2149
1813	2204
1814	2122
1816	2353
1817	2260
1822	2311
1823	2093
1823	2345
1824	2178
1828	2263
1829	2158
1830	2193
1831	2354
1832	2237
1834	1835
1837	2234
1838	2061
1838	2027
1838	2078
1839	2322
1840	2225
1840	2178
1841	1888
1841	2021
1842	1946
1843	2182
1844	2280
1846	2099
1846	2031
1846	1894
1847	2319
1851	2113
1851	2249
1851	2067
1851	1897
1851	2131
1851	2307
1851	2103
1852	1858
1855	1878
1856	2294
1858	1942
1858	2017
1858	2293
1858	2159
1858	2198
1858	2257
1859	2213
1859	2298
1860	1958
1860	2261
1861	1863
1862	2106
1862	2152
1862	2172
1862	2359
1862	2194
1862	2095
1862	2280
1863	2287
1866	2103
1867	2103
1868	2208
1870	2036
1870	2002
1871	1934
1871	2004
1874	2330
1875	2050
1875	2132
1876	2352
1876	2095
1880	2287
1882	1962
1882	1927
1882	2130
1882	2171
1882	2231
1884	2279
1887	2181
1887	2025
1888	2021
1889	1964
1893	2096
1893	2156
1893	2300
1894	2099
1895	2195
1895	1979
1896	2073
1897	2067
1898	2258
1898	1978
1899	1908
1899	2335
1900	1946
1903	2037
1903	2131
1904	2249
1905	2176
1908	2335
1909	2039
1910	1943
1912	2208
1913	2120
1913	1993
1914	2126
1914	2208
1914	1918
1915	1985
1915	2105
1918	2208
1922	2138
1922	2021
1923	2285
1924	1999
1925	2141
1927	1962
1927	2130
1928	1943
1928	2102
1929	2352
1929	2152
1929	2323
1930	2237
1934	1935
1934	2004
1934	2200
1937	2261
1939	2180
1940	2030
1943	2215
1943	2219
1943	2294
1943	2102
1945	2064
1950	2135
1950	2323
1953	2002
1953	2297
1956	2106
1956	2279
1956	2359
1957	2039
1958	2045
1958	2051
1958	2282
1958	2261
1961	2318
1962	2171
1962	2231
1962	2130
1963	2255
1965	2129
1967	2347
1968	2145
1978	2258
1979	2195
1981	2127
1982	2063
1983	2091
1984	2068
1984	2019
1985	2233
1987	2183
1987	2237
1987	2246
1987	2178
1987	2094
1988	2292
1988	2048
1988	2218
1989	2178
1990	2286
1990	2124
1991	2178
1991	2225
1992	2125
1994	2293
1995	2071
1996	2294
1998	2040
1999	2234
2002	2036
2002	2285
2002	2059
2002	2203
2002	2214
2004	2234
2007	2060
2007	2321
2010	2200
2011	2018
2014	2332
2017	2257
2019	2068
2020	2148
2021	2138
2022	2123
2023	2230
2024	2319
2025	2181
2030	2187
2030	2184
2032	2193
2035	2041
2038	2206
2040	2160
2040	2274
2044	2200
2045	2051
2050	2132
2053	2060
2053	2321
2054	2114
2055	2159
2058	2272
2059	2203
2060	2321
2061	2146
2063	2136
2065	2169
2066	2178
2067	2103
2067	2113
2067	2307
2067	2249
2067	2131
2072	2163
2072	2167
2076	2139
2076	2104
2080	2229
2083	2225
2084	2270
2085	2269
2087	2159
2090	2305
2095	2280
2095	2352
2095	2129
2095	2172
2096	2156
2096	2300
2097	2148
2099	2236
2100	2159
2103	2144
2103	2226
2103	2159
2103	2238
2103	2277
2105	2289
2106	2271
2106	2172
2106	2359
2107	2261
2108	2189
2108	2239
2109	2279
2112	2347
2113	2131
2118	2284
2121	2126
2121	2208
2122	2241
2122	2197
2126	2296
2126	2311
2128	2142
2129	2280
2129	2172
2130	2191
2135	2323
2138	2354
2140	2327
2144	2238
2144	2277
2145	2216
2149	2204
2149	2344
2152	2172
2157	2353
2159	2161
2159	2304
2160	2255
2163	2318
2164	2302
2165	2175
2170	2306
2172	2280
2174	2207
2177	2193
2178	2207
2178	2246
2178	2260
2178	2350
2178	2256
2178	2225
2178	2313
2189	2239
2190	2208
2196	2275
2197	2241
2198	2293
2198	2222
2200	2254
2210	2345
2213	2298
2218	2292
2219	2294
2228	2255
2235	2278
2237	2328
2237	2337
2238	2277
2249	2307
2256	2350
2267	2319
2271	2279
2293	2349
2296	2311
2301	2351
2307	2331
2313	2350
2323	2352
2330	2336
