0	1
0	98
0	331
0	471
0	633
0	236
0	117
0	145
0	506
0	810
1	53
1	369
1	652
1	471
1	219
1	395
1	332
1	333
1	1240
1	474
1	331
1	393
1	183
1	819
1	145
2	3
2	129
2	408
2	122
2	104
2	551
2	472
3	311
6	7
6	809
7	50
7	809
7	929
8	9
8	30
8	284
8	46
8	23
8	59
8	392
8	838
9	89
9	58
9	408
9	104
9	481
9	556
9	23
9	1058
9	311
9	629
9	30
9	800
9	483
9	129
9	551
9	469
9	1091
10	11
10	450
10	630
10	1012
10	1004
10	466
10	477
10	442
11	258
11	477
11	1031
11	665
11	667
11	1261
11	765
11	742
11	713
11	327
11	442
12	13
12	153
13	1112
14	15
14	347
14	747
14	127
14	571
14	247
14	220
14	168
15	246
15	126
15	140
15	747
15	168
15	571
16	17
16	116
16	82
16	533
16	821
16	603
16	303
16	111
16	539
16	211
16	594
16	72
16	71
16	238
16	108
17	210
17	427
17	71
17	111
17	117
17	38
17	108
17	916
17	1165
17	79
17	353
17	398
17	82
17	622
18	19
18	552
18	1242
18	117
18	74
18	536
18	50
18	339
19	70
19	80
19	182
19	300
19	395
19	965
19	673
19	1100
19	377
19	146
19	270
19	1131
19	872
19	885
19	370
19	117
19	1016
19	449
19	1137
19	493
19	624
20	21
20	542
20	208
20	154
20	1177
21	622
22	23
22	352
22	46
22	375
23	46
23	284
23	124
23	234
23	697
23	754
23	483
23	187
23	561
23	161
23	312
23	397
23	481
23	1018
23	31
23	762
23	408
23	375
23	997
23	838
23	78
23	77
23	159
23	392
23	920
23	30
23	58
23	206
23	385
23	939
23	45
23	799
23	29
23	384
24	25
24	455
24	234
24	59
24	483
25	538
25	234
26	27
26	978
26	1102
26	690
26	1276
26	1062
26	382
26	905
27	690
27	98
27	382
27	719
27	905
28	29
28	200
28	1166
28	810
28	299
28	145
29	160
29	398
29	453
29	80
29	461
29	455
30	31
30	159
30	46
30	397
30	392
30	352
30	385
30	78
31	159
31	385
31	1058
31	397
31	392
32	33
32	110
32	52
32	137
32	158
32	921
32	510
32	84
32	966
32	222
32	51
32	1200
32	452
32	213
32	793
32	1241
32	83
32	543
32	1345
32	136
33	1033
33	415
33	361
33	52
33	682
34	35
34	233
34	993
34	1218
35	278
35	447
35	932
35	262
35	131
35	230
35	444
35	1289
35	98
35	132
36	37
36	88
36	573
36	80
37	573
38	39
38	90
38	150
38	154
38	199
38	131
38	317
38	383
38	411
38	446
38	496
38	62
38	512
38	509
38	523
38	236
38	573
38	648
38	209
38	492
38	699
38	261
38	636
38	367
38	64
38	600
38	937
38	584
38	951
38	956
38	520
38	635
38	1036
38	928
38	70
38	741
38	1128
38	65
38	437
38	752
38	200
38	417
38	590
38	427
38	243
38	987
38	126
38	148
38	353
38	358
38	1211
38	215
38	191
38	182
38	40
38	231
38	1288
38	810
38	190
38	540
38	395
38	230
38	967
38	499
38	832
38	493
38	242
38	140
38	216
38	647
38	1007
38	310
38	293
38	906
38	227
38	79
38	935
38	360
38	564
38	251
38	1009
38	1356
38	163
38	795
38	543
38	501
38	1008
38	88
38	98
38	519
38	1393
38	472
38	185
38	541
38	932
39	62
39	576
39	243
39	86
39	281
39	41
39	437
39	1150
39	1106
39	825
39	40
39	85
39	305
39	319
39	855
40	41
40	42
40	150
40	768
40	572
41	144
41	390
41	576
41	741
41	65
41	62
41	282
41	882
41	88
41	724
41	79
41	752
42	236
42	573
42	105
42	768
42	437
42	523
42	564
42	1008
42	578
42	65
42	141
42	810
43	44
43	293
43	507
43	470
43	644
43	1103
43	1278
43	877
43	878
44	99
44	787
44	255
44	877
44	1304
45	46
45	78
45	939
45	838
46	161
46	312
46	159
46	762
46	939
46	385
46	392
46	1143
46	58
46	77
46	284
46	758
46	754
46	1058
46	397
46	187
46	1018
46	78
46	1308
46	124
46	483
46	487
46	59
46	352
46	384
46	799
46	408
46	697
46	838
47	48
47	401
47	811
48	401
49	50
49	406
49	227
49	696
49	248
49	875
49	985
49	711
49	731
49	73
49	360
49	536
49	595
49	596
49	776
50	335
50	359
50	73
50	567
50	197
50	731
50	249
50	606
50	350
50	696
50	74
50	377
50	227
50	653
50	737
50	266
50	248
50	595
50	985
51	52
51	543
51	213
51	158
51	510
51	495
51	137
52	303
52	415
52	158
52	356
52	110
52	724
52	510
52	801
52	1019
52	678
52	1061
52	213
52	793
52	1070
52	84
52	433
52	543
52	83
52	531
52	179
52	222
52	170
52	642
52	136
52	894
52	944
53	482
53	503
53	395
53	145
53	393
53	1017
53	1240
53	786
53	652
53	184
54	55
54	280
54	389
54	245
54	264
54	64
54	169
54	1222
54	700
54	614
55	169
55	431
55	475
55	280
55	700
55	614
55	64
55	624
55	245
55	151
55	264
55	508
56	57
56	213
56	303
56	543
56	1016
57	303
58	59
58	234
58	124
58	697
58	1018
58	159
58	384
58	483
58	939
58	77
58	754
58	78
58	161
58	392
59	91
59	188
59	408
59	608
59	561
59	271
59	284
59	799
59	1093
59	764
59	598
59	320
59	234
59	124
59	1091
59	483
59	392
59	105
59	344
59	187
59	754
59	425
59	852
60	61
60	353
60	79
60	817
60	204
61	65
61	658
61	817
61	353
61	204
61	1279
61	182
61	1108
62	79
62	390
62	882
62	1033
62	243
62	267
62	144
62	741
62	871
62	448
62	418
62	417
62	85
62	812
62	688
62	752
62	396
62	395
63	64
63	99
63	202
63	785
63	201
63	293
64	147
64	441
64	431
64	383
64	621
64	411
64	293
64	785
64	151
64	624
65	576
65	813
65	1094
65	216
65	1156
65	144
65	191
65	512
65	812
66	67
66	111
66	82
66	745
66	154
66	80
66	104
66	259
66	832
66	119
66	369
67	108
67	80
67	534
67	310
67	104
67	259
67	416
67	679
67	82
67	71
67	808
67	119
67	954
67	111
68	69
68	637
68	1167
68	193
68	1362
68	138
69	193
69	637
69	1167
70	345
70	370
70	261
70	623
70	536
70	796
70	871
70	74
71	72
71	177
71	336
71	362
71	423
71	574
71	500
71	728
71	111
71	108
71	82
71	211
71	821
71	533
71	1189
71	389
71	210
71	239
71	539
71	116
71	808
71	1406
71	594
72	533
72	111
72	108
72	82
72	539
72	594
73	74
73	360
73	198
73	419
73	515
73	324
73	406
73	631
73	445
73	988
73	266
73	712
73	79
73	249
73	976
73	302
73	759
73	1305
73	1090
73	1055
73	683
73	1385
73	621
73	197
73	1054
73	703
74	261
74	631
74	360
74	377
74	449
74	199
74	1027
74	590
74	625
74	976
74	339
74	197
74	338
74	1236
74	856
74	1242
75	76
75	424
75	1390
75	1120
76	173
76	196
76	399
76	1120
76	441
76	488
77	78
77	697
77	385
77	483
77	758
77	397
78	154
78	385
78	161
78	483
78	697
78	838
78	284
78	1093
78	384
78	754
79	419
79	605
79	317
79	885
79	647
79	884
79	417
79	443
79	353
80	154
80	573
80	310
80	104
80	369
80	615
80	119
80	153
81	82
81	276
81	436
81	111
81	149
81	238
81	967
81	805
81	239
82	108
82	149
82	119
82	211
82	259
82	742
82	792
82	258
82	362
82	467
82	111
82	500
82	177
82	1032
82	423
82	296
82	539
82	805
82	239
82	879
83	84
83	170
83	260
83	497
83	511
83	543
83	1135
83	137
83	724
83	213
83	212
83	158
83	379
83	609
83	136
84	130
84	433
84	213
84	136
84	514
84	966
84	526
84	609
84	378
84	303
84	531
84	944
84	527
84	212
84	170
84	1157
84	222
84	109
84	510
84	307
84	678
84	543
84	137
84	361
84	379
84	497
85	86
85	1077
85	281
85	688
85	872
85	314
85	144
85	107
85	243
86	243
86	873
86	361
86	314
87	88
87	324
87	673
87	417
87	965
87	493
88	383
88	363
88	523
88	150
88	684
88	956
88	683
88	446
88	575
88	199
88	444
88	770
88	657
89	906
89	369
89	105
89	556
89	578
90	123
90	205
90	704
90	627
90	773
90	444
90	272
90	291
90	935
90	705
90	443
90	931
90	273
90	763
90	386
91	723
91	154
91	764
92	93
92	923
92	347
92	820
92	97
92	96
93	923
93	820
94	95
94	1088
94	844
94	1267
96	97
96	820
96	347
96	100
97	1049
97	101
98	135
98	148
98	205
98	290
98	486
98	501
98	277
98	672
98	761
98	181
98	463
98	932
98	262
98	835
98	435
98	446
98	633
98	149
98	626
98	358
98	132
98	690
98	185
98	699
98	114
98	381
98	230
98	215
98	186
98	564
98	447
98	780
98	779
98	412
98	705
99	193
99	157
99	201
99	569
99	677
99	635
99	274
99	785
99	910
99	1001
99	844
99	1035
99	645
99	911
99	938
99	1268
99	612
99	202
99	878
99	611
99	644
99	853
99	1304
99	1321
99	756
99	877
99	285
99	1063
99	253
99	1103
99	1355
99	293
99	509
99	1405
99	782
100	101
100	187
100	156
100	283
100	347
100	140
100	482
100	929
100	127
100	141
101	283
101	814
101	347
101	156
102	103
102	502
102	313
102	271
102	417
102	376
102	338
103	270
103	1165
103	271
104	105
104	416
104	472
104	622
104	629
104	309
104	344
104	1173
104	311
104	128
104	120
104	154
105	367
105	578
105	268
105	920
105	573
105	237
105	154
105	1074
105	1224
105	600
105	906
105	608
105	556
105	936
105	408
105	669
106	107
107	267
107	317
107	448
107	282
107	418
107	576
107	871
107	770
107	281
107	752
108	296
108	389
108	594
108	533
108	258
108	879
108	111
108	259
108	745
108	500
108	539
108	628
108	1032
108	423
108	211
108	808
108	239
108	468
108	177
108	574
108	463
108	362
108	534
109	110
109	543
109	222
109	678
110	543
110	702
110	413
110	221
110	158
110	456
110	678
110	222
111	116
111	211
111	574
111	588
111	585
111	628
111	478
111	646
111	508
111	671
111	674
111	466
111	750
111	614
111	539
111	210
111	500
111	983
111	861
111	517
111	467
111	239
111	880
111	784
111	533
111	294
111	594
111	303
111	843
111	979
111	1155
111	389
111	240
111	808
111	684
111	296
111	177
111	119
111	297
111	463
111	716
111	192
111	924
111	362
111	169
111	844
111	423
111	620
112	113
112	456
112	413
112	914
113	456
113	1153
113	1187
114	115
114	278
114	376
114	1002
114	427
114	231
114	132
114	262
114	230
115	262
115	358
115	181
115	277
115	271
115	131
115	435
115	162
115	638
115	564
115	417
115	501
116	211
116	533
116	603
116	646
116	389
116	210
117	118
117	166
117	839
117	471
117	395
117	615
117	154
117	342
117	1316
117	885
119	120
119	122
119	259
120	344
120	122
120	310
121	122
121	1210
122	154
122	284
122	129
122	629
122	472
122	1164
122	311
122	1093
122	551
122	128
123	297
123	386
123	898
123	570
123	704
123	589
123	223
123	264
124	125
124	161
124	598
124	375
124	321
124	385
124	265
124	391
124	188
125	397
125	392
125	391
125	425
126	127
126	347
126	747
127	1049
127	1051
127	380
127	351
127	315
127	395
127	140
127	1309
127	440
127	561
127	439
128	129
128	546
128	472
128	154
129	546
129	311
129	551
129	556
129	472
129	154
130	894
131	132
131	447
131	486
131	501
131	427
131	633
131	744
131	262
131	815
131	907
131	900
131	932
132	181
132	447
132	411
132	870
132	638
132	185
132	278
132	230
132	277
132	564
132	435
132	262
133	134
133	180
133	962
133	185
134	180
134	225
134	704
134	962
135	587
135	1290
136	137
136	170
136	222
136	213
136	1241
136	787
136	921
136	510
136	255
137	227
137	981
137	1050
137	531
137	213
137	514
137	694
137	737
137	222
137	1306
138	139
138	193
138	740
138	999
138	1075
138	1167
138	720
138	222
138	637
138	806
138	632
138	1320
138	903
138	152
138	1369
138	721
140	141
140	194
140	1008
140	1101
141	194
141	1008
141	1101
141	247
142	143
142	459
142	421
142	802
142	915
142	593
142	464
142	325
143	460
143	459
143	755
143	790
143	592
144	271
144	741
144	418
144	417
144	314
144	673
144	657
144	965
145	146
145	200
145	471
145	652
145	503
145	184
145	332
145	819
145	647
145	299
145	393
145	271
145	331
145	219
145	1240
145	419
145	395
145	1017
145	333
145	394
145	270
145	482
145	183
146	217
146	710
146	462
146	493
146	299
146	391
146	395
146	270
148	578
148	150
148	822
148	444
148	205
149	772
149	860
149	805
149	686
149	276
149	530
149	744
149	239
150	575
150	956
151	152
151	380
151	624
151	814
151	247
151	168
151	220
151	347
151	1181
152	255
152	222
152	645
152	157
152	655
152	930
152	241
152	173
152	497
152	247
152	202
152	178
153	154
153	573
153	1087
153	850
153	367
154	237
154	190
154	425
154	481
154	468
154	629
154	312
154	936
154	309
154	615
154	920
154	798
154	369
154	556
154	906
154	608
154	408
154	546
154	1207
154	911
154	483
154	268
154	269
154	573
154	1164
154	1199
154	1177
154	578
154	600
154	669
154	187
154	1400
154	598
154	367
154	1087
154	1208
154	1411
154	622
154	1074
155	156
155	347
156	995
156	206
156	174
156	347
156	693
156	859
156	711
157	158
157	303
157	495
157	179
157	787
157	801
157	592
157	178
158	170
158	178
158	724
158	1157
158	990
158	415
158	914
158	991
158	642
159	160
159	385
159	838
160	385
160	1058
161	487
161	561
161	940
161	1143
161	385
161	187
161	997
161	697
161	852
161	375
162	163
162	447
162	501
162	358
162	672
162	699
163	358
163	633
163	705
163	907
163	501
163	638
164	165
164	711
164	890
164	639
164	1095
164	567
164	596
166	387
166	449
167	168
167	247
168	247
168	347
169	607
169	330
169	211
169	389
169	1132
169	280
169	508
169	192
170	213
170	510
170	966
170	222
170	511
170	531
170	452
170	543
170	497
170	610
171	172
171	218
171	520
171	1020
171	512
171	317
171	330
171	182
171	588
172	1136
172	512
172	684
173	174
173	395
173	567
173	732
173	874
173	814
173	624
173	923
173	693
173	621
173	543
173	858
174	770
174	370
174	768
174	1008
174	693
174	749
174	1237
174	271
174	395
174	965
175	176
175	522
175	342
175	703
175	839
175	1236
175	654
175	726
176	703
176	726
176	856
177	210
177	336
177	539
177	674
177	1295
177	500
177	211
177	362
178	179
178	218
178	207
178	793
178	724
178	1201
178	881
178	303
178	401
178	801
179	383
179	220
179	307
179	294
179	687
179	801
179	673
179	991
179	513
179	514
179	270
179	922
179	543
179	182
179	353
179	415
179	303
179	516
180	704
180	962
181	435
181	277
181	231
181	376
181	411
181	1002
181	422
181	427
182	232
182	203
182	204
182	270
182	1108
182	264
182	692
183	184
183	471
183	819
183	1098
183	299
183	1298
183	331
183	333
183	1392
183	506
183	332
184	299
184	652
184	647
184	462
184	1017
184	393
184	395
184	419
185	186
185	719
185	382
185	672
185	215
185	744
185	757
185	690
185	381
185	1124
185	1009
185	633
185	686
186	381
186	1107
186	530
186	1315
186	672
186	215
186	564
187	375
187	352
187	697
187	347
187	1093
187	351
188	321
188	598
189	190
189	412
189	987
190	368
190	920
190	782
190	201
190	911
190	543
190	910
191	192
191	216
191	437
191	698
191	840
191	243
192	570
192	372
192	887
192	371
192	620
192	1328
192	280
192	295
193	602
193	434
193	1027
195	196
195	400
195	388
195	619
195	1085
195	540
196	353
196	619
196	488
196	388
196	952
196	399
196	386
196	607
196	232
196	1085
196	355
196	763
197	198
197	749
197	249
197	248
197	406
197	595
197	266
197	985
198	985
198	1054
198	976
198	406
199	446
199	445
199	345
199	536
199	1146
200	462
200	394
200	461
200	492
200	453
200	1098
200	540
201	202
201	227
201	987
201	785
202	293
202	785
202	910
202	252
202	911
202	987
203	204
203	337
203	347
203	1185
203	1108
203	232
203	353
204	232
204	817
204	658
204	692
204	728
204	1108
204	353
204	1165
205	231
205	427
205	705
205	273
205	444
205	822
205	386
205	506
205	935
206	207
206	352
206	787
207	611
207	787
207	752
208	209
208	285
208	509
208	783
208	236
209	465
209	509
209	215
209	285
209	236
210	211
210	389
210	626
210	582
210	700
210	581
210	539
210	264
210	280
210	336
210	279
211	223
211	297
211	792
211	545
211	354
211	539
211	500
211	581
211	389
211	614
211	508
211	264
211	294
211	279
211	1165
211	607
211	432
211	280
211	427
212	213
212	361
212	543
212	222
212	793
213	452
213	303
213	510
213	966
213	415
213	793
213	222
213	543
213	495
213	642
213	526
214	215
214	1102
214	251
214	354
215	530
215	907
215	381
216	647
216	1008
216	443
216	1108
216	698
217	652
217	393
217	710
217	616
217	312
217	636
218	402
218	222
218	512
219	220
219	331
219	1208
219	333
219	332
220	1131
220	1076
220	814
220	369
220	732
221	222
221	632
221	771
221	498
221	1301
221	788
221	901
222	621
222	431
222	966
222	514
222	609
222	929
222	510
222	720
222	1033
222	678
222	724
222	543
222	1244
223	279
223	366
223	607
223	868
223	614
223	432
223	834
223	280
223	264
223	298
223	355
223	545
224	225
224	1125
224	400
224	1113
224	1317
225	1113
226	227
227	547
227	411
227	1004
227	1096
227	1067
227	595
227	1041
227	694
228	229
228	937
229	1255
229	555
229	387
229	243
230	231
230	262
230	447
230	376
230	638
230	564
230	427
230	705
230	444
230	419
230	1269
230	1039
230	278
230	523
231	262
231	1107
231	395
231	435
231	672
231	313
232	577
232	250
232	613
232	709
232	381
232	627
232	686
232	692
232	386
232	708
232	1279
233	1292
233	1218
234	286
235	236
236	499
236	285
236	633
236	681
236	573
237	1044
237	578
238	239
238	276
239	427
239	681
239	423
239	276
239	603
239	967
240	241
240	777
240	423
241	423
241	1401
241	1226
242	243
243	305
243	319
243	318
243	437
243	927
243	306
243	1255
244	245
244	1114
244	1096
245	704
245	407
245	424
245	763
245	766
245	614
245	738
245	1195
245	917
245	488
245	386
246	247
246	571
246	997
246	1271
246	453
246	747
247	347
248	249
248	266
248	350
248	985
249	803
249	696
249	266
249	554
249	1054
249	365
249	1047
249	502
250	251
250	430
250	692
250	607
252	253
252	785
253	645
253	816
253	986
254	255
254	521
254	641
254	946
254	397
255	543
255	644
255	787
255	878
255	641
255	584
256	257
256	278
256	647
256	422
257	422
257	599
257	277
258	259
258	680
258	328
258	748
258	464
258	662
258	668
258	808
258	1354
258	327
259	679
259	954
260	361
260	966
261	313
261	698
261	264
261	475
261	704
261	271
261	1005
261	366
262	638
262	564
262	277
262	376
262	870
262	435
262	1002
262	278
262	411
262	932
263	264
263	280
263	973
263	431
263	785
264	517
264	475
264	614
264	463
264	620
264	628
264	432
264	372
264	294
264	389
264	318
264	585
264	280
264	366
264	589
264	297
264	508
264	383
265	266
265	365
265	651
265	985
265	1148
266	653
266	356
266	359
266	712
266	1178
266	406
266	976
266	1054
266	696
266	749
266	985
266	731
267	657
267	741
267	965
267	396
267	448
268	269
268	1087
269	1087
270	271
270	597
270	300
270	867
270	503
270	647
270	884
270	396
270	493
270	965
270	449
270	393
270	673
270	615
271	370
271	376
271	605
271	338
271	1106
271	273
271	1186
271	621
271	367
271	333
271	314
272	273
272	931
272	935
272	1215
272	795
273	705
273	444
273	447
273	419
273	376
273	443
273	822
273	931
274	275
274	822
275	707
275	958
276	436
276	686
276	1199
276	1351
276	381
276	1062
277	278
277	435
277	795
277	564
277	506
277	313
277	638
277	427
277	633
277	417
278	358
278	705
278	417
278	422
278	435
278	427
278	672
278	447
278	564
279	280
279	355
279	614
279	582
279	607
279	581
280	366
280	508
280	545
280	294
280	297
280	431
280	614
280	430
280	917
280	389
280	607
280	792
280	475
280	441
280	355
280	1202
280	432
280	1367
280	585
281	282
281	752
281	572
281	768
281	1077
282	576
282	687
282	657
282	437
282	1150
283	659
283	997
283	347
284	551
284	321
284	483
284	723
285	584
285	853
285	573
285	465
285	583
285	509
285	785
285	1397
286	287
286	456
286	854
286	712
287	712
288	289
288	689
288	485
288	349
288	701
288	1059
289	349
289	558
289	348
289	1266
289	485
290	683
290	965
290	974
290	427
291	292
291	935
291	582
293	752
293	1052
293	785
294	295
294	372
294	371
294	389
294	614
294	607
294	517
295	517
295	513
295	899
295	589
295	570
295	330
296	468
296	745
296	808
296	574
296	310
297	298
297	837
297	868
297	389
297	517
297	545
297	432
298	614
298	607
298	432
298	366
298	792
299	300
299	540
299	786
299	849
299	395
299	506
299	648
299	730
299	393
299	331
300	394
300	396
300	586
301	302
303	304
303	445
303	476
303	417
303	793
303	965
303	543
303	383
303	372
303	510
303	683
303	1242
303	371
303	514
303	991
304	1016
305	306
305	928
305	989
305	937
306	989
306	937
306	928
307	308
307	737
307	1306
309	310
309	344
309	764
310	408
310	745
310	920
310	481
310	1000
310	808
310	1028
310	783
310	468
311	312
311	912
311	546
311	556
311	472
311	615
312	616
312	1207
312	1000
312	647
312	615
312	652
313	314
313	376
313	984
313	564
313	1106
313	900
313	932
314	418
314	900
314	871
314	657
314	417
314	1106
314	605
315	316
315	1301
316	718
316	1043
316	642
316	1229
316	1366
317	419
317	513
317	1129
317	453
317	346
317	520
317	1179
317	647
317	955
318	319
318	1327
319	589
319	827
319	324
319	543
320	321
320	483
320	852
320	723
320	1049
321	799
321	852
321	764
321	1093
321	598
322	323
322	932
322	1218
323	403
324	759
324	976
324	1260
324	493
325	326
325	528
325	806
325	402
325	420
325	904
325	880
325	467
325	671
325	459
326	790
326	328
326	593
326	450
326	402
326	1126
326	592
326	548
326	904
326	591
326	959
326	528
327	328
327	442
327	742
327	477
327	668
327	662
328	477
328	765
328	466
328	442
328	630
328	909
328	713
328	662
328	451
328	742
328	591
329	330
329	520
329	845
330	508
330	588
330	991
330	1020
330	983
330	879
330	513
331	398
331	332
331	499
331	505
331	819
331	1017
331	648
331	564
331	876
331	1244
331	393
331	896
331	506
332	333
332	474
332	1017
333	393
333	347
333	1380
334	335
335	360
336	539
338	339
338	350
338	417
338	438
338	536
338	345
338	1117
338	631
339	377
339	418
339	856
339	631
340	341
340	637
340	774
340	563
340	562
341	1130
342	343
342	654
342	703
342	522
342	400
342	1281
343	703
343	654
344	408
344	1093
344	598
345	623
345	406
345	567
345	590
345	976
345	1319
345	929
346	347
347	1057
347	747
347	395
347	929
347	380
347	540
347	571
347	567
347	997
347	1091
348	349
348	484
348	558
348	485
349	775
349	655
349	484
349	510
349	1059
349	485
349	656
349	1099
350	494
350	552
350	1065
350	360
350	929
350	1152
350	587
350	1305
350	856
350	695
350	847
350	1027
350	595
351	352
351	453
351	561
351	697
351	487
352	865
352	487
352	1245
352	697
353	704
353	817
353	446
353	658
354	355
354	834
354	681
354	1111
354	582
355	582
355	614
355	1064
355	545
356	357
356	388
356	400
356	828
356	1085
356	1113
356	543
358	675
358	506
360	568
360	625
360	549
360	781
360	858
360	981
360	631
360	1027
360	1116
360	711
360	445
360	536
360	875
360	1134
361	526
361	801
361	456
361	413
361	894
361	966
362	539
362	500
362	389
363	364
363	572
363	604
363	948
363	417
363	866
364	547
365	717
365	1256
365	883
366	597
366	432
367	537
367	600
367	578
367	573
367	906
368	369
368	416
368	732
369	416
369	797
369	916
369	408
369	481
369	608
369	920
369	565
369	732
370	449
370	885
370	871
370	1137
370	884
370	395
370	673
370	965
370	418
370	520
371	372
371	620
371	589
371	1360
372	620
372	895
372	884
372	541
373	374
374	954
374	782
374	679
374	910
374	911
376	435
376	438
376	600
376	390
376	605
377	1080
377	547
377	1186
377	536
377	449
377	1119
377	445
377	1409
378	379
378	963
378	1109
378	610
378	609
380	747
380	624
381	382
381	407
381	676
381	736
381	972
381	685
381	1062
381	686
381	1161
381	1204
381	757
381	530
381	690
381	1198
382	690
382	719
382	905
383	757
383	624
383	1160
383	752
383	1374
383	1134
384	385
384	758
384	397
384	483
385	483
385	838
385	939
386	387
386	613
386	692
386	935
386	762
386	773
386	627
386	763
386	704
387	627
387	684
387	762
387	763
387	622
388	489
388	1085
389	500
389	539
389	585
389	517
389	508
389	607
390	741
390	417
391	392
391	397
392	758
392	483
392	754
392	1058
392	397
393	394
393	786
393	506
393	1017
393	419
393	482
393	503
393	1240
393	616
393	647
394	652
394	633
394	505
394	876
394	648
395	396
395	693
395	741
395	901
395	673
395	1237
395	1176
395	965
395	572
395	621
395	417
396	493
396	1176
396	540
397	556
397	483
397	874
397	946
397	641
397	1058
398	506
398	916
398	523
398	647
399	400
399	489
399	789
399	423
399	1310
399	1339
400	488
400	1085
400	703
401	790
401	811
402	591
402	592
402	514
402	881
402	1050
402	908
402	459
402	531
402	1030
402	643
402	661
402	1194
402	790
402	801
402	528
402	527
402	678
406	660
406	778
406	976
406	749
407	941
407	690
407	1202
407	1043
408	483
408	800
408	469
408	551
408	472
408	799
408	1000
408	764
408	416
408	1173
409	410
409	434
410	566
410	953
410	927
410	1157
410	1252
411	435
412	686
412	987
412	736
412	1124
412	757
413	414
413	891
413	456
413	1071
415	793
415	526
415	452
416	886
416	615
416	1087
416	472
416	1387
417	605
417	419
417	1117
417	438
418	445
418	449
418	657
418	872
419	819
419	916
419	884
419	786
419	444
419	647
420	421
420	458
420	904
421	504
421	663
421	959
421	674
421	1097
421	457
421	790
421	1206
421	847
421	528
421	996
421	1155
422	435
422	1005
423	672
423	789
423	426
423	1331
423	1299
423	879
423	427
424	1114
424	1120
425	598
426	427
426	789
426	1293
426	1299
427	463
427	545
427	683
427	435
427	793
427	626
427	1299
427	672
428	429
429	751
429	1032
429	534
430	1262
430	607
430	545
431	432
431	452
431	614
432	475
432	508
432	868
432	585
433	434
433	1361
433	1345
434	735
434	953
435	564
435	699
435	638
435	870
436	772
436	805
437	937
437	752
438	1117
439	440
439	929
440	540
441	1120
441	700
442	668
442	1346
442	765
443	444
443	447
443	935
443	956
444	705
444	447
444	935
444	564
445	1147
445	863
445	871
445	882
446	513
446	590
446	564
446	770
446	672
446	626
446	1337
447	672
447	1009
448	449
448	741
448	965
449	965
449	621
449	543
449	1137
449	871
449	673
449	872
450	451
450	643
450	713
450	490
450	661
450	587
450	528
451	591
451	661
451	908
452	514
452	682
452	1168
452	531
452	801
452	793
452	1311
452	724
452	497
452	1070
452	1033
453	902
453	923
454	455
454	752
454	1178
455	967
456	524
456	1071
456	1176
456	1257
457	458
457	1324
457	904
457	1413
458	904
458	790
458	806
459	592
459	464
459	593
459	915
459	1381
460	668
461	462
461	586
461	540
461	492
462	586
462	492
463	464
463	575
463	904
463	750
463	466
463	1155
463	574
463	467
463	743
463	628
463	684
463	529
463	500
463	480
463	1184
463	1191
463	1021
463	1363
464	466
464	743
464	661
464	592
464	1021
466	467
466	541
466	548
466	587
466	765
466	574
466	504
466	478
466	680
466	1354
466	790
467	478
467	924
467	950
467	628
467	1194
467	529
467	743
467	574
467	661
467	1047
467	1021
467	684
468	808
468	1028
469	470
469	957
469	556
469	472
470	816
471	551
471	839
472	481
472	483
472	565
472	1177
472	551
472	753
473	474
473	738
475	614
477	662
477	630
478	784
478	1021
478	861
478	1144
478	959
479	480
480	908
480	628
481	1173
482	652
482	819
483	556
483	723
483	838
483	1018
483	1053
483	1149
483	929
483	1399
484	485
484	656
484	1266
484	775
485	656
485	1099
485	655
486	907
486	744
486	815
487	940
488	489
489	1085
490	491
490	504
490	593
490	1261
490	1031
490	1030
491	593
491	1031
491	1261
491	1030
492	493
492	586
492	913
492	540
492	876
493	540
493	590
493	884
493	673
494	1152
494	1236
495	593
495	966
495	510
497	498
497	531
497	992
497	966
497	1200
497	609
498	645
498	1033
498	1070
499	681
499	648
499	810
499	633
500	684
500	628
500	533
500	539
501	633
501	919
501	699
501	705
501	503
501	907
502	589
502	554
503	786
503	647
503	932
503	919
503	907
503	633
503	699
505	506
505	876
505	922
505	633
505	648
506	876
506	1017
506	648
508	614
508	1132
508	607
510	511
510	526
510	642
510	531
510	514
511	944
512	1007
512	1094
513	846
514	527
514	526
516	1250
517	570
517	899
518	519
519	701
520	846
520	1342
520	1340
520	1010
522	968
523	564
523	1008
523	647
523	1288
524	525
526	527
526	793
526	1172
526	543
527	678
527	1382
527	1048
528	591
528	1126
528	593
528	1322
528	548
529	530
529	680
529	1127
529	1184
529	684
529	1314
529	1191
530	860
530	684
530	686
530	705
530	690
530	804
530	920
531	532
531	609
531	642
531	1034
531	1133
531	921
531	992
531	1109
532	609
534	535
534	751
536	623
536	602
539	1155
539	574
539	728
541	626
541	1065
542	1340
543	621
543	801
543	894
543	922
543	793
543	872
543	787
543	966
543	965
543	1342
543	789
543	678
544	545
544	607
546	1138
546	551
547	1205
547	1314
547	1182
547	1096
548	880
548	1031
548	790
548	904
548	908
548	1194
548	661
548	1348
549	550
549	711
549	604
549	875
549	1412
550	722
550	926
550	933
550	1013
550	1214
550	949
550	857
551	556
552	553
552	711
552	830
552	970
553	1182
554	555
554	928
555	1255
556	800
556	561
557	558
557	1089
561	1162
562	563
564	705
564	1107
564	672
564	605
564	907
565	566
565	753
565	1118
565	782
566	1150
566	1402
567	621
567	842
567	948
567	1294
567	711
567	949
567	874
567	875
570	898
570	1016
570	899
570	991
570	589
570	1243
572	866
572	964
572	965
573	578
573	1118
574	628
574	1155
574	808
574	983
574	784
575	628
576	655
576	1094
577	613
577	692
578	1000
578	1347
578	633
581	582
581	1111
581	834
581	1307
581	681
582	1111
583	584
583	785
583	1397
584	679
584	785
584	954
584	1273
585	706
585	1069
585	614
587	1163
587	1223
587	765
587	1302
588	691
588	1020
589	827
589	899
590	883
590	1110
590	872
590	1090
591	1376
592	593
592	915
592	1381
593	880
593	742
594	1139
594	806
595	596
595	606
595	1038
595	711
595	985
595	856
595	731
596	890
596	1041
597	779
597	1119
598	764
598	799
598	710
599	1269
600	601
602	603
602	637
603	728
603	1119
603	1318
604	1010
604	683
605	984
607	614
607	818
607	613
607	1262
607	834
608	798
609	610
609	921
609	992
611	612
611	746
612	746
613	692
613	690
613	686
613	1202
613	1359
613	1062
615	616
615	1164
615	920
615	647
616	957
616	841
616	647
616	1025
616	710
617	618
617	634
617	685
617	674
617	1140
617	716
618	859
618	634
621	749
621	1033
621	874
621	624
621	1313
621	1329
624	785
626	810
626	900
626	1002
626	744
627	692
627	763
627	1081
628	1184
628	684
630	909
630	661
630	662
631	1236
631	1090
633	672
633	705
633	876
633	907
633	699
633	1076
633	919
633	810
635	636
635	758
636	1022
636	648
637	720
637	974
637	774
637	903
637	735
638	1233
638	907
639	640
639	653
639	1330
642	965
642	966
644	787
644	877
645	929
645	771
645	1353
646	807
646	716
647	786
647	1017
647	1022
647	1340
647	652
648	876
648	896
651	1148
651	1047
652	786
652	1022
654	726
654	703
654	1281
654	1236
655	656
656	712
657	872
657	965
657	871
657	741
658	708
659	997
660	778
660	749
661	662
662	668
662	1226
662	909
662	908
663	664
663	1206
663	674
663	1341
664	847
665	666
665	739
667	668
667	1253
668	742
668	908
669	670
669	906
669	1177
671	1194
672	705
672	869
673	965
673	1137
674	806
676	708
676	972
677	908
679	1086
679	996
679	783
679	1221
679	954
679	987
681	967
682	1350
683	684
683	776
683	903
683	743
683	965
684	859
684	1122
684	1284
684	991
685	686
685	1197
685	1386
686	1174
686	1161
686	804
686	1198
686	692
687	688
687	1246
687	752
689	701
689	1303
690	719
690	905
690	1202
692	709
692	1279
693	965
693	1237
694	695
695	1290
696	985
696	976
697	852
697	940
699	761
699	919
699	705
699	1009
699	907
701	1408
703	839
703	968
704	773
704	763
705	869
705	1146
705	1009
705	907
705	1315
705	1165
705	1161
706	1069
707	958
708	709
709	1140
711	1041
711	874
711	981
712	854
713	714
713	765
715	716
715	1155
716	1155
718	1344
718	1226
719	905
720	721
720	1167
720	740
722	857
722	866
722	926
723	1091
724	725
724	769
724	882
724	881
724	992
726	727
726	839
727	856
729	730
729	1323
729	849
730	791
730	849
731	1090
732	733
732	1146
733	1377
735	903
735	953
735	1383
737	738
737	892
738	982
738	892
742	748
742	864
742	765
742	1265
743	744
743	1146
743	1302
744	815
744	932
745	808
745	925
745	1118
745	1028
746	986
749	969
750	1191
750	935
752	1011
752	835
752	1122
752	855
754	929
755	756
759	998
759	975
759	976
761	1124
762	763
762	834
763	935
764	1093
765	1021
766	767
766	1111
766	1151
766	1063
767	908
768	1077
768	1008
770	965
770	1176
771	788
772	805
773	935
775	1059
775	1099
775	1407
777	983
779	780
782	783
783	954
785	1239
785	1326
787	878
787	1397
788	789
789	901
789	923
790	904
790	806
791	849
793	794
793	966
794	1287
794	1172
795	931
797	841
799	1093
799	1091
799	1300
802	915
803	975
804	805
804	1198
806	996
806	1220
806	904
807	808
807	987
808	1028
808	1032
811	894
811	1097
812	813
812	991
813	914
815	900
815	955
817	1185
817	1279
818	1262
819	1017
820	902
820	923
822	1190
825	826
825	855
827	898
829	830
830	1183
831	832
831	1066
831	1338
831	1357
832	1122
834	1262
835	836
835	855
839	1038
839	1090
841	1154
841	957
841	1113
842	874
843	844
843	979
843	1336
843	861
844	938
844	1032
844	1048
845	846
845	1171
847	848
847	863
847	1023
847	1403
849	1033
849	859
850	851
852	1093
853	911
854	1178
854	1122
856	1006
856	1056
856	1090
857	1013
857	1121
857	1214
859	1277
859	1323
859	863
861	862
861	1144
863	1134
863	1216
863	1249
864	924
866	964
871	872
871	977
871	884
874	875
874	1182
877	878
878	1304
879	1020
879	884
880	1348
881	882
884	885
885	965
887	983
888	889
889	904
890	1041
892	893
892	982
892	929
894	1142
896	897
898	899
898	1037
898	1016
899	991
901	1398
902	929
902	1159
903	974
904	1126
906	907
907	1002
908	1352
909	1261
910	911
910	1221
911	1221
914	991
914	990
914	1011
917	918
917	947
917	1115
917	1195
917	1375
918	1158
919	1009
920	1315
922	1364
923	929
927	928
929	930
929	1090
931	1215
931	935
932	994
933	934
934	949
934	948
938	1333
941	1202
944	945
944	971
944	1019
948	949
948	1270
948	1287
949	1343
950	1368
954	987
954	1086
957	1025
959	1141
959	1145
962	1025
962	1026
963	1157
963	1365
964	965
965	1176
969	1188
970	1027
971	1019
975	976
975	998
976	998
976	1178
979	980
982	1115
983	1404
990	991
992	1135
996	1024
1000	1074
1003	1004
1003	1209
1004	1209
1009	1124
1009	1107
1011	1130
1011	1097
1011	1280
1018	1053
1019	1156
1024	1030
1025	1026
1027	1150
1027	1373
1028	1118
1029	1030
1031	1072
1031	1391
1039	1040
1041	1042
1041	1095
1044	1074
1047	1048
1047	1141
1047	1217
1047	1312
1049	1325
1052	1384
1054	1055
1059	1266
1059	1334
1063	1064
1063	1111
1067	1068
1070	1150
1070	1200
1071	1175
1076	1124
1076	1370
1081	1082
1081	1203
1081	1225
1087	1177
1090	1305
1096	1375
1099	1266
1112	1113
1114	1115
1120	1202
1122	1123
1130	1254
1144	1145
1146	1191
1146	1315
1153	1175
1155	1169
1158	1159
1169	1170
1172	1214
1178	1219
1180	1181
1195	1196
1195	1272
1201	1358
1208	1335
1229	1230
1229	1263
1229	1332
1229	1272
1250	1251
1290	1291
1293	1299
1334	1372
1369	1410
1371	1372
