386	0
386	385
386	387
386	445
386	446
386	2307
0	395
0	451
395	393
395	419
395	2213
395	2393
451	408
451	453
3553	1
3553	3422
3553	3675
1	3586
1	3587
1	3637
3586	3329
3587	3329
3637	3525
3637	3636
3583	2
3583	3343
3583	3625
4930	3
4930	4931
4930	4937
88	4
88	55
88	87
88	90
88	172
88	178
88	195
88	198
13	5
13	12
13	14
13	15
13	83
5	120
120	51
8	6
8	7
8	9
9	10
9	61
9	75
9	205
9	208
10	50
61	188
61	209
75	48
205	50
205	98
205	115
205	138
205	188
205	207
208	125
50	139
94	11
94	26
94	43
94	92
94	93
94	95
94	131
11	125
125	98
14	16
14	17
14	29
14	147
83	218
83	221
29	130
29	160
147	54
19	18
19	20
19	130
18	190
190	103
20	199
199	80
199	179
199	201
51	21
51	194
21	176
176	166
4445	22
4445	2562
4445	4448
4446	23
4446	84
4446	91
4446	475
4446	493
4446	4461
53	24
53	231
24	4461
4461	84
4461	132
4461	2562
4461	4460
58	25
58	41
58	59
58	167
25	136
136	146
26	131
26	139
26	203
131	139
139	138
139	140
161	27
161	196
27	166
98	28
98	42
98	57
98	74
98	82
98	100
98	135
123	30
123	92
123	101
123	122
123	140
30	140
140	102
140	138
140	141
140	186
62	31
62	154
31	104
104	174
104	222
155	32
155	154
32	174
174	92
174	189
34	33
34	35
34	97
35	36
35	69
35	141
35	142
97	40
36	37
36	38
36	39
36	47
36	157
69	66
69	68
69	70
69	1030
69	1052
69	2344
141	142
47	44
47	45
47	46
47	171
157	153
157	154
157	193
40	202
202	143
42	41
42	181
41	167
41	218
41	232
218	217
232	124
181	150
43	163
163	162
163	164
163	191
46	184
184	80
184	105
184	182
184	183
184	200
184	997
171	95
171	170
48	101
48	106
101	210
106	186
4448	49
4448	85
4448	521
4448	2562
4448	4447
4448	4458
194	124
194	145
111	52
111	148
111	192
111	204
52	119
52	172
119	56
119	148
119	175
231	73
109	54
109	78
55	107
107	178
56	149
56	152
56	175
56	198
149	198
152	198
198	200
198	201
57	2562
2562	81
2562	133
2562	4129
59	60
60	154
154	153
154	159
154	173
68	63
68	64
68	65
68	979
68	4893
70	67
70	108
979	980
979	1036
4893	4871
4893	4891
4893	4892
4893	4894
1030	105
1030	953
1030	963
1030	1029
1030	1033
1030	1038
1030	1039
1030	1040
1030	4894
1052	953
1052	1032
1052	1050
1052	1058
2344	2343
108	116
108	207
108	4120
86	71
86	76
86	110
71	224
224	137
224	219
73	72
73	91
72	112
72	215
112	113
112	215
215	214
91	496
77	76
77	170
77	191
76	110
76	185
185	187
170	168
170	169
191	150
79	78
79	80
80	989
989	987
989	997
82	81
221	220
221	225
151	85
151	143
87	89
178	177
195	204
496	484
496	495
496	499
95	129
129	113
129	126
129	127
129	128
129	207
129	235
129	4112
144	96
144	192
96	148
100	99
135	236
99	4459
4459	4458
210	211
210	212
210	213
145	103
145	196
103	153
153	124
153	146
153	156
153	158
222	134
105	1055
1055	961
1055	981
116	117
116	118
116	207
116	522
207	206
4120	522
4120	4119
4120	4164
4120	4179
192	193
113	3770
3770	3769
3770	3782
115	114
522	521
522	570
122	121
124	173
4112	4111
4112	4213
134	236
236	237
223	137
223	227
137	229
229	168
229	226
138	143
138	150
138	4882
143	234
4882	4852
234	233
156	189
162	165
169	187
169	227
187	228
187	230
177	179
177	180
179	206
997	966
997	1006
997	1057
228	216
230	226
201	197
214	499
225	216
252	238
252	251
252	253
252	289
252	322
252	376
238	318
238	4423
318	317
318	336
240	239
240	316
240	327
240	337
239	333
239	354
333	332
354	353
354	4426
316	285
316	299
316	303
316	306
316	315
316	337
327	328
327	379
337	253
337	336
242	241
242	284
242	363
242	364
242	365
242	366
241	351
351	276
351	287
351	352
284	254
284	282
284	283
284	285
284	296
284	305
284	366
365	296
342	243
342	277
342	343
342	355
243	355
355	332
355	353
355	356
335	244
335	278
335	298
335	373
244	361
361	359
361	362
247	245
247	246
247	330
246	257
246	298
246	371
246	378
257	259
257	310
257	360
257	368
257	381
298	278
298	293
298	299
298	343
371	378
378	278
378	375
330	329
330	357
250	248
250	249
249	280
249	305
249	312
249	313
249	360
280	279
280	305
280	312
280	313
280	360
305	304
305	306
305	313
312	313
313	279
313	282
313	295
313	302
360	381
251	289
251	319
251	367
251	370
319	320
319	322
319	370
367	370
253	4362
4362	4363
255	254
255	285
255	299
254	329
285	306
285	1178
299	258
299	362
259	256
310	311
310	368
258	306
258	311
311	344
311	345
261	260
261	262
261	267
261	334
260	287
260	350
260	369
260	382
350	266
350	349
350	369
262	344
262	345
267	266
334	264
334	281
334	352
321	263
321	320
321	4341
263	4415
4415	4378
4415	4386
281	264
308	265
308	297
308	323
308	340
269	268
269	346
269	362
346	341
362	274
362	292
274	270
274	271
274	272
274	273
274	275
274	325
272	372
325	292
325	324
286	276
314	277
314	315
314	326
279	282
279	295
279	302
282	295
282	302
295	296
295	302
302	301
1178	1177
1178	1340
290	288
290	336
290	4435
336	338
4435	4421
4435	4432
4435	4434
4435	4436
292	291
300	294
300	297
297	340
340	331
340	341
307	303
353	309
353	332
353	374
353	4425
309	358
309	4431
4431	4433
315	356
326	4428
317	1119
1119	1065
1119	1118
1119	1176
1119	1429
1119	4437
4341	4374
4341	4376
357	377
331	380
352	347
352	348
338	339
4426	4430
384	383
384	393
384	426
384	447
383	429
383	445
383	454
383	455
383	462
429	446
429	470
454	455
454	470
455	459
462	413
393	396
393	447
393	2223
426	420
426	425
426	427
426	447
426	3987
2307	2330
430	388
430	416
430	423
430	441
430	469
437	389
437	408
389	2282
2282	2212
2282	2257
2282	2264
2282	2281
2282	2283
2282	2284
2282	2302
2282	2304
2282	2372
2282	2375
391	390
391	392
391	394
391	409
391	423
392	402
392	406
392	425
392	436
394	442
394	457
409	431
402	401
402	403
402	411
402	435
402	436
402	439
406	405
425	414
425	424
436	432
396	397
396	398
396	399
396	400
396	420
396	2231
396	2283
2223	2221
2223	2222
2223	2229
2223	2235
2223	2383
442	441
442	466
457	405
457	460
419	421
419	456
2213	2207
2213	2212
2393	2321
2393	2392
2393	2394
420	421
420	2283
2231	2317
2231	2347
2231	2357
2283	2284
411	410
411	1216
435	434
435	461
435	1297
439	422
439	438
405	404
405	431
405	460
431	432
431	433
431	472
408	407
408	456
456	465
1216	1215
1216	1512
473	412
473	438
412	1248
1248	1913
414	413
413	415
413	452
413	459
413	464
413	468
452	428
459	428
464	443
464	469
468	443
468	450
417	416
416	444
416	450
416	469
444	424
421	418
422	1424
422	1784
1424	1326
1424	1924
424	443
427	1125
3987	3985
1125	1476
441	440
472	438
472	471
461	458
1297	1252
1297	1296
449	448
449	465
449	467
467	463
453	463
481	474
481	479
481	491
481	4111
474	4173
4173	4111
4173	4149
4113	475
4113	4114
477	476
477	480
477	484
480	479
480	493
484	483
484	485
484	493
479	478
478	492
478	498
492	493
492	497
498	485
491	487
4111	4201
4111	4221
4111	4268
485	482
485	486
485	489
485	497
482	489
482	494
482	495
494	486
483	3769
3769	692
1183	488
1183	1467
488	1201
1201	1170
1201	1175
1201	1309
2426	490
2426	2485
2426	2655
490	2542
490	2543
490	2548
490	2680
490	2799
490	2832
490	2834
490	2835
490	2836
490	2949
2542	2533
2542	2728
2542	2765
2542	2834
2542	2835
2542	2836
2542	2952
2542	2997
2542	3068
2542	3112
2542	3174
2542	3207
2543	2464
2543	2486
2543	2528
2543	2832
2543	4219
2548	2485
2548	2537
2548	2546
2548	2547
2548	2847
2548	2848
2548	2958
2548	3055
2680	2679
2680	2984
2799	2664
2799	2665
2799	2800
2799	2946
2799	2947
2832	2833
2834	2829
2835	2830
2836	2831
2949	2950
501	500
501	549
501	570
501	573
549	548
570	533
570	569
570	4164
573	532
504	502
504	503
504	523
504	556
504	564
523	524
523	525
523	532
556	532
556	563
564	532
564	1481
564	1482
564	4211
548	505
548	532
548	547
548	551
548	552
548	568
505	551
551	511
551	538
551	550
539	506
539	507
539	540
539	541
539	542
539	543
539	544
506	546
506	565
546	507
546	553
546	554
546	558
546	559
565	508
565	543
507	566
566	508
566	544
545	509
545	543
545	544
509	571
509	572
561	510
561	543
561	544
561	560
512	511
511	513
511	534
511	538
511	550
534	538
534	550
550	542
4458	514
4458	521
4458	569
4458	829
4458	837
4458	856
4458	2440
4458	4119
4458	4444
4458	4454
4458	4455
4458	4457
4458	4463
4458	4464
4458	4465
4458	4466
519	515
519	520
520	516
520	517
520	518
520	2312
518	3982
3982	4035
3982	4067
2312	2235
2312	2364
2312	4837
521	828
521	832
828	827
828	837
832	831
524	528
525	530
532	526
532	533
532	568
528	529
528	530
530	531
527	526
526	4145
4145	4146
568	567
536	535
536	537
536	557
535	559
535	574
557	558
557	563
540	569
541	569
553	555
554	555
558	562
547	555
555	552
563	562
4211	4115
4211	4133
4211	4187
4164	4163
4164	4174
4164	4179
4164	4207
4164	4219
657	575
657	597
657	604
657	609
657	658
657	696
575	659
575	660
575	730
582	576
582	583
582	584
582	612
582	645
576	625
576	640
640	612
640	641
578	577
578	594
578	610
594	589
594	595
594	596
594	628
594	705
610	607
610	609
610	722
664	579
664	663
579	702
702	675
702	681
702	700
702	701
702	734
720	580
720	677
720	716
720	719
720	725
720	727
580	725
725	616
725	634
725	639
725	650
725	653
725	677
725	724
725	726
585	581
585	584
585	614
581	626
626	619
584	652
584	667
584	672
584	680
612	613
612	700
645	646
645	704
652	653
652	680
652	726
667	668
667	680
667	726
672	671
672	673
672	674
680	681
680	682
680	683
680	693
680	726
614	613
614	619
614	636
614	676
587	586
587	618
587	624
587	669
587	679
587	703
618	617
618	668
624	623
624	655
624	668
624	708
669	655
679	678
679	681
597	588
597	592
597	598
597	599
597	600
597	601
597	602
597	620
590	589
589	591
589	692
692	666
692	694
692	726
692	738
593	592
592	630
630	629
630	696
628	627
628	658
604	603
604	605
604	606
604	691
605	658
605	666
691	662
691	690
658	642
658	656
658	712
658	738
666	665
609	608
609	611
609	662
662	661
722	712
722	721
722	723
636	635
636	648
676	675
616	615
616	639
639	632
639	638
639	653
639	681
639	685
668	632
668	718
622	621
622	653
622	736
653	651
653	685
736	734
736	735
655	654
655	689
708	681
696	697
632	631
632	634
632	689
632	718
634	633
689	688
689	732
718	717
648	644
648	647
671	637
671	713
637	709
637	713
637	728
709	706
709	710
713	704
713	714
728	698
728	729
681	685
681	687
685	684
644	643
644	687
687	686
704	670
650	649
726	694
726	3781
712	711
738	737
732	731
694	695
699	698
734	733
707	706
716	715
3781	3779
3781	3780
3781	3785
3781	3798
3781	3801
3781	3870
740	739
740	748
740	750
740	757
740	815
739	749
739	763
749	752
749	805
763	777
763	814
763	815
748	750
748	751
748	775
748	805
750	753
750	757
750	776
757	755
757	756
757	758
757	791
815	744
815	816
744	741
744	743
744	746
744	802
744	1230
743	742
743	745
743	760
743	777
743	804
742	759
742	762
742	779
759	760
759	762
759	778
762	761
762	778
762	780
762	789
779	789
779	795
760	814
777	2417
804	794
804	795
804	1402
802	2207
1230	800
1230	1231
1230	1402
780	747
780	781
780	783
780	784
780	789
780	799
780	803
752	2413
753	2414
776	786
776	4928
2413	2414
2414	2266
2414	2279
2414	4695
764	754
764	774
764	820
754	783
754	803
783	791
783	800
803	766
803	782
803	787
803	791
803	807
803	821
756	787
787	791
758	812
758	813
758	823
758	824
812	1227
813	1228
823	772
824	772
778	814
789	788
774	781
774	817
820	819
766	765
771	767
771	770
771	772
771	773
771	786
772	768
772	769
770	785
770	797
785	786
817	818
4928	4927
4928	4929
2417	790
795	796
795	808
799	798
782	4934
4934	4932
4934	4933
800	801
800	1257
2304	790
2304	2354
793	792
793	794
793	811
793	1214
811	810
811	822
811	1124
1214	1774
808	809
1257	1258
1257	1292
1257	1353
1257	1402
1257	1992
807	806
809	822
822	1124
1124	1576
1124	2021
1227	1231
1228	1231
818	819
819	4940
4940	4939
826	825
826	829
826	4462
825	844
844	846
844	865
829	834
829	836
4462	4444
4462	4449
4462	4450
827	845
827	858
827	877
845	877
845	903
858	885
837	853
837	871
837	872
834	833
836	835
4444	830
831	855
831	867
831	868
831	869
831	895
831	903
831	904
831	905
831	906
831	910
831	919
831	920
831	932
855	849
855	854
855	856
855	860
869	895
869	899
895	876
895	896
895	897
833	854
833	862
833	866
833	874
833	891
854	850
854	851
854	859
854	861
854	863
854	864
854	891
862	843
874	885
874	897
874	901
891	881
835	892
835	896
892	878
892	896
853	838
853	852
871	885
871	928
872	929
839	838
839	840
840	2351
2351	2364
842	841
842	4179
4179	4177
4179	4178
861	843
843	863
843	4457
846	847
846	860
846	870
846	880
846	884
846	894
846	900
846	912
865	852
847	848
847	911
860	859
880	900
884	883
894	876
894	893
900	852
912	917
912	918
848	879
848	886
848	887
848	888
848	889
849	907
849	908
849	909
850	898
852	873
852	902
873	930
902	857
902	890
902	928
902	929
902	931
859	864
859	881
859	883
864	883
864	921
882	857
882	883
882	931
857	893
893	875
885	928
881	875
921	926
921	927
899	930
928	878
928	901
928	929
929	878
929	890
930	878
876	875
875	878
917	913
917	914
918	915
918	916
926	922
926	923
927	924
927	925
1014	933
1014	941
1014	1005
933	1053
935	934
935	969
934	936
934	969
936	941
969	995
969	1021
941	942
941	994
938	937
937	954
937	1010
937	1050
954	973
954	1050
1010	975
1010	986
1010	1011
1010	1056
1050	956
1050	984
1050	1019
1050	1022
1050	1023
1050	1024
1050	1051
940	939
940	1016
940	1036
940	1051
939	956
939	961
939	984
956	957
956	1015
984	985
1016	1015
1016	1017
942	946
942	959
994	990
994	999
946	947
959	958
959	1006
944	943
944	945
944	995
944	1028
943	1003
943	1005
943	1028
1003	1045
1005	978
1005	1002
1005	1006
1005	1007
1005	1008
1005	1009
1005	1026
1005	1037
1005	1049
1028	995
1028	1004
945	1006
945	1058
1006	968
1006	1057
949	948
949	951
949	962
949	1043
948	950
948	964
948	1047
948	1048
950	951
950	970
950	1034
964	1025
1047	977
1047	992
1048	976
951	971
951	978
951	1000
962	993
1043	1026
970	971
970	996
1034	976
1034	998
1034	1035
971	1026
971	1037
1000	1026
953	952
953	983
953	1011
952	975
952	1023
952	1024
952	1056
975	1054
1023	974
1023	1059
1024	974
1024	1059
1056	1041
983	955
1011	991
973	965
973	972
973	1021
1015	981
958	993
958	1049
993	992
993	1049
1049	1035
965	960
965	966
965	1021
960	987
987	988
991	963
991	1054
963	1013
1013	1012
1025	1026
1021	1004
1021	1020
968	967
968	1057
967	1026
1026	1027
1026	1045
996	1001
974	1031
1031	1019
1031	1032
1031	1046
992	977
992	998
980	4855
4855	4851
982	981
986	1012
986	1044
1012	1044
1044	1041
1001	1002
1019	1018
1019	1046
1018	1022
1022	1046
1022	1059
1046	1059
1033	4902
4902	4879
4902	4901
1042	1041
1061	1060
1061	1444
1060	1062
1060	1542
1060	2002
1060	2035
1062	1444
1542	1644
1542	1938
2002	1616
2035	1644
1444	1361
1444	1445
1065	1063
1065	1091
1063	1160
1063	1331
1063	1625
1063	1809
1160	1956
1160	2092
1331	1634
1625	2004
1809	1628
1176	1064
1176	1504
1091	1086
1091	1088
1091	1090
1091	1092
1091	1166
1091	1353
1091	1429
1091	1504
1091	1525
1852	1066
1852	1400
1066	1901
1066	2069
1901	1900
2069	1428
1068	1067
1068	1419
1067	1418
1067	1969
1418	1419
1418	1455
1418	1828
1969	1115
1969	1970
1419	1410
1419	1453
1419	1454
1419	1535
1419	1923
1419	1963
1070	1069
1070	1269
1070	1371
1069	1196
1069	1197
1069	1300
1069	1497
1069	1498
1069	1566
1196	1197
1197	1154
1300	1286
1300	1301
1300	1807
1497	1472
1498	1410
1566	1567
1566	1568
1269	1268
1269	1373
1371	1362
1371	1370
1371	1403
1371	1445
1371	1538
1371	1539
1553	1071
1553	1546
1071	1615
1071	2028
1615	1659
2028	2060
1073	1072
1073	1192
1073	1313
1072	1191
1072	1208
1072	1280
1072	1314
1072	1469
1072	1554
1191	1190
1191	1192
1191	1246
1191	1407
1208	1441
1208	1794
1280	1281
1280	1523
1280	1786
1314	1315
1314	1912
1469	1187
1554	1653
1554	1670
1554	1720
1554	1740
1554	1839
1554	1890
1554	1957
1554	2142
1192	1330
1313	1078
1313	1123
1313	1267
1313	1281
1313	1373
1313	1443
1076	1074
1076	1075
1074	1159
1074	1506
1159	1158
1159	1166
1159	1170
1159	1322
1159	1416
1159	1506
1506	1334
1506	1380
1506	1507
1506	1512
1506	1514
1506	1818
1506	2202
1075	1217
1075	1905
1217	1425
1905	1158
1224	1077
1224	1082
1224	1084
1224	1225
1224	1262
1224	1432
1224	1594
1224	1647
1224	1727
1224	1746
1224	1799
1224	2194
1079	1078
1078	1244
1078	1306
1078	1459
1244	1167
1244	1267
1244	1306
1244	1365
1244	1507
1306	1294
1306	1305
1306	1433
1459	1111
1459	1123
1459	1267
1459	1327
1334	1080
1334	1099
1334	1237
1334	1333
1334	1369
1334	1391
1334	1396
1334	1438
1334	1502
1334	1515
1080	1559
1559	1529
1154	1081
1081	1560
1081	1942
1560	1781
1942	1130
1082	1510
1082	1728
1082	1750
1510	1509
1510	1980
1728	1571
1295	1083
1083	1446
1083	1503
1446	1089
1446	1095
1446	1311
1446	1447
1446	2077
1098	1084
1098	1099
1098	1193
1098	1490
1098	1677
1098	1713
1098	1731
1098	1914
1086	1085
1086	1088
1086	1097
1085	1087
1085	1351
1085	1367
1085	1420
1085	1478
1087	1088
1087	1090
1087	1220
1087	1223
1087	1624
1351	2017
1367	1388
1367	1400
1367	1624
1420	1251
1478	1229
1478	1389
1478	1477
1478	2050
1478	2086
1088	1401
1097	1096
1097	1343
1097	1379
1090	1108
1090	1165
1090	1496
1090	1630
1090	1959
1090	2017
1220	1251
1223	1524
1401	1128
1401	1400
1311	1089
1311	1312
1311	2036
1311	2191
1311	2192
1089	1556
1556	1104
1108	1240
1108	1496
1165	1166
1165	1777
1165	1853
1165	2015
1496	2010
1630	1729
1959	1788
2017	2018
1092	1488
1166	1147
1166	1167
1166	1168
1166	1413
1166	1438
1166	1525
1166	1646
1353	1128
1353	1289
1353	1354
1353	1379
1353	1859
1429	1428
1525	1524
1488	1204
1488	1231
1488	1258
1094	1093
1094	1177
1094	1447
1093	1095
1093	2096
1093	2135
1095	1386
1095	2071
1095	2091
1095	2159
2096	1386
2096	2135
2096	2190
1177	1265
1177	1387
1447	1312
1447	1347
1447	2195
1386	1387
1386	2159
2071	2165
2071	2166
2091	2190
2159	2169
2159	2170
1096	1285
1096	2109
1285	2141
2109	2104
1343	1252
1343	1342
1379	1378
1193	1528
1490	1366
1677	1333
1677	1676
1713	1843
1713	2194
1731	1694
1914	1824
1101	1100
1101	1277
1101	2139
1100	1276
1100	1530
1100	2062
1100	2176
1100	2179
1276	1277
1276	1278
1276	1352
1276	1466
1276	1489
1530	1151
1530	1356
1530	1473
1530	1531
1530	1533
1530	1536
1530	2076
1530	2173
2062	1908
2176	1536
2179	1489
1277	2203
2139	1309
2139	1357
2139	1489
1103	1102
1103	1143
1103	1442
1102	1226
1102	1338
1102	1422
1102	1573
1226	1129
1226	1709
1338	1323
1338	1831
1422	1376
1422	1406
1422	1421
1422	1423
1573	1574
1573	2053
1143	1106
1143	1434
1143	1622
1442	1185
1442	1441
1442	1443
1442	1537
1442	1548
1442	1987
1460	1104
1460	1461
1460	2072
1460	2074
1460	2081
1460	2095
1460	2105
1460	2108
1460	2123
1460	2144
1104	1717
1104	1753
1104	2061
1104	2121
1717	2136
1753	1865
2061	2107
2121	2137
1106	1105
1106	1107
1106	1136
1106	1180
1106	1249
1106	1317
1106	1323
1106	1810
1106	1877
1105	1145
1105	1179
1105	1666
1105	1948
1145	1491
1145	1955
1666	1667
1948	1621
1107	1137
1107	1267
1107	1365
1136	1137
1136	1138
1136	1139
1249	1256
1317	1406
1317	1819
1323	1133
1323	1324
1323	1374
1323	2097
1323	2098
1810	1237
1877	1499
1267	1243
1267	1266
1365	1324
1365	1373
1365	1500
1210	1109
1210	1211
1210	1536
1210	2076
1109	1471
1109	1495
1471	1363
1471	2173
1471	2188
1495	1370
1495	1919
1111	1110
1579	1112
1579	1326
1579	1657
1112	1581
1581	1582
1116	1113
1116	1453
1116	1454
1116	1499
1116	1552
1837	1114
1837	2049
1114	1932
1932	1944
1543	1115
1543	1611
1115	1603
1603	1686
1453	1456
1454	1457
1499	1500
1499	1994
1499	1995
1552	1369
1189	1117
1189	1188
1189	1234
1117	1436
1117	1461
1117	1463
1117	1584
1117	2195
1436	1309
1436	1435
1436	1462
1461	1234
1461	1347
1461	1448
1461	2124
1461	2125
1463	1279
1463	1462
1463	1953
1584	1599
1584	1855
1584	1856
1584	1951
1584	2000
1584	2012
1118	1825
1825	1120
4437	4439
4437	4441
1120	1956
1122	1121
1122	1163
1122	1275
1163	1162
1163	1299
1275	1150
1275	1307
1243	1123
1243	1131
1243	1308
1243	1383
1243	1423
1576	1593
2021	1378
1476	1308
1476	1383
1127	1126
1127	1863
1126	1128
1863	1933
1187	1129
1830	1130
1830	1710
1131	1308
1131	1330
1131	2557
1308	1307
1308	2594
1330	1329
2557	2532
2557	2558
1135	1132
1135	1451
1135	1534
1132	1493
1132	1605
1493	1492
1605	1699
1605	1820
1605	2043
1242	1133
1242	1291
1242	1725
1242	1726
1242	1995
1133	1609
1609	1725
1609	2065
1609	2148
1416	1134
1416	1195
1416	1322
1416	1414
1416	1415
1416	1920
1134	1531
1134	1610
1531	1170
1531	1173
1531	1487
1451	1372
1451	1374
1451	1472
1451	2118
1451	2119
1301	1140
1140	1332
1140	1345
1140	1361
1140	1458
1140	1486
1140	1619
1140	1620
1332	1319
1332	1345
1345	1344
1345	2180
1361	1273
1361	1360
1361	1362
1361	1450
1361	1487
1361	1864
1458	1319
1458	1952
1486	1170
1486	1173
1619	1882
1620	1617
1620	1700
1142	1141
1142	1474
1142	1874
1474	1284
1474	1475
1474	2042
1874	1415
1434	1930
1622	1550
1622	1591
1622	1623
1622	1692
1222	1144
1222	1254
1491	1621
1491	1760
1491	1984
1955	1718
1148	1146
1148	1147
1148	1167
1148	1340
1148	1452
1147	1207
1147	2063
1147	2064
1207	1206
2063	2124
2064	2125
1167	1541
1340	1339
1340	1540
1452	1195
1452	1541
1150	1149
1150	1283
1149	1696
1696	1826
1283	1282
1283	1377
1335	1151
1335	1356
1335	1558
1151	1356
1151	1473
1151	1489
1356	1357
1356	1489
1356	1558
1356	2007
1356	2120
1473	2131
1489	1278
1489	2120
1489	2138
1170	1152
1170	1169
1170	1171
1170	1175
1170	1309
1170	1484
1152	1357
1152	1484
1484	1173
1484	1468
1484	1485
1484	2157
1405	1153
1405	1406
1153	1730
1730	1913
1156	1155
1156	1161
1156	1221
1156	1260
1155	1774
1155	1971
1971	1991
1161	1260
1161	1501
1221	1292
1260	1259
1326	1157
1326	1225
1326	1256
1326	1325
1326	1327
1326	1328
1326	1580
1326	1821
1157	1736
1157	1749
1736	1513
1749	1822
1749	1885
1158	1505
1158	1684
1158	1770
1505	1245
1505	1321
1505	1412
1684	1284
1770	1212
2092	1639
1501	1250
1162	1241
1162	1517
1162	1641
1241	1355
1517	1518
1299	1298
1299	1329
1299	1805
1435	1164
1435	1278
1435	1352
1435	2184
1164	1865
1164	2184
1164	2189
2189	1352
1777	1849
1853	1705
2015	1650
1413	1391
1413	2193
1438	1811
1646	1864
1541	1403
1541	1507
1169	1403
1403	1171
1403	1485
1403	1540
1175	1467
1309	1209
1309	1279
1309	1310
1309	1316
1309	1814
1309	2138
1309	2185
2180	1172
2180	2181
1468	1173
1468	1748
1468	1954
1468	2188
1173	1487
1173	1649
1649	1752
1649	1954
1649	2068
1184	1174
1184	2447
1174	1518
1467	1209
1467	1316
1467	2138
1735	1181
1735	1358
1181	2164
2164	2112
1190	1182
1190	1845
1182	1398
1398	1302
2447	2457
2447	2793
2447	2814
2447	2967
1949	1186
1949	1524
1186	2050
1186	2075
2075	2004
1234	1233
1246	1232
1407	1219
1528	1529
1528	1694
1528	1695
1528	1762
1528	2126
1195	1194
1195	1521
1194	1678
1678	1245
1521	1519
1521	1520
1349	1198
1349	1252
1349	1348
1198	1512
1512	1513
1512	2020
1200	1199
1200	1892
1199	1348
1199	1891
1348	1426
1348	1449
1348	1629
1891	1511
1892	1660
1203	1202
1203	1364
1202	1204
1204	1253
1364	1342
1364	1350
1253	1252
1253	1304
1290	1205
1290	1409
1205	1449
1205	2086
1449	1427
1206	1359
1206	1705
1206	1866
1206	1989
1206	2037
1359	1719
1359	1867
1359	2044
2037	1681
1441	1794
1794	1796
1209	1679
1679	1589
1213	1212
1213	1346
1346	1333
1346	1761
1425	1390
1425	2016
1247	1218
1247	1384
1218	1385
1218	1450
1218	1687
1385	1895
1450	1274
1687	1673
1687	1688
1687	1897
1687	2167
1219	1417
1219	1689
1219	1767
1219	1912
1417	1921
1689	1563
1689	1642
1689	1714
1689	1857
1767	1766
1251	1389
1254	1229
1524	1229
1524	1632
1432	1263
1432	1430
1594	1511
1647	1916
1727	1778
1799	1264
1709	1797
1709	1870
1709	2100
1239	1232
1239	1238
1239	1329
1239	1483
1236	1235
1236	1237
1235	1577
1235	1723
1235	1902
1577	1631
1723	1975
1902	1618
1238	1532
1532	1298
1532	2158
1329	1483
1355	1562
1291	1803
1291	1994
1725	1945
1725	2080
1726	1755
1726	1977
1995	1993
1383	1382
1384	1895
1256	1763
1289	1250
1289	1287
1289	1288
1289	1934
1389	1632
1304	1294
1304	1303
1570	1255
1570	1618
1255	1762
1255	1798
1798	1408
1763	1880
1992	1859
1263	1261
1268	1410
1268	1472
1268	1776
1268	2182
1410	2113
1472	2128
1472	2129
1776	1698
1776	1699
1776	1869
1776	1886
1776	1962
2182	2197
1373	1372
1271	1270
1271	1634
1273	1272
1272	1274
1272	1569
1272	1586
1272	1626
1272	1928
1569	1564
1586	1702
1586	1928
1626	2003
1928	2003
1928	2177
1307	1812
1307	2060
1278	1279
1278	2120
1352	1466
1466	1464
1466	1465
1466	1908
2203	2201
1523	1494
1523	1979
1523	2031
1786	1658
1786	1685
1786	1907
1786	2041
1282	1701
1701	1592
1377	1382
1377	1406
1284	1526
1284	1835
1526	1439
1526	1926
2141	1876
1286	1535
1286	1800
1535	1480
1800	1674
1800	1807
1288	1801
1801	1996
1934	1933
1409	1470
1803	1680
1994	1993
1294	1293
1296	1350
1296	1426
1296	1629
1426	1392
1298	1302
1298	1562
1298	1805
1298	2158
1562	2158
1807	1648
1807	2163
1433	1327
1433	1431
1812	1851
2060	2057
2594	2605
2594	2909
1310	1540
1316	1817
1814	1920
2185	2198
2191	2077
2191	2192
2192	2171
2192	2172
1315	1816
1816	1672
1816	1789
1817	2149
1817	2150
1819	1561
1319	1318
1440	1320
1440	1439
1440	1811
1320	1527
1527	2193
1412	1321
1412	1411
1321	1522
1321	2156
1522	1415
1522	1844
2156	1844
2156	2136
1374	1372
2097	1600
2097	1690
2097	2065
2098	1600
2098	1861
2098	1945
1325	1822
1325	1881
1881	1571
1580	1987
1821	1923
1333	1631
1333	2016
1369	1368
1391	1390
1396	1395
1502	1380
1502	1999
1515	1394
1515	1818
1337	1336
1337	1663
1337	1997
1663	1628
1997	1729
1831	1838
1831	2155
1339	1341
1339	1462
1341	1448
1342	1427
1342	1508
1342	1860
1508	1876
1761	1999
1347	1842
1842	2070
1842	2079
1842	2122
2007	1706
1358	1765
1765	2042
1719	1849
1867	1587
2044	2045
1360	1363
1360	1775
1360	1929
1360	1950
1363	1919
1775	1950
1929	1682
1929	1938
1950	1564
1950	1897
1366	1516
1516	1439
1516	1925
1516	2027
1388	1399
1400	1378
1400	1399
1368	1903
1368	1975
1903	1990
1376	1375
1382	1381
1378	1593
1378	2104
1380	1893
1893	1917
1893	2030
1381	1397
1397	1393
1895	1894
1390	1439
1439	1884
1393	1404
1408	1980
1408	1983
1983	1968
1470	2112
2113	1732
2113	2110
1415	1844
1921	1711
1921	1716
1455	1456
1455	1457
1455	1598
1828	2006
1963	1962
1924	1885
1431	1430
1430	1974
1930	1591
1930	1638
1930	1721
1930	1832
1930	2196
1783	1437
1783	1900
1437	1935
1935	1933
1537	1494
1548	1547
2118	1850
2118	2151
2119	1850
2119	1922
2119	2054
1598	1597
1598	1686
1952	1836
2072	2073
2074	2101
2081	2055
2095	2079
2105	2107
2108	2073
2123	2134
2144	2090
1953	2056
1953	2137
1953	2140
1953	2143
1953	2186
1953	2187
1748	1747
1954	1614
1954	1883
2128	1873
2128	2153
2129	1872
2129	2089
2131	2145
1480	1479
2157	1614
2157	1752
2157	1887
2157	2103
1760	1611
1760	1898
1760	2088
1492	1565
1492	1710
1492	1986
1565	1745
1986	1982
1494	1988
2010	1973
2010	2005
1999	1868
1999	1917
1999	1943
1999	2026
2202	2204
1511	2019
2019	1707
2019	1965
2019	2020
1513	2022
2020	1827
2020	2046
2020	2047
2027	1940
1520	1588
1588	1587
1979	1978
2031	1697
2031	1815
2031	2175
1926	1940
1695	1967
2126	1968
1644	1751
1644	1909
1547	1544
1547	1595
1547	1638
1547	1708
1547	1733
1547	1744
1544	1832
1575	1545
1575	1685
1575	1946
1545	2040
2040	2039
1546	1888
1708	1795
1733	2052
1744	1870
1782	1549
1782	1758
1782	1759
1782	2011
1549	2110
1550	1931
1779	1551
1779	1848
1551	1993
1993	1879
1653	1742
1653	1790
1653	2038
1653	2039
1670	1669
1670	1685
1740	1572
1839	1808
1839	1840
1890	1668
2142	2093
1561	1555
1555	1841
1841	1703
1712	1557
1712	1904
1557	1846
1846	1883
1781	1612
1563	1787
1563	1857
1787	1896
1745	1585
1685	1572
1685	1878
1685	1915
1574	2099
1574	2115
2053	2196
2099	1623
2099	1838
2115	1623
1946	2033
1645	1578
1645	1606
1578	1985
1985	2078
1985	2161
1582	1764
1691	1583
1691	1690
1691	1918
1583	1918
1583	2087
2087	1756
1599	1589
1599	2012
1855	1951
1855	2000
1856	1951
1951	2012
2000	1589
1721	1585
1721	1722
1702	2003
1702	2167
1589	2150
2150	2149
1716	1590
1716	1889
1590	1854
1854	1889
1592	2048
1960	1596
1960	1899
1596	2038
2038	1958
2038	2078
1601	1600
1601	1838
1601	1972
1600	1922
1922	2151
1972	2133
2001	1602
2001	1802
2001	2114
1602	2130
1602	2151
2130	1732
2130	2153
2151	2054
2151	2114
1648	1604
1604	1773
1604	1823
1773	1607
1823	1964
1699	1643
1820	1661
1820	2043
1674	1607
1970	1608
1608	1998
2148	1945
1613	1612
1613	1847
1612	1627
1627	1664
1847	1757
1847	1806
1654	1614
1654	1752
1654	1883
1659	1826
1834	1616
1834	1682
1617	1700
1882	1757
1623	1662
1623	2014
1692	1869
1662	1661
1662	1722
1662	2067
2014	2127
1664	2163
1813	1633
1813	2011
1633	1848
1633	1964
1964	1962
1667	1635
1635	1703
1703	1780
1738	1636
1738	1637
1738	1737
1636	1824
1911	1639
1766	1640
1640	1804
1804	1642
1643	2067
2067	1871
1909	1757
1788	1650
1795	1651
1795	1724
1795	1796
1795	1976
1651	1797
1759	1652
1652	1879
1742	1743
1742	2162
1790	1754
2039	1862
1897	1655
1897	1656
1897	1673
1771	1658
1771	1899
1827	1660
1827	2046
1661	1850
2163	2111
1862	1665
1665	1915
1808	1668
1669	1754
1754	1833
1789	1671
1671	2013
1706	1675
1676	1906
1906	1941
1734	1680
1734	1758
1734	1802
1734	2051
1875	1681
1778	1683
1878	1772
1714	1739
1690	1861
1869	2106
1858	1693
1858	2023
1693	1907
1698	1982
1780	1947
1724	1704
1704	1976
1829	1707
1829	2034
1896	1711
1904	1747
1843	1981
1739	1785
1961	1715
1961	2029
1961	2117
1715	2111
1945	2089
1945	2114
2080	1755
2080	1927
1755	1756
1977	1927
1977	2051
1732	2117
2052	1772
1785	1910
1743	1741
1741	1793
1741	2025
1793	1791
1793	1792
1793	2025
2025	2024
2162	2152
2162	2160
1747	2008
1747	2183
2183	2178
1885	2047
1833	1769
1898	2088
1840	1768
1769	2032
2032	2033
2032	2041
1899	1958
1962	2029
1910	1978
1996	2049
2023	1815
2046	2047
2034	1965
2155	2102
2070	2101
2122	2101
1933	1944
1933	2116
1917	1868
2106	2058
2106	2154
1872	1871
1871	1873
2145	1887
2145	2103
2145	2132
2030	1943
1894	1936
1936	1937
1990	2026
1978	2175
1940	1939
2177	2178
2089	2054
2056	2084
2137	2082
2137	2140
2140	2066
2143	2085
2186	2066
2187	2066
1966	1965
2133	2146
2133	2154
2009	1973
2175	2174
2161	2160
2127	2102
2055	2107
2107	2094
2084	2083
2084	2085
2059	2057
2101	2073
2083	2082
2083	2094
2082	2085
2134	2090
2190	2168
2102	2146
2146	2147
2200	2199
2200	2201
2199	2204
2210	2205
2210	2212
2205	2211
2211	2212
2382	2206
2382	2268
2382	2289
2382	2294
2382	2341
2382	2353
2382	2381
2382	2383
2382	2384
2382	2385
2382	2395
2382	2398
2382	2419
2244	2208
2244	2219
2244	2332
2208	2390
2390	2395
2412	2209
2412	2249
2209	4743
4743	4632
2396	2214
2396	2238
2396	4849
2214	4897
4897	4828
4897	4836
4897	4854
2357	2215
2357	2263
2357	2337
2215	2411
2411	2355
2370	2216
2370	2249
2370	2317
2216	2387
2387	2287
2387	2355
2387	4660
2288	2217
2288	2316
2217	2345
2345	2346
2346	2218
2346	2311
2218	2347
2219	2332
2219	2373
2219	2397
2332	2294
2332	2318
2332	2373
2332	2389
2373	2397
2397	2398
2397	2399
2397	2400
2229	2220
2229	2222
2222	2221
2222	2224
2222	2321
2222	2418
2221	2232
2221	2261
2221	2295
2221	2376
2221	2402
2221	2403
2221	2405
2232	2405
2295	2405
2376	2356
2376	2403
2402	2356
2405	2330
2405	2392
2224	2321
2224	2350
2321	2314
2321	2319
2321	2320
2321	2322
2321	2323
2321	2324
2418	2384
2418	2385
2235	2262
2235	2298
2235	2309
2235	2328
2235	2369
2235	2383
2383	2309
2383	2328
2350	2349
2314	2225
2314	2359
2225	2404
2404	2337
2228	2226
2228	2234
2230	2227
2230	2263
2227	2359
2234	2360
2263	2306
2317	2316
2305	2233
2305	2310
2233	2361
2233	2409
2361	2279
2409	2410
2409	4552
2409	4632
2409	4649
2409	4749
2409	4753
2360	2362
2262	2258
2262	2259
2262	2260
2262	2298
2262	2364
2298	2296
2298	2297
2298	2343
2298	2369
2309	2388
2328	2327
2328	2329
2369	2368
2238	2236
2238	2237
2238	2291
2238	2368
2291	2315
2368	2290
2368	2377
2368	2389
2285	2239
2285	2286
2285	2331
2285	2392
2239	2313
2325	2240
2325	2243
2325	2358
2325	2406
2240	2366
2366	2319
2242	2241
2242	2249
2242	2310
2242	2355
2241	4507
2241	4631
4507	4469
4507	4535
4631	4536
2249	2248
2249	2251
2249	2252
2249	2253
2249	4573
2249	4652
2355	4634
2243	2335
2335	2349
2335	2371
2315	2245
2245	2421
2421	2422
2308	2246
2308	2388
2308	2415
2246	2388
2246	2420
2388	2339
2388	2352
2388	2353
2388	2380
2420	2327
2256	2247
2256	2303
2247	2386
2386	2378
2386	2408
2248	2250
2248	4535
2248	4536
4535	4534
2253	2311
4573	4572
4573	4574
4573	4652
4652	4474
4652	4552
4652	4644
4652	4651
2281	2254
2281	2336
2254	2379
2379	2378
2292	2255
2292	2290
2255	2327
2327	2318
2327	2329
2327	2352
2327	2380
2303	2348
2303	2408
2257	2407
2407	2274
2407	2299
2407	2300
2364	2363
2306	2265
2264	2286
2265	4854
4854	4853
2272	2266
2272	2334
2268	2267
2268	2271
2268	2416
2267	2269
2267	2270
2267	2333
2267	2381
2333	2381
2416	2415
2334	2287
2275	2273
2275	2274
2274	2372
2372	2301
2372	2354
2277	2276
2276	2290
2276	2389
2290	2377
2320	2278
2278	2371
2371	2358
2284	2280
2336	2338
2336	2367
2336	2374
2302	2354
2375	2374
2331	2392
2392	2394
2341	2289
2348	2293
2293	2367
2300	2299
4837	4832
4837	4836
2406	2349
2329	2326
2374	2378
2339	2419
2363	2340
2363	2342
2363	2362
2363	2365
2340	2401
2342	4035
4634	4683
2365	4859
4859	4856
4859	4857
4859	4860
4660	4493
4660	4506
4660	4658
4660	4688
2394	2391
4849	4836
4552	4627
4552	4719
4649	4627
4649	4739
4649	4750
4649	4753
4749	4726
4749	4754
4749	4784
4753	4754
4695	4693
4695	4694
4695	4927
4491	2423
4491	4492
4491	4580
4491	4584
4491	4669
2423	4563
4563	4684
2425	2424
2425	2459
2425	2519
2459	2458
2459	2558
2459	2591
2459	2593
2459	2599
2519	2475
2519	2508
2519	2516
2519	2558
2519	2599
2519	2602
2485	2496
2485	2561
2485	2741
2485	2743
2485	2764
2485	2958
2655	2740
2655	2766
2655	2825
2655	3176
2655	3178
2729	2427
2729	2498
2729	2731
2427	2730
2730	2490
2730	2732
2489	2428
2489	2488
2489	2521
2489	2583
2489	2586
2489	3060
2489	3115
2428	2586
2428	2656
2586	2436
2586	2454
2586	2461
2586	2524
2586	2578
2586	2585
2586	2604
2586	2911
2656	2669
2656	3155
2545	2429
2545	2448
2545	2554
2545	2592
2545	2637
2545	2858
2545	2860
2545	2862
2545	3154
2429	2617
2617	2456
2617	2458
2617	2487
2617	2522
2617	2525
2617	2614
2617	2637
2617	2885
2617	2886
2617	2973
2617	2974
2595	2430
2595	2497
2595	2514
2595	2515
2595	2520
2595	2533
2595	3005
2595	3157
2595	3179
2432	2431
2432	2590
2431	2816
2590	2461
2590	2912
2578	2433
2578	2902
2433	2661
2436	2434
2436	2672
2434	2471
2434	2524
2434	2588
2434	2619
2434	2623
2434	2624
2434	2662
2434	2668
2434	2698
2434	2701
2434	2702
2471	2470
2471	2966
2524	2813
2588	2472
2588	2493
2588	2577
2588	2587
2619	2966
2619	2976
2623	2608
2623	2979
2624	2608
2624	2980
2662	2668
2662	2684
2662	2705
2662	2813
2662	2819
2662	2837
2662	2944
2662	2959
2662	2969
2662	3104
2662	3200
2668	2663
2698	2699
2701	2536
2702	2622
2702	3067
2490	2435
2490	2495
2490	2498
2490	2948
2490	3017
2435	2638
2435	2670
2638	2622
2638	2635
2670	2795
2670	3005
2670	3008
2670	3221
2672	2673
2672	2674
2439	2437
2439	2438
2439	2449
2439	2529
2439	2596
2439	2631
2439	2633
2439	2639
2439	2682
2439	2683
2439	2885
2439	2991
2449	2687
2449	3189
2529	2554
2529	2874
2529	2917
2529	3186
2596	2469
2596	2554
2596	2584
2596	2918
2596	2927
2596	2928
2596	2934
2631	2634
2631	3283
2633	3187
2639	2469
2885	2887
2991	2463
2991	3196
4129	2440
4129	4323
4129	4324
2440	4148
4148	4114
4148	4325
2443	2441
2443	2442
2443	2521
2443	2616
2443	2627
2521	2559
2521	2641
2521	3233
2616	2509
2616	2615
2616	3266
2627	2493
2627	2509
2627	2559
2627	2625
2627	2626
2681	2444
2444	2685
2444	2707
2444	2956
2444	3094
2685	2445
2685	2686
2956	2604
2956	2955
2956	3094
2604	2445
2604	2504
2604	2560
2604	2609
2604	2953
2604	2955
2445	2708
2502	2446
2502	2501
2502	2503
2502	2552
2502	3016
2502	3226
2502	3227
2446	2559
2446	3206
2559	2474
2559	2483
2559	3242
2559	3243
2457	2458
2457	2793
2457	2930
2457	3004
2457	3011
2793	3012
2814	2967
2814	2977
2814	2983
2814	3012
2967	2781
2967	2968
2967	3011
2448	2597
2597	2575
2597	2917
2687	2758
2687	2846
2687	2936
2687	3050
2687	3098
2687	3099
3189	2886
3189	3182
2451	2450
2450	2576
2450	2717
2450	2719
2450	3043
2576	2488
2576	2989
2576	3043
2576	3205
2576	3277
2717	2465
2717	2466
2717	2467
2717	2585
2717	2719
2717	2720
2717	3158
2717	4022
2717	4023
2551	2452
2551	2538
2551	2549
2551	2550
2551	2852
2452	2561
2452	2694
2561	2468
2561	2494
2561	2527
2561	2550
2561	2826
2561	2883
2561	2900
2694	2921
2694	3021
2694	3022
2694	3029
2454	2453
2454	2560
2454	2697
2560	2882
2697	2881
2697	3093
2697	3133
2697	3134
2697	3190
2697	3270
2709	2455
2709	2456
2709	2700
2455	2838
2455	3105
2455	3228
2838	2724
2838	2779
2838	2839
2838	2857
2838	3228
3105	2724
3105	3039
2458	2456
2458	2487
2458	2525
2458	2593
2458	2677
2458	2703
3004	2671
3004	2780
3004	3125
3011	2780
2487	2632
2593	2567
2593	2569
2593	2572
2593	2704
2593	2909
2677	2565
2677	2676
2703	2696
2703	2745
2703	2787
2703	3012
2558	2475
2591	2475
2591	2480
2599	2598
2461	2460
2463	2462
2463	2654
2654	2607
2654	3019
2486	2464
2486	2528
2486	2743
2464	2712
2464	2713
2716	2465
2716	3244
2716	3279
2465	2939
2465	3244
2465	3279
2939	3169
2939	3223
2939	4024
3244	3279
2527	2468
2527	2600
2527	2789
2527	2804
2527	2815
2468	2718
2469	2723
2723	2721
2723	2846
2966	2640
2493	2472
2493	2492
2493	3014
2493	3016
2493	3224
2493	3225
2472	3216
2476	2473
2476	2474
2476	3217
2473	2477
2473	2645
2477	2474
2477	3218
2645	2501
2645	2647
2645	2648
2645	3239
2645	3240
2475	2474
2475	2503
2474	2483
2474	2552
2474	2642
2483	3219
2552	3292
2503	2611
3217	3218
2810	2478
2810	2515
2810	2706
2810	2840
2810	2864
2810	2986
2810	3036
2478	2864
2864	3028
2864	3120
2864	3122
2480	2479
2480	2482
2479	2481
2479	2555
3219	3272
2505	2484
2505	2522
2505	2783
2505	2785
2505	3049
2484	2736
2484	3090
2484	3091
2736	2737
2736	2738
2736	2806
2736	3010
3090	2688
3090	3101
3091	2689
3091	3102
2496	2766
2496	3017
2741	2739
2741	2742
2743	2744
2764	2765
2764	3017
2528	2549
2528	2606
2528	2612
2528	2804
2632	3204
2488	2989
2488	3214
2488	3252
3214	3252
2583	2541
2583	2582
3060	2608
3115	2603
2495	2761
2495	2762
2495	2763
2498	2513
2498	2769
2948	2629
3017	2494
3017	2513
3017	2534
3017	2826
2759	2491
2759	2659
2492	2643
2492	2646
2643	2501
2643	2644
2643	3212
2646	2648
2646	3254
3014	2577
3014	3013
3016	3015
2494	2760
2760	2652
2760	2740
2760	2795
2760	2840
2760	2878
2760	2883
2760	3041
2766	2740
2766	3100
2497	2767
2497	2769
2497	3172
2767	2768
2769	2770
2513	2795
2538	2499
2538	2539
2538	2544
2538	2550
2538	2554
2538	2920
2538	3123
2538	3124
2499	2544
2499	3078
2544	2791
2544	2843
2544	2844
2544	2920
2544	2923
2530	2500
2530	2531
2530	2579
2530	2792
2530	2916
2530	2918
2530	3113
2530	3181
2500	2579
2500	2775
2500	2776
2500	3113
2500	3271
2579	2580
2579	3113
2611	2523
2611	2607
2611	2612
2611	3288
2611	3289
2504	2609
2504	2782
2609	2963
2522	2601
2522	2614
2522	2806
2522	2807
2522	3045
2522	3047
2783	2784
2783	2785
2783	3076
2785	2784
3049	2601
3049	3027
2622	2506
2622	2993
2506	2777
2506	2802
2508	2507
2508	2613
2510	2509
2509	2511
3229	2512
3229	3266
2795	2652
2515	2514
2515	3036
2515	3231
2517	2516
2516	2518
2533	2520
2533	2534
2533	2765
2533	2821
2533	2823
2533	3005
2533	3112
2533	3179
2520	3005
3005	3008
3005	3056
3005	3157
3005	3221
2641	2577
2641	3208
2601	2575
2601	2936
2601	2964
2614	2970
2806	3010
2806	3238
2807	3168
3045	3044
3047	2931
3047	3046
2813	2684
2813	2903
2813	2976
2813	3079
2813	3116
3234	2526
3234	3251
3234	3266
2600	2933
2789	2620
2804	2805
2815	2878
2815	3106
2815	3142
2815	3198
2549	2539
2549	2855
2549	2856
2606	2539
2606	2605
2606	2607
2606	2612
2606	2618
2606	2960
2612	2532
2554	2575
2554	2608
2554	2870
2554	2871
2554	2872
2554	3187
2874	2553
2874	2875
2874	2917
2874	3186
2917	3186
3186	3065
3186	3159
3186	3185
3186	3202
2531	2636
2531	2725
2531	2726
2792	2791
2792	2916
2792	3286
2916	2657
2916	2918
2916	2926
2918	2657
2918	2908
2918	2926
2918	2927
2918	2928
2918	3181
2636	2934
2725	2726
2725	3061
2726	3061
2534	2564
2534	2659
2534	2821
2534	2823
2765	3112
2821	2822
2823	2824
2564	2658
2564	2892
2536	2535
2536	2629
2629	2986
2629	2987
2537	2841
2537	3055
2841	2932
2841	2935
2550	2849
2550	2850
2550	2853
2550	2854
3123	3128
3124	3128
2828	2540
2828	2541
2828	2827
2728	2952
2728	3062
2728	3207
2728	3265
2952	2820
2952	2825
2952	2865
2952	3035
2952	3265
2997	2798
2997	2800
2997	2951
2997	3211
3174	2932
3174	3020
3174	3160
3174	3194
4219	4218
2791	2923
2843	2553
2843	2809
2843	2908
2843	3096
2923	2913
2592	2575
2858	2846
2858	2859
2860	2846
2860	2861
2862	2846
2862	2863
3154	2575
2847	2932
2849	2851
2850	2851
2852	2851
2852	3126
2852	3130
2852	3156
2852	3275
2852	3276
2852	3278
2721	2553
2553	2801
2553	2809
2553	2845
2553	2870
2553	2871
2553	2872
2553	2908
2553	2922
2553	2971
2553	2995
2553	2999
2553	3096
2553	3128
2553	3141
2553	3149
2553	3284
2801	2922
2801	2995
2801	3284
2845	2971
2870	2876
2871	2877
2872	2873
2908	2584
2908	2657
2908	2693
2908	3096
2922	3051
2971	2715
2971	2811
2971	2978
3128	3030
3128	3059
3128	3092
3128	3127
3128	3129
3128	3149
3128	3284
3141	3284
3284	3030
3284	3129
2575	2574
2575	2581
2575	2733
2575	2794
2575	2904
2575	2905
2575	2907
2575	2964
2608	2584
2608	2603
2608	2607
2608	2651
2608	2790
2608	2960
3187	3184
2621	2556
2621	4172
2621	4265
2621	4317
2556	4099
2556	4317
4099	4084
4099	4110
4099	4172
4317	4101
4317	4128
4317	4174
4317	4186
4317	4221
2882	2880
2882	2881
2883	2740
2883	2840
2883	2878
2883	2900
2883	2986
2883	3041
2883	3153
2900	2901
2620	2563
2620	2978
2563	2790
2563	3146
2563	3147
3146	2884
3147	2884
2658	2667
2565	2817
2565	2894
2565	2941
2817	2818
2894	2893
2941	2567
2941	3170
2567	2566
2895	2568
2895	2569
2569	2666
2666	2788
2896	2570
2896	2704
2896	2897
2898	2571
2898	2572
2572	2899
2899	2573
2574	2692
2574	2812
2574	2906
2574	2936
2574	2972
2574	3097
2574	3281
2692	2936
2692	2972
2692	3145
2692	3180
2692	3262
2936	2846
2936	2972
2936	3033
2936	3034
2936	3173
2936	3241
3097	3281
3281	3282
2733	2607
2733	3064
2794	2607
2794	3108
2964	3066
3205	3277
2577	3247
2577	3248
3247	3007
2585	2674
2585	2710
2585	2720
2585	2722
2585	2880
2585	2889
2585	2911
2585	3095
2585	3158
2585	3199
2585	3215
2674	2710
2674	2890
2674	3215
2710	3199
2710	3215
2722	2757
2722	2880
2722	2889
2722	2973
2880	2889
2880	2998
2880	3095
2880	3197
2880	3230
2889	2757
3251	2589
3251	3266
2704	3103
2909	2910
2605	2618
2605	2953
2927	3163
2928	3164
2603	2943
2943	2980
2953	2954
2955	2957
2618	2974
2607	2959
2607	3188
2960	2961
2959	2819
2959	2866
2959	3063
2959	3109
2959	3121
2959	3148
2959	3161
3188	2653
3188	3183
3188	3283
2651	3114
2963	2962
2640	2610
2640	2965
3288	2650
3288	3290
3289	2650
3289	3291
2970	3132
2886	2888
2973	3052
2974	2975
2976	2867
2976	2903
2978	2715
2978	3191
2978	3192
4172	4087
4172	4115
4172	4162
4172	4193
4172	4194
4172	4218
4265	4250
2993	3118
2993	3119
2979	2695
2979	3054
2982	2628
2982	2803
2628	2990
2990	2984
2990	2988
2986	2878
2986	3107
2986	3153
2987	3122
3272	2630
2965	2915
2644	2648
2644	3236
2644	3237
2648	2649
2648	3261
2647	2649
2647	3255
2647	3256
2647	3257
2647	3258
2647	3259
2647	3260
2649	3273
2649	3274
3040	2653
2740	2739
2740	2932
2740	3041
2740	3042
2825	2820
2825	2865
2825	3177
2825	3178
2693	2657
2693	3077
2693	3171
2693	3286
2657	3077
3024	2660
3024	3071
2660	3201
3201	3071
2819	2837
2819	2866
2819	2944
2819	3131
2819	3200
2837	2691
2837	2944
2837	2969
2837	3104
2837	3131
2944	2945
2944	3131
2944	3200
2969	3104
3008	3209
3008	3221
3008	3269
2780	2671
2780	2771
2780	2781
2671	2796
2671	3001
2671	3026
2671	3143
2796	2839
2796	3026
2796	3110
2796	3152
3001	2781
3001	3002
3001	3143
2914	2675
2914	2851
2914	3038
2914	3156
2914	3276
2914	3280
2714	2678
2714	2942
2678	2942
2942	2691
2942	2891
2984	2985
2686	2778
2686	3003
2778	2842
3003	2774
3003	2981
2758	3099
2846	3018
2846	3173
2846	3213
3050	3098
2691	2690
2691	2891
3145	3180
3171	3286
3286	3285
2696	2787
2787	2786
2787	2977
2787	3267
2881	2879
2881	3111
2881	3117
2881	3190
3133	3134
3133	3270
3134	3270
2700	3268
2745	3012
2706	2840
2840	2878
2840	3025
2957	2711
2957	3263
2711	3210
2711	3220
2711	3263
2811	2715
2715	3057
4022	4034
4023	3960
2755	2724
2724	2756
2724	2779
2724	2839
2724	2857
2756	2857
2779	2737
2779	2839
2779	2857
2839	3152
2839	3250
2857	3080
2781	2727
2781	2771
2781	2968
2781	3009
2727	3009
2727	3287
3009	3165
3009	3264
2738	2734
2738	2737
2827	2735
2737	3193
3010	3238
2932	2935
2932	3020
2932	3041
2932	3042
3041	3037
3041	3042
3081	2746
3081	3072
3082	2747
3082	3101
3083	2748
3083	3074
3084	2749
3084	3069
3085	2750
3085	3074
3086	2751
3086	3071
3087	2752
3087	3102
3088	2753
3088	3075
3089	2754
3089	3070
2878	3153
2878	3198
2772	2771
3002	2773
2981	2774
2981	2842
2842	2808
2842	2940
2842	3195
2977	2983
2977	3203
2977	3267
3152	3250
2798	2797
2798	2800
2798	2820
2798	3150
2798	3211
2798	3222
2798	3253
2797	2800
2797	3175
2800	2820
2800	3150
2800	3151
2800	3211
2800	3222
2800	3253
2820	2865
3079	3116
2983	3232
2983	3235
3018	3173
3018	3213
3173	3213
2851	2937
2851	3038
2851	3126
2851	3130
2851	3156
2851	3276
2937	2924
2937	2938
2937	3156
3038	3276
3126	3130
3156	3139
3276	3275
3028	3122
3122	3249
3135	2868
3135	3046
3136	2869
3136	3137
2879	3111
2879	3117
3111	3117
3117	3144
3117	3246
2998	3197
2998	3230
3197	2992
3197	3053
3197	3162
3197	3230
3058	2884
2893	2996
2893	3000
2893	3245
2996	3245
2897	3023
2915	3138
2926	2929
3167	2919
3167	3069
2925	2924
2924	2938
2938	2994
2938	3140
3033	3034
4024	4026
3063	3109
3063	3148
3109	3148
3121	3161
3232	3235
3118	3119
3007	3006
3209	3269
3071	3137
3048	3027
3030	3129
3129	3059
3129	3127
3101	3031
3102	3032
3044	3075
3044	3137
3075	3074
3046	3073
3073	3070
3073	3072
3159	3065
3159	3202
3065	3202
3070	3069
3072	3166
3127	3092
3144	3246
3411	3293
3411	3408
3411	3409
3411	3410
3411	3517
3411	3519
3411	3676
3293	3488
3293	3593
3488	3498
3593	3312
3295	3294
3295	3314
3295	4861
3294	3334
3294	3388
3294	3552
3334	3629
3334	4759
3552	3692
3314	3299
3314	3313
3314	3435
4861	4537
4861	4867
3297	3296
3297	3310
3297	3326
3297	3333
3296	3325
3296	3433
3296	3506
3296	3568
3325	3572
3433	3657
3506	3505
3506	3616
3568	3577
3568	3731
3310	3309
3310	3333
3310	3357
3310	3460
3310	3477
3310	3478
3310	3484
3326	3576
3333	3312
3333	3332
3333	4876
3299	3298
3299	3329
3299	3440
3299	3441
3299	3558
3298	3538
3538	3537
3538	3741
3329	3365
3329	3466
3329	3472
3329	3498
3329	3558
3329	3582
3446	3300
3446	3301
3446	3737
3301	3622
3301	3708
3622	3345
3708	3556
3708	3707
3450	3302
3302	3631
3302	3672
3631	3630
3631	3722
3672	3337
3468	3303
3468	3304
3468	3305
3468	3412
3468	3415
3468	3467
3468	3469
3468	3470
3468	3479
3468	3526
3468	3591
3468	3592
3468	3613
3468	3614
3467	3306
3467	3502
3467	3503
3467	3527
3467	3620
3344	3307
3344	3472
3344	3647
3344	3648
3307	3420
3307	3469
3307	3470
3307	3540
3307	3627
3307	3652
3420	3532
3540	3724
3627	3419
3627	3498
3652	3352
3474	3308
3308	3580
3308	3596
3308	3654
3308	3692
3580	3330
3580	3389
3596	3597
3654	3539
3654	3581
3692	3691
3309	3464
3309	3465
3309	3645
3464	3463
3465	3459
3465	3462
3645	3644
3645	3722
3357	3356
3484	3312
3484	3485
3484	3684
3312	3311
3312	3321
3312	3336
3312	3351
3312	3359
3312	3632
3312	3697
3311	3455
3455	3621
3321	3328
3321	3471
3321	3632
3321	3698
3336	3317
3336	3335
3336	3351
3336	4655
3351	3561
3351	3598
3351	3671
3351	3673
3351	3674
3351	3689
3351	3702
3359	3358
3359	3466
3359	3725
3697	3331
3697	3696
3313	3693
3693	3597
3435	3331
3355	3315
3355	3354
3355	3432
3355	3437
3355	3569
3355	3601
3355	3638
3355	3714
3355	3715
3355	3716
3315	3610
3315	3625
3315	3656
3610	3431
3625	3398
3656	3396
3656	3397
3656	3639
3317	3316
3317	3352
3317	3392
3317	3393
3317	3421
3317	3724
3316	3366
3316	3483
3316	3536
3316	3557
3316	3620
3483	3739
3536	3482
3536	3703
3557	3521
3352	3361
3352	3362
3352	3365
3352	3612
3352	4582
3421	3671
3473	3318
3473	3544
3318	4864
4864	4879
4864	4887
3418	3319
3418	3565
3418	3676
3319	3497
3319	3573
3319	3574
3319	3677
3497	3452
3497	3499
3497	3500
3497	3501
3497	3525
3497	3626
3573	3343
3574	3343
3677	3410
3360	3320
3360	3346
3360	3361
3360	3730
3360	4677
3320	3542
3320	3546
3320	3547
3320	3607
3542	3562
3542	3717
3607	3709
3607	3736
3328	3327
3328	3561
3328	3742
3471	3598
3698	3689
3323	3322
3323	3331
3323	3345
3322	3454
3322	3668
3322	4830
3454	3453
3454	4845
3668	3745
4830	4831
4830	4845
3331	3330
3331	4603
3331	4831
3345	3403
3345	4888
3342	3324
3342	3340
3342	3341
3342	3413
3342	4876
3324	3564
3564	3434
3564	3512
3564	3563
3564	3655
3572	3589
3572	3657
3576	3577
3576	3578
3576	3718
3576	3731
3327	3713
3327	3740
3713	3711
3740	3382
3740	3443
3742	3515
3365	3716
3498	3515
3582	3612
3330	3581
3330	3705
3705	3619
3705	3704
4831	4899
3332	3616
3332	3722
3722	3356
3722	3633
3722	3683
3722	3721
4876	4483
4876	4875
4876	4883
3629	3741
4759	4525
4655	4479
4655	4481
4655	4608
4655	4656
3349	3337
3349	3347
3349	3663
3337	3429
3337	3628
3337	4865
3429	3428
3429	3619
3628	3599
4865	4923
3634	3338
3634	3635
3643	3339
3643	4628
3341	3529
3341	4875
3529	3434
4875	3369
3413	3684
3343	3638
3343	3639
3343	3647
3343	3648
3343	3659
3659	3415
3403	3747
3403	3748
4888	4886
4888	4889
4888	4900
3346	3709
3709	3394
3348	3347
3348	4883
3347	3402
3347	3661
3347	3678
3347	3729
3402	3401
3661	3609
3661	3682
3661	3743
3678	3641
3729	3728
4883	4848
3663	3456
3663	3651
3673	3350
3350	3674
3350	3688
3350	3700
3350	3701
3700	3514
3701	3514
3702	3670
3361	4678
3362	4476
3612	3548
4582	4492
4582	4581
3423	3353
3423	3425
3423	3426
3353	3486
3353	3563
3353	3655
3486	3485
3486	3487
3486	3560
3486	3733
3563	3511
3432	3376
3432	3695
3437	3665
3569	3588
3601	3570
3601	3571
3356	3590
3356	3683
3356	3723
3590	3439
3590	3624
3683	3633
3683	3685
3723	3685
3358	3395
3358	3725
3358	3726
3358	3727
3726	3585
3726	3594
3726	3664
3727	3491
3727	3595
4677	4560
4677	4678
4677	4684
4678	4476
4476	4474
4476	4477
4476	4628
4476	4662
3475	3363
3363	4509
4509	4489
4509	4664
3579	3364
3579	3559
3364	4570
4570	4571
4570	4614
4570	4621
4570	4761
3368	3367
3368	3369
3368	3370
3370	3523
3523	3623
3516	3371
3371	3567
3371	3608
3371	3621
3567	3436
3567	3485
3608	3427
3621	3732
4878	3372
4878	3387
4878	4847
4878	4862
4878	4879
4878	4881
4878	4914
4878	4920
4878	4924
3431	3373
3431	3374
3431	3375
3431	3416
3431	3417
3431	3695
3480	3377
3480	3481
3480	3699
3379	3378
3378	3380
3378	4478
4478	4479
4478	4485
4850	3381
4850	3385
4850	4908
4850	4909
4850	4922
3562	3383
3562	3744
3591	3384
3591	3615
3445	3386
3445	3447
3445	3448
3445	3737
3690	3390
3690	3691
3694	3391
3694	3695
3565	3399
3565	3675
3399	3675
3675	3491
3675	3699
3401	3400
3401	3554
3401	3686
3400	3534
3400	3609
3609	3555
3554	3651
3686	3658
3747	3748
3456	3404
3456	3457
3456	3458
3404	3682
3658	3405
3410	3406
3410	3407
3410	3666
3410	3712
3666	3518
3712	3711
3517	3520
3517	3584
3412	3626
3502	3414
3414	3551
3551	3514
3417	3416
3416	3430
3532	3670
3528	3422
3426	3424
3426	3600
3426	3733
3600	3738
3427	3623
3485	3436
3665	3526
3527	3438
3438	3588
3444	3442
3442	3614
3737	3489
3737	3720
3545	3449
3545	3489
3545	3617
3545	3618
3449	3710
3710	3476
3615	3451
3453	3646
3462	3461
3462	3463
3503	3550
3592	3662
3613	3662
3544	3556
3739	3522
3487	3679
3560	3512
3679	3680
3679	3681
3491	3490
3650	3492
3650	3651
3496	3493
3493	3499
3493	3500
3499	3494
3500	3495
3494	3501
3494	3734
3501	3495
3495	3735
3525	3524
3550	3514
3696	3504
3504	3732
3510	3507
3510	3512
3513	3508
3513	3511
3511	3509
3511	3512
3511	3738
3584	3585
3571	3522
3531	3530
3530	3703
3706	3533
3706	3549
3706	3707
3717	3535
3537	3746
3604	3541
3604	3611
3541	3653
3541	3667
3667	3745
4862	3543
4862	4863
3618	3649
3605	3555
3605	3603
3605	3606
3719	3566
3719	3599
3719	3602
3589	3575
3603	3660
3611	3669
3669	3649
3649	4885
3635	3721
3641	3640
4885	3642
4885	4874
4885	4877
4885	4886
4628	4571
4628	4662
3728	3687
3778	3749
3778	3755
3778	3943
3749	3932
3932	3762
3762	3750
3762	3751
3762	3764
3762	3788
3762	3926
3762	3935
3750	3767
3750	3793
3767	3838
3793	3751
3793	3794
3793	3904
3773	3752
3773	3795
3752	3804
3752	3936
3804	3802
3804	3928
3936	3802
3754	3753
3754	3784
3753	3755
3753	3774
3774	3797
3774	3863
3784	3761
3784	3783
3784	3785
3784	3797
3757	3756
3757	3792
3757	3930
3757	3931
3792	3758
3792	3775
3792	3791
3792	3822
3792	3922
3930	3809
3930	3931
3759	3758
3758	3883
3883	3910
3761	3760
3761	3788
3788	3895
3788	3935
3765	3763
3763	3766
3763	3789
3763	3946
3763	4199
3766	3801
3766	3838
3766	3938
3789	3787
3789	3895
4199	3785
4199	3803
4199	3905
4199	4197
4199	4198
4199	4202
4199	4206
4199	4227
3801	3918
3838	3768
3838	3806
3838	3813
3838	3839
3838	3840
3838	3844
3838	3862
3838	3906
3938	3803
3938	3892
3768	3943
3943	3942
3782	3870
3772	3771
3771	3783
3771	3825
3771	3847
3783	3785
3783	3836
3783	3841
3783	3842
3783	3868
3783	3879
3825	3824
3825	3903
3847	3846
3847	3859
3795	3794
3795	3802
3797	3776
3797	3777
3797	3796
3797	3800
3797	3937
3863	3805
3863	3826
3863	3834
3863	3851
3863	3864
3863	3907
3776	3775
3775	3777
3775	3809
3775	3921
3775	3922
3809	3857
3809	3921
3809	3945
3922	3913
3779	3816
3779	3851
3779	3855
3779	3871
3779	3893
3816	3817
3851	3850
3855	3834
3855	3912
3871	3915
3871	3916
3893	3823
3893	3915
3780	3790
3790	3937
3785	3787
3785	3798
3785	3905
3798	3939
3798	3940
3798	3941
3870	3869
3836	3907
3836	3918
3842	3824
3868	3859
3879	3834
3787	3786
3905	3904
3786	3857
3786	3886
3786	3891
3786	3896
3891	3902
3896	3820
3895	3829
3895	3830
3895	3837
3895	3848
3895	3867
3895	3872
3895	3874
3895	3900
3895	3919
3895	3920
3895	3927
3822	3823
3822	3881
3904	3865
3904	3866
3904	3878
3904	3884
3904	3885
3904	3894
3802	3803
3802	3928
3802	3944
3796	3799
3796	3854
3796	3876
3796	3877
3796	3887
3796	3916
3796	3934
3854	3888
3876	3877
3877	3916
3887	3888
3887	3890
3916	3881
3916	3917
3918	3826
3918	3898
3918	3911
3918	3933
3944	3827
3805	3864
3864	3811
3807	3806
3807	3844
3807	3901
3844	3843
3901	3862
3901	3925
3875	3808
3875	3878
3875	3892
3808	3894
3811	3810
3811	3831
3810	3821
3821	3815
3831	3814
3831	3849
3813	3812
3812	3843
3812	3898
3843	3840
3898	3897
3814	3908
3908	3826
3908	3925
3819	3815
3815	3849
3817	3889
3817	3890
3890	3909
3880	3818
3880	3925
3823	3912
3823	3913
3881	3882
3903	3860
3903	3874
3903	3902
3903	3927
3828	3827
3827	3856
3856	3853
3830	3829
3830	3832
3829	3837
3829	3900
3900	3899
3832	3833
3833	3919
3835	3834
3834	3850
3839	3923
3906	3866
3923	3897
3923	3924
3872	3845
3872	3867
3872	3911
3845	3873
3873	3874
3873	3929
3859	3858
3848	3920
3848	3927
3853	3852
3853	3861
3861	3914
3888	3909
3902	3860
3914	3885
3866	3865
3882	3917
3917	3910
3885	3884
3897	3933
3973	3947
3973	3984
3973	3995
3956	3948
3956	3957
3956	3963
3948	3978
3948	4012
3978	3979
4012	3992
4012	4028
3950	3949
3950	3975
3949	3998
3998	4050
3975	3951
3975	3994
3951	3980
3980	3979
4040	3952
4040	4041
4040	4049
3983	3953
3983	3981
3983	4000
3953	4000
4000	4001
4000	4020
4000	4029
3966	3954
3966	3985
3966	4041
3966	4063
3966	4064
3954	3995
3954	4062
3954	4064
3995	4065
4062	4061
3969	3955
3969	3967
3969	3968
3969	3971
3955	4055
3955	4056
4055	4054
4056	4007
3957	3965
3957	3979
3957	3989
3957	4008
3957	4031
3963	3999
3965	3964
3965	4002
3979	3959
3979	3976
3979	3977
3979	4020
3979	4027
4008	3959
4031	4029
4031	4030
3959	3958
3959	3997
3959	4011
3958	3999
3958	4016
4016	3996
3997	3996
4011	4017
3962	3960
3962	3961
3962	4004
3962	4047
3960	4034
4034	4003
4034	4033
4034	4057
3961	4045
4045	4044
4045	4046
4004	4036
4047	4002
4047	4010
4047	4080
4002	4020
3985	3984
3985	3986
4041	4030
4041	4042
4041	4043
4041	4066
4063	4060
3971	3970
3971	4029
3971	4072
3970	3972
3972	3992
3972	4005
4029	4014
4029	4028
4029	4032
4029	4080
4072	4073
3992	4013
3992	4021
4005	4028
4078	3974
4078	3986
4078	4077
3994	4068
4020	4019
3981	4038
4038	4014
4038	4036
4038	4037
4038	4080
4067	4068
4006	3988
4006	4007
3988	4048
4048	4049
3991	3990
3991	4003
3990	4025
4025	4015
4033	3993
4033	4015
4033	4026
4065	4060
4065	4066
4050	4053
4001	4030
4030	4039
4036	4010
4036	4039
4036	4080
4007	4049
4018	4009
4018	4037
4009	4037
4009	4046
4009	4079
4079	4080
4015	4058
4058	4057
4053	4051
4052	4051
4052	4069
4052	4070
4069	4105
4070	4105
4060	4059
4060	4071
4059	4061
4105	4095
4105	4106
4073	4074
4073	4075
4073	4076
4086	4081
4086	4084
4086	4085
4086	4090
4086	4162
4084	4082
4084	4083
4084	4090
4090	4121
4090	4160
4090	4217
4162	4138
4162	4158
4162	4161
4162	4193
4166	4087
4166	4181
4166	4188
4166	4208
4166	4214
4087	4218
4087	4267
4218	4187
4218	4194
4218	4205
4218	4301
4089	4088
4089	4187
4089	4188
4088	4299
4299	4318
4299	4319
4187	4115
4187	4180
4187	4188
4187	4196
4187	4203
4188	4284
4121	4110
4121	4143
4121	4150
4121	4202
4160	4206
4160	4217
4160	4269
4217	4206
4092	4091
4092	4116
4092	4189
4092	4208
4189	4214
4102	4093
4102	4151
4102	4305
4102	4306
4093	4285
4285	4119
4152	4094
4152	4103
4152	4151
4152	4163
4152	4165
4094	4279
4279	4276
4279	4277
4279	4278
4279	4291
4106	4096
4106	4107
4106	4109
4106	4144
4106	4147
4136	4097
4136	4222
4097	4200
4097	4222
4097	4245
4097	4246
4222	4221
4246	4247
4246	4248
4147	4098
4147	4151
4147	4171
4147	4204
4098	4281
4098	4282
4098	4283
4110	4138
4110	4156
4110	4243
4101	4100
4101	4206
4101	4227
4100	4241
4100	4244
4100	4260
4206	4207
4151	4139
4151	4209
4151	4212
4151	4215
4305	4212
4305	4307
4104	4103
4103	4225
4107	4184
4109	4108
4144	4146
4184	4185
4138	4134
4138	4137
4138	4154
4138	4224
4156	4132
4156	4154
4156	4155
4156	4194
4243	4237
4201	4128
4201	4221
4221	4128
4221	4220
4213	4207
4114	4149
4114	4320
4149	4326
4118	4117
4118	4124
4118	4154
4118	4159
4117	4239
4117	4240
4124	4122
4124	4123
4154	4153
4154	4159
4154	4193
4119	4163
4163	4216
4143	4140
4143	4141
4143	4142
4150	4202
4202	4304
4128	4125
4128	4126
4128	4127
4128	4186
4127	4252
4186	4300
4131	4130
4131	4196
4196	4167
4196	4180
4196	4195
4133	4132
4135	4134
4134	4158
4158	4230
4158	4231
4158	4232
4137	4157
4137	4238
4137	4259
4157	4223
4157	4228
4157	4229
4157	4233
4224	4270
4224	4271
4224	4272
4224	4273
4224	4274
4224	4275
4139	4175
4175	4176
4175	4280
4171	4170
4171	4204
4204	4286
4204	4287
4209	4308
4209	4309
4209	4310
4209	4311
4209	4312
4215	4216
4165	4288
4165	4289
4153	4253
4193	4190
4193	4191
4193	4192
4193	4234
4155	4242
4155	4249
4155	4258
4161	4251
4174	4207
4181	4210
4181	4295
4181	4296
4181	4297
4181	4298
4214	4264
4168	4167
4167	4169
4182	4180
4182	4183
4182	4226
4180	4290
4210	4313
4210	4314
4210	4315
4210	4316
4203	4235
4203	4236
4203	4256
4203	4261
4203	4262
4284	4321
4284	4322
4195	4254
4195	4257
4195	4266
4264	4255
4264	4263
4301	4302
4301	4303
4291	4292
4291	4293
4291	4294
4342	4327
4342	4336
4342	4338
4342	4345
4342	4365
4342	4368
4342	4375
4342	4404
4342	4411
4327	4375
4327	4387
4327	4392
4327	4410
4375	4368
4375	4381
4392	4352
4392	4367
4392	4369
4392	4370
4392	4374
4392	4376
4392	4384
4392	4401
4392	4410
4410	4354
4410	4404
4331	4328
4331	4329
4331	4407
4328	4346
4346	4336
4346	4345
4346	4357
4346	4360
4346	4377
4346	4381
4346	4407
4346	4417
4346	4418
4329	4377
4377	4353
4377	4357
4401	4330
4401	4344
4401	4352
4401	4384
4401	4402
4401	4408
4401	4413
4407	4357
4335	4332
4335	4334
4335	4347
4335	4381
4335	4398
4335	4402
4332	4336
4332	4340
4332	4347
4332	4381
4332	4385
4332	4391
4332	4398
4332	4400
4332	4402
4332	4413
4336	4345
4336	4347
4336	4361
4336	4373
4336	4381
4336	4395
4340	4333
4340	4339
4340	4357
4340	4395
4340	4400
4347	4345
4347	4381
4347	4398
4347	4402
4381	4345
4381	4352
4381	4398
4381	4402
4381	4408
4385	4344
4385	4384
4385	4413
4391	4333
4391	4355
4391	4372
4391	4383
4391	4389
4391	4390
4391	4395
4391	4396
4398	4352
4398	4402
4402	4337
4402	4349
4402	4384
4402	4386
4413	4344
4413	4352
4413	4384
4413	4408
4333	4355
4333	4357
4333	4359
4333	4383
4333	4395
4355	4403
4357	4356
4357	4417
4359	4351
4359	4358
4359	4364
4359	4371
4359	4372
4359	4380
4359	4383
4359	4388
4359	4416
4383	4364
4383	4395
4383	4403
4395	4345
4395	4361
4395	4372
4395	4373
4395	4393
4395	4396
4345	4343
4345	4361
4345	4365
4345	4368
4345	4373
4345	4406
4345	4409
4345	4419
4361	4343
4361	4372
4361	4373
4361	4405
4361	4406
4361	4418
4361	4419
4373	4343
4373	4364
4373	4365
4373	4372
4373	4396
4373	4405
4373	4412
4386	4337
4386	4384
4374	4352
4374	4367
4374	4369
4374	4370
4374	4376
4374	4384
4376	4352
4376	4367
4376	4384
4365	4368
4365	4372
4365	4399
4368	4367
4368	4404
4368	4411
4404	4354
4404	4367
4404	4414
4343	4399
4399	4382
4352	4344
4352	4363
4352	4384
4352	4408
4344	4384
4344	4408
4384	4408
4409	4360
4417	4348
4351	4350
4351	4416
4416	4358
4416	4371
4416	4380
4363	4369
4363	4370
4353	4396
4353	4412
4396	4394
4358	4364
4364	4371
4364	4372
4371	4372
4371	4380
4371	4397
4380	4379
4367	4366
4397	4382
4421	4420
4421	4436
4421	4442
4436	4439
4436	4442
4442	4441
4442	4443
4424	4422
4422	4432
4429	4427
4427	4443
4439	4438
4439	4441
4441	4440
4454	4451
4454	4452
4455	4453
4455	4456
4485	4467
4485	4468
4485	4480
4485	4496
4485	4530
4485	4601
4467	4553
4553	4495
4553	4568
4468	4613
4613	4512
4469	4526
4469	4602
4469	4626
4469	4796
4526	4803
4526	4804
4602	4564
4602	4565
4602	4611
4602	4641
4602	4820
4626	4510
4626	4786
4639	4470
4639	4689
4470	4676
4470	4766
4676	4528
4676	4672
4475	4471
4475	4559
4471	4590
4590	4482
4590	4657
4671	4472
4671	4674
4474	4473
4474	4867
4473	4508
4473	4605
4473	4617
4473	4646
4508	4542
4508	4575
4508	4636
4605	4604
4605	4619
4617	4503
4646	4675
4867	4840
4867	4866
4867	4868
4867	4869
4867	4925
4477	4574
4477	4832
4662	4543
4662	4661
4574	4594
4574	4595
4574	4656
4832	4841
4832	4889
4481	4480
4483	4482
4483	4501
4482	4772
4501	4500
4540	4484
4540	4588
4540	4789
4484	4688
4496	4767
4530	4687
4601	4654
4487	4486
4487	4588
4487	4703
4486	4533
4486	4550
4533	4547
4550	4624
4588	4694
4588	4788
4703	4606
4703	4793
4529	4488
4529	4767
4488	4562
4562	4612
4562	4622
4562	4679
4489	4610
4610	4636
4500	4490
4500	4498
4500	4764
4500	4765
4490	4648
4648	4549
4648	4556
4492	4543
4584	4551
4669	4515
4510	4493
4493	4616
4493	4797
4616	4683
4616	4791
4596	4494
4596	4532
4494	4702
4702	4511
4495	4659
4659	4524
4659	4581
4767	4769
4547	4497
4547	4606
4497	4606
4497	4798
4798	4822
4499	4498
4499	4674
4674	4647
4503	4502
4503	4561
4561	4557
4561	4811
4522	4504
4522	4554
4522	4620
4522	4768
4504	4589
4589	4585
4589	4586
4506	4505
4506	4546
4505	4600
4600	4624
4546	4700
4542	4531
4542	4675
4542	4799
4575	4820
4664	4633
4664	4663
4643	4511
4643	4557
4643	4615
4643	4644
4518	4512
4518	4691
4518	4778
4518	4782
4512	4607
4512	4696
4607	4608
4607	4630
4514	4513
4513	4581
4513	4598
4598	4579
4585	4515
4585	4587
4517	4516
4517	4661
4516	4554
4516	4614
4554	4666
4554	4701
4661	4577
4691	4689
4691	4781
4782	4827
4520	4519
4520	4521
4520	4592
4520	4620
4520	4699
4520	4800
4520	4801
4520	4802
4519	4597
4597	4538
4592	4555
4592	4635
4620	4776
4699	4697
4699	4698
4768	4762
4545	4523
4545	4528
4523	4654
4654	4615
4654	4653
4579	4524
4579	4544
4579	4555
4686	4525
4686	4537
4686	4609
4686	4667
4686	4685
4528	4527
4687	4657
4531	4611
4531	4650
4611	4593
4532	4651
4532	4826
4651	4541
4651	4569
4651	4723
4651	4826
4826	4680
4534	4541
4534	4618
4534	4673
4534	4722
4541	4816
4673	4823
4722	4578
4722	4723
4567	4537
4567	4566
4567	4667
4537	4866
4866	4828
4866	4829
4538	4771
4538	4805
4538	4806
4538	4807
4771	4681
4771	4685
4763	4539
4763	4566
4539	4808
4539	4809
4816	4817
4675	4799
4700	4558
4700	4658
4549	4548
4549	4576
4548	4638
4551	4586
4627	4733
4719	4706
4719	4732
4568	4679
4556	4670
4670	4689
4670	4827
4622	4560
4622	4583
4565	4564
4565	4640
4564	4813
4564	4814
4564	4815
4640	4641
4640	4821
4667	4779
4637	4569
4637	4619
4637	4642
4621	4577
4621	4633
4761	4760
4761	4777
4820	4599
4820	4819
4583	4623
4694	4692
4788	4792
4665	4591
4591	4723
4641	4645
4619	4625
4608	4644
4608	4690
4630	4672
4690	4689
4609	4773
4683	4682
4791	4790
4786	4785
4733	4708
4733	4740
4733	4745
4733	4757
4653	4629
4645	4668
4739	4721
4739	4737
4739	4742
4750	4751
4779	4780
4823	4810
4681	4825
4697	4818
4793	4792
4793	4794
4711	4704
4711	4735
4704	4746
4746	4708
4714	4705
4714	4710
4705	4745
4716	4706
4716	4707
4713	4707
4713	4732
4728	4708
4728	4709
4728	4712
4728	4717
4728	4748
4708	4729
4708	4752
4729	4709
4710	4724
4724	4735
4727	4712
4727	4715
4727	4725
4727	4736
4727	4774
4727	4775
4715	4751
4751	4721
4751	4730
4751	4744
4720	4717
4720	4736
4731	4718
4731	4738
4718	4737
4721	4755
4755	4758
4755	4812
4725	4754
4726	4756
4726	4784
4784	4783
4748	4730
4738	4734
4740	4747
4734	4744
4742	4741
4747	4741
4769	4770
4780	4824
4794	4787
4792	4795
4828	4884
4884	4836
4884	4874
4829	4874
4899	4898
4899	4925
4841	4840
4841	4844
4841	4887
4889	4887
4896	4833
4896	4926
4833	4898
4898	4926
4847	4834
4847	4848
4834	4916
4834	4923
4923	4912
4836	4835
4881	4838
4838	4890
4838	4904
4890	4872
4904	4839
4903	4839
4903	4905
4840	4842
4840	4843
4887	4886
4848	4846
4848	4873
4848	4900
4873	4872
4873	4891
4900	4880
4908	4906
4908	4919
4909	4901
4922	4917
4851	4892
4860	4852
4860	4858
4856	4871
4863	4877
4925	4895
4880	4870
4880	4915
4870	4913
4913	4918
4872	4905
4872	4917
4914	4910
4924	4910
4924	4918
4901	4907
4901	4921
4907	4906
4921	4911
4929	4938
4938	4936
4937	4935
4932	4935
4933	4939
