6	0
6	7
6	14
16	1
16	15
16	31
3	2
2	11
11	10
11	20
9	4
9	8
9	10
8	5
8	12
14	13
14	15
12	18
10	43
43	56
20	21
20	23
18	17
18	19
15	34
34	31
34	32
34	42
31	23
31	41
19	22
19	51
22	44
51	128
21	39
39	71
44	37
44	49
25	24
25	26
25	28
26	29
26	30
28	27
28	29
29	36
30	37
27	35
35	38
36	38
37	38
41	52
33	32
32	40
40	46
42	54
38	47
47	48
47	50
71	73
46	45
46	60
52	53
52	70
54	53
54	55
54	59
56	57
56	69
49	50
49	64
60	62
60	63
48	85
50	120
85	87
64	119
64	124
120	121
128	126
128	127
70	74
55	62
59	61
59	62
62	68
57	81
69	80
81	79
81	94
66	58
66	87
66	97
61	65
61	67
65	78
67	89
68	92
119	122
124	129
124	139
78	74
78	82
87	108
97	118
89	91
89	92
89	157
92	102
80	77
80	79
80	88
73	75
181	72
181	183
75	76
76	77
76	82
82	83
82	84
88	90
94	130
83	95
84	93
95	90
95	93
95	99
93	91
93	100
146	86
146	101
146	182
108	135
108	136
90	98
157	155
157	162
98	141
102	103
100	123
130	132
99	152
101	96
101	115
118	117
118	153
141	151
152	149
152	151
152	171
123	142
123	149
103	104
103	105
103	106
104	114
106	107
114	112
114	155
107	109
107	110
109	112
109	113
135	133
135	136
135	218
136	137
113	111
113	116
116	167
155	161
167	170
167	174
167	194
117	154
117	190
154	163
154	190
190	193
190	205
153	189
122	125
121	140
140	134
140	150
125	129
125	143
142	159
149	177
129	145
139	131
139	144
143	147
126	132
126	187
132	215
187	158
187	195
127	131
145	270
215	210
215	217
134	133
218	233
137	138
137	198
138	163
198	193
198	200
163	193
144	158
150	148
150	265
151	164
159	160
159	168
147	148
147	196
270	272
270	277
182	183
148	197
196	197
196	272
197	286
177	180
265	261
265	271
164	169
171	188
189	251
189	332
161	162
161	166
186	156
186	199
156	251
251	268
162	160
162	165
168	172
168	179
166	165
166	174
165	173
169	192
173	179
174	184
194	184
194	224
172	175
179	185
192	191
192	212
188	180
188	209
188	223
175	176
176	178
178	180
180	201
185	201
185	222
201	221
183	199
199	241
222	280
195	219
195	226
209	211
223	273
332	268
332	346
205	204
205	264
191	208
208	210
208	212
212	211
212	279
224	267
219	232
226	228
272	278
286	292
200	202
200	203
241	268
202	207
203	206
221	274
207	206
207	216
206	213
204	230
204	264
230	229
230	242
264	319
213	214
213	216
216	220
279	275
279	290
214	237
237	238
237	240
217	225
220	229
220	234
225	227
225	231
233	235
233	236
232	228
232	244
234	243
274	276
274	281
280	281
280	282
280	301
273	275
273	276
273	303
267	266
267	282
227	228
231	228
231	245
242	243
245	248
244	246
244	247
235	236
235	239
236	238
243	259
239	250
240	252
250	255
250	256
252	258
259	258
259	344
246	248
247	249
248	249
248	253
249	254
253	293
254	263
255	256
255	260
256	257
258	260
293	297
293	299
263	262
257	261
257	284
284	347
344	345
344	373
262	269
262	316
269	277
269	327
316	315
316	321
319	369
271	291
271	323
282	283
327	326
327	328
291	295
323	296
323	330
323	331
278	285
278	287
303	302
303	308
303	311
281	304
285	287
285	289
287	288
290	299
301	300
301	304
301	312
304	302
304	313
283	300
300	314
347	336
347	350
289	292
292	294
288	305
305	325
299	317
295	294
295	296
294	298
297	315
297	335
298	329
335	333
335	338
329	340
317	318
317	348
314	352
312	357
308	309
311	320
313	355
325	324
325	343
307	306
307	310
306	318
310	309
320	322
320	397
357	355
357	358
357	489
355	356
355	519
352	361
321	326
321	333
348	338
348	349
348	371
369	368
369	370
369	415
397	400
326	396
330	337
331	334
324	328
324	412
328	378
412	455
343	340
396	378
396	403
378	461
340	339
340	466
337	334
337	339
334	336
346	353
338	372
339	467
372	371
372	410
467	466
467	533
466	534
342	341
341	351
351	349
351	401
345	388
373	367
373	374
373	375
388	350
388	385
388	431
353	392
350	429
371	407
429	492
401	400
361	359
361	362
392	406
360	354
360	362
360	364
356	399
519	512
519	516
399	402
358	359
358	377
489	494
377	386
362	364
364	363
364	365
365	366
365	376
376	382
368	367
370	415
415	416
407	439
410	411
374	389
375	390
389	390
389	394
390	391
382	380
382	384
382	393
386	383
386	387
461	403
461	511
380	379
383	381
381	384
393	398
385	391
385	417
417	421
387	491
491	494
431	459
394	404
406	419
398	409
404	395
404	408
403	413
400	402
409	414
409	518
402	405
402	423
405	462
423	460
413	411
408	416
408	430
462	521
419	418
419	424
439	442
439	532
416	420
430	432
518	514
518	531
411	592
592	594
592	595
455	447
455	545
420	422
421	433
421	453
418	422
422	425
424	425
433	464
453	454
425	426
460	442
460	463
426	427
427	432
432	434
432	435
436	428
436	438
492	500
492	527
492	556
459	475
459	485
434	437
435	443
464	468
437	438
443	444
438	440
440	441
532	528
532	564
444	445
444	446
445	450
446	456
450	449
447	502
502	554
449	448
449	451
448	452
452	454
451	501
501	497
501	524
454	457
457	458
545	551
458	465
465	468
475	473
475	477
485	487
463	522
511	586
521	512
521	537
522	506
522	536
468	469
468	471
534	533
534	546
533	535
469	472
471	482
472	474
473	470
470	474
474	476
482	497
476	478
477	480
478	479
480	479
480	481
480	483
481	486
483	484
486	487
484	490
490	504
487	488
488	495
495	503
494	498
494	499
504	496
504	509
500	493
500	507
527	535
556	557
556	563
496	493
498	505
499	514
503	508
505	517
514	515
514	529
507	508
524	510
524	523
554	575
508	509
508	513
517	515
517	516
517	526
513	555
520	510
586	583
586	595
555	559
529	621
526	530
531	614
537	538
537	540
536	543
536	549
573	525
573	650
530	539
535	562
621	620
621	622
539	542
614	613
614	620
564	561
564	567
564	578
546	547
546	548
562	563
562	636
543	538
543	571
549	561
549	574
538	593
540	541
593	598
542	541
542	544
544	550
571	607
571	623
550	590
551	552
551	553
547	591
547	601
548	553
591	601
591	608
601	633
553	589
574	565
574	603
590	597
552	576
576	579
589	587
589	611
575	579
559	558
559	560
557	558
557	569
569	568
560	566
566	568
636	637
636	641
636	654
567	565
567	577
578	581
568	570
577	605
570	572
572	646
607	603
607	623
623	624
623	670
646	647
650	647
603	604
603	657
579	580
579	588
605	582
605	604
605	732
581	582
580	583
580	584
588	585
588	587
588	656
584	585
584	606
582	599
599	596
606	655
656	690
611	608
611	635
597	598
597	602
594	596
598	600
596	676
676	677
676	703
602	610
600	609
609	619
633	638
610	612
657	662
657	671
732	729
732	754
655	680
619	615
619	626
612	617
635	667
617	615
617	616
617	618
620	630
616	622
618	625
625	627
626	624
626	628
626	634
630	629
630	645
670	672
627	631
628	632
634	639
631	632
632	640
645	682
645	687
640	642
638	641
638	658
639	642
667	658
667	679
637	649
654	665
649	648
649	653
658	664
642	643
642	644
643	669
644	668
669	684
668	688
682	681
682	687
682	692
687	685
687	691
647	648
647	651
651	652
653	660
652	659
659	661
660	661
665	664
665	757
680	677
680	701
690	678
690	721
671	752
664	666
661	663
663	693
693	699
666	705
757	750
757	766
705	711
679	678
679	723
688	685
688	713
684	686
672	673
752	755
673	674
674	683
683	686
677	675
677	704
703	704
703	716
704	709
723	722
723	792
701	706
701	709
692	761
686	689
689	695
691	743
713	715
713	753
695	702
721	722
721	739
743	747
761	760
761	787
699	697
699	698
699	700
698	694
702	708
697	696
696	733
733	728
733	745
700	725
725	728
706	714
709	710
709	717
708	707
708	712
716	726
711	720
714	710
714	718
707	715
712	762
717	731
720	782
762	768
753	778
753	779
718	719
726	727
726	731
731	734
731	740
719	724
724	735
782	780
782	791
739	736
739	783
792	803
792	812
735	734
735	736
735	738
728	737
727	730
730	729
730	751
737	798
751	793
740	744
754	758
754	794
745	750
745	788
738	741
798	801
741	742
783	813
744	746
742	746
746	748
747	749
788	807
748	784
749	785
784	810
785	779
785	789
785	806
793	795
755	756
755	764
778	777
778	779
778	786
779	805
758	759
794	811
756	759
764	765
764	767
759	773
766	780
766	819
773	775
787	790
787	859
768	770
765	763
763	777
767	769
780	818
819	831
769	770
770	771
770	772
771	776
772	809
776	775
809	836
775	774
774	781
781	796
786	804
805	852
818	871
796	824
791	803
813	814
813	837
810	816
810	841
789	790
806	858
804	836
790	878
859	856
859	874
807	808
807	820
878	898
803	812
803	822
812	822
812	826
795	811
811	823
824	825
800	797
800	801
801	799
801	802
799	808
802	821
821	938
822	862
836	838
836	840
852	849
852	853
852	864
858	864
820	831
816	817
841	843
823	825
826	837
814	815
814	884
837	866
837	877
815	885
884	877
884	887
885	891
817	839
817	842
839	846
842	851
842	906
871	869
871	894
871	965
831	873
938	942
862	888
862	892
825	827
825	828
827	832
828	829
832	833
829	830
829	959
830	840
959	957
959	967
840	838
840	945
873	879
873	883
833	834
833	835
834	868
835	968
868	880
968	982
838	848
866	867
866	877
866	918
848	847
848	972
846	850
846	861
945	957
843	844
843	845
851	850
851	865
851	908
906	882
906	908
906	917
844	904
845	857
904	910
857	860
857	870
861	860
861	863
847	849
972	1021
865	911
908	924
853	900
864	876
900	881
900	905
900	912
855	854
855	856
870	872
874	898
863	875
863	911
888	889
888	892
888	902
892	869
892	903
875	872
911	927
876	881
876	890
867	889
918	976
889	902
880	882
880	901
894	896
965	980
879	886
883	896
898	899
898	1046
881	897
890	899
886	895
901	915
897	909
896	895
896	930
887	907
895	893
895	928
907	910
902	903
902	919
903	921
893	936
936	943
928	930
930	962
909	905
909	970
1046	1043
1046	1047
1046	1060
912	956
915	922
919	926
921	926
910	913
910	914
917	922
924	927
970	1076
913	916
914	920
927	916
927	929
956	969
920	931
922	923
922	925
976	960
976	992
926	985
931	960
923	958
925	934
958	939
958	990
958	1011
934	937
985	1031
929	932
929	933
929	951
932	946
933	935
951	953
962	963
960	961
946	948
935	937
937	939
937	941
943	942
941	949
942	940
942	944
940	978
978	977
978	989
949	948
944	996
996	998
957	971
948	947
948	952
947	950
950	954
952	1020
954	953
954	955
1020	1023
1020	1045
1020	1073
955	966
966	973
969	1021
971	1004
990	983
990	994
990	1008
1011	1024
967	982
961	964
964	973
963	981
981	979
981	987
981	1019
973	974
973	975
980	984
980	1005
980	1006
982	983
1021	1022
1021	1025
1076	1025
1076	1047
1076	1129
1004	993
1004	1058
1004	1141
974	1080
975	1035
1080	1087
1080	1106
1035	1042
992	1002
992	1026
989	1014
989	1051
979	988
988	984
988	1013
984	1017
1005	1006
1005	1034
1006	1017
1006	1041
987	986
1019	1016
1019	1146
1017	1018
1017	1040
1031	1036
1031	1059
986	991
991	995
991	1003
1013	1016
1013	1018
1014	1015
1014	1052
1051	1061
994	1058
1008	1012
995	997
1003	1007
1002	1001
1002	1026
1026	1027
993	1022
1022	1185
1058	1141
997	998
998	999
998	1000
999	1050
1000	1049
1050	1062
1049	1057
1001	1028
1028	1030
1007	1032
1141	1192
1034	1039
1041	1137
1032	1070
1012	1010
1012	1201
1010	1009
1009	1024
1024	1023
1201	1213
1201	1220
1018	1044
1052	1094
1040	1086
1044	1086
1146	1145
1146	1149
1146	1222
1045	1084
1073	1304
1025	1210
1185	1230
1210	1269
1027	1029
1029	1033
1029	1054
1030	1059
1033	1042
1054	1055
1054	1068
1059	1069
1059	1099
1036	1037
1070	1071
1042	1048
1042	1053
1039	1037
1043	1038
1043	1060
1038	1056
1086	1139
1137	1101
1137	1139
1137	1160
1048	1063
1053	1138
1060	1092
1084	1087
1084	1309
1063	1065
1057	1066
1062	1067
1061	1067
1094	1095
1094	1142
1138	1165
1055	1065
1068	1078
1068	1107
1065	1075
1066	1064
1066	1074
1069	1078
1099	1101
1092	1104
1092	1117
1067	1064
1067	1091
1075	1108
1074	1077
1091	1090
1091	1096
1078	1115
1107	1109
1071	1072
1071	1130
1072	1079
1130	1149
1079	1081
1304	1255
1304	1307
1077	1082
1108	1109
1129	1117
1129	1148
1082	1081
1082	1083
1115	1128
1087	1106
1106	1162
1106	1353
1083	1085
1085	1093
1309	1306
1309	1353
1093	1097
1139	1145
1089	1088
1089	1098
1088	1090
1098	1095
1098	1151
1096	1100
1096	1150
1104	1200
1097	1103
1095	1154
1142	1154
1142	1163
1154	1151
1100	1102
1150	1151
1150	1194
1103	1102
1103	1105
1151	1223
1105	1114
1200	1206
1200	1221
1114	1119
1162	1168
1353	1352
1109	1110
1109	1112
1110	1111
1110	1112
1112	1113
1111	1131
1131	1125
1131	1172
1131	1197
1113	1118
1118	1121
1119	1120
1128	1127
1128	1132
1128	1144
1132	1116
1132	1133
1132	1179
1116	1134
1134	1133
1134	1158
1121	1122
1121	1123
1120	1124
1120	1135
1124	1156
1135	1181
1122	1126
1123	1125
1126	1147
1125	1136
1156	1169
1136	1140
1147	1153
1127	1140
1140	1152
1144	1153
1148	1196
1148	1208
1149	1155
1149	1167
1172	1173
1197	1204
1179	1178
1179	1184
1179	1207
1158	1161
1158	1164
1181	1186
1160	1161
1165	1168
1145	1216
1152	1176
1152	1204
1192	1202
1163	1195
1163	1215
1164	1143
1164	1211
1153	1157
1153	1159
1216	1222
1216	1229
1216	1252
1222	1239
1222	1252
1196	1206
1208	1267
1155	1190
1167	1171
1194	1188
1194	1245
1223	1195
1223	1231
1176	1166
1176	1184
1176	1203
1204	1203
1204	1227
1157	1177
1159	1166
1190	1189
1190	1214
1169	1170
1177	1182
1161	1248
1166	1178
1248	1246
1248	1251
1248	1296
1168	1173
1168	1175
1195	1215
1215	1316
1211	1217
1171	1170
1171	1174
1173	1180
1175	1180
1175	1183
1174	1240
1180	1198
1240	1256
1183	1209
1183	1212
1184	1199
1203	1226
1182	1191
1207	1217
1198	1295
1186	1187
1186	1189
1186	1193
1191	1205
1209	1347
1212	1346
1199	1225
1230	1253
1230	1265
1187	1188
1193	1235
1214	1242
1205	1228
1202	1238
1202	1250
1235	1241
1245	1244
1245	1272
1206	1308
1295	1298
1225	1224
1225	1232
1221	1219
1221	1412
1213	1218
1213	1534
1220	1236
1238	1218
1238	1250
1238	1264
1250	1253
1250	1284
1226	1224
1226	1227
1226	1280
1227	1278
1228	1234
1308	1274
1308	1407
1217	1246
1267	1268
1267	1274
1267	1492
1347	1346
1347	1352
1347	1438
1269	1266
1269	1268
1346	1380
1534	1528
1534	1538
1534	1587
1242	1243
1316	1317
1229	1251
1252	1326
1246	1237
1236	1255
1236	1270
1412	1407
1412	1415
1239	1261
1231	1233
1231	1312
1232	1234
1280	1278
1280	1292
1280	1344
1278	1279
1278	1343
1234	1237
1234	1247
1251	1321
1253	1265
1265	1266
1265	1277
1233	1257
1233	1299
1312	1299
1312	1318
1312	1357
1257	1258
1299	1276
1299	1355
1247	1273
1241	1243
1241	1254
1270	1434
1264	1283
1261	1262
1256	1262
1254	1300
1244	1249
1249	1259
1272	1281
1273	1285
1296	1303
1259	1258
1284	1286
1321	1328
1326	1334
1300	1315
1262	1263
1258	1260
1260	1271
1271	1275
1263	1282
1282	1291
1283	1286
1277	1290
1268	1442
1492	1530
1442	1502
1434	1526
1275	1276
1275	1281
1281	1314
1285	1287
1285	1302
1276	1319
1319	1358
1290	1289
1290	1402
1279	1294
1343	1341
1343	1342
1343	1356
1294	1298
1294	1310
1292	1332
1344	1366
1314	1315
1291	1293
1291	1297
1286	1288
1286	1539
1287	1301
1302	1322
1288	1289
1539	1538
1539	1541
1539	1589
1301	1303
1402	1510
1293	1313
1297	1324
1332	1339
1298	1310
1310	1341
1310	1365
1303	1305
1303	1311
1324	1337
1355	1357
1355	1358
1355	1370
1315	1320
1322	1339
1305	1323
1311	1432
1307	1306
1307	1436
1323	1329
1436	1565
1407	1537
1365	1364
1365	1391
1432	1414
1432	1429
1432	1443
1318	1317
1357	1354
1357	1376
1320	1367
1317	1360
1360	1354
1360	1359
1360	1368
1367	1371
1328	1327
1328	1330
1328	1335
1339	1351
1329	1325
1329	1349
1337	1338
1337	1340
1337	1348
1327	1325
1334	1333
1334	1336
1330	1331
1335	1431
1349	1429
1331	1333
1336	1345
1431	1441
1345	1340
1338	1369
1348	1399
1369	1383
1351	1398
1342	1350
1350	1361
1356	1363
1366	1362
1366	1401
1380	1386
1352	1437
1438	1455
1399	1409
1429	1430
1429	1451
1361	1362
1398	1403
1437	1453
1370	1377
1363	1364
1376	1377
1376	1379
1368	1374
1368	1382
1391	1386
1391	1406
1401	1403
1371	1372
1371	1373
1374	1379
1374	1393
1382	1395
1382	1423
1383	1378
1383	1388
1377	1375
1372	1381
1373	1378
1381	1384
1379	1418
1393	1397
1375	1385
1385	1387
1418	1397
1418	1474
1386	1427
1384	1387
1395	1396
1423	1475
1388	1400
1387	1389
1387	1390
1427	1425
1427	1428
1389	1394
1390	1392
1400	1404
1394	1405
1392	1501
1406	1413
1501	1515
1397	1396
1405	1404
1396	1477
1477	1474
1403	1414
1403	1420
1409	1408
1409	1410
1404	1411
1404	1417
1510	1517
1510	1541
1510	1567
1420	1446
1411	1408
1417	1489
1413	1422
1413	1424
1537	1536
1537	1540
1410	1416
1416	1421
1416	1476
1415	1419
1415	1536
1422	1425
1424	1426
1424	1457
1536	1535
1536	1717
1421	1460
1476	1486
1489	1493
1474	1495
1446	1456
1460	1467
1425	1426
1425	1440
1475	1484
1457	1456
1440	1533
1428	1435
1428	1508
1435	1439
1508	1521
1508	1531
1508	1559
1451	1462
1441	1445
1443	1448
1444	1433
1444	1445
1526	1529
1439	1480
1565	1581
1453	1454
1453	1479
1455	1468
1455	1473
1480	1468
1480	1490
1533	1531
1533	1552
1445	1450
1445	1458
1502	1509
1502	1530
1448	1447
1448	1449
1448	1452
1450	1461
1458	1466
1456	1459
1456	1465
1447	1463
1463	1462
1449	1459
1452	1542
1461	1462
1462	1464
1542	1527
1542	1549
1542	1605
1454	1473
1479	1568
1473	1574
1468	1570
1465	1546
1466	1472
1467	1469
1467	1470
1467	1482
1464	1527
1527	1613
1546	1551
1472	1471
1472	1478
1469	1488
1470	1471
1482	1579
1570	1571
1570	1574
1570	1624
1488	1486
1478	1585
1574	1569
1574	1627
1495	1512
1484	1483
1484	1485
1484	1487
1486	1491
1585	1607
1568	1569
1568	1583
1568	1625
1490	1521
1490	1571
1483	1481
1579	1582
1579	1594
1485	1513
1487	1577
1513	1512
1491	1506
1577	1595
1577	1697
1493	1496
1493	1500
1571	1572
1571	1675
1506	1505
1530	1532
1496	1494
1496	1504
1500	1503
1494	1498
1498	1497
1512	1511
1512	1525
1504	1522
1497	1499
1497	1507
1499	1520
1507	1523
1520	1518
1503	1505
1515	1516
1515	1518
1515	1524
1509	1517
1505	1519
1522	1523
1522	1558
1522	1562
1519	1560
1523	1603
1559	1552
1559	1561
1517	1567
1567	1600
1567	1601
1511	1514
1514	1516
1525	1556
1524	1545
1560	1564
1558	1637
1562	1564
1603	1621
1545	1548
1556	1557
1556	1595
1529	1528
1529	1586
1613	1605
1613	1608
1613	1671
1586	1581
1532	1543
1532	1547
1543	1544
1547	1576
1587	1818
1717	1734
1540	1544
1540	1588
1589	1753
1588	1733
1549	1551
1605	1620
1605	1673
1548	1550
1548	1554
1551	1553
1551	1555
1576	1714
1550	1557
1554	1563
1553	1592
1555	1584
1592	1591
1563	1602
1584	1593
1595	1597
1595	1696
1637	1641
1561	1578
1564	1566
1578	1573
1578	1580
1578	1596
1602	1615
1566	1575
1581	1583
1581	1612
1575	1623
1600	1728
1601	1614
1625	1632
1625	1779
1624	1627
1624	1638
1572	1573
1675	1638
1675	1693
1627	1639
1623	1628
1714	1715
1714	1740
1697	1696
1697	1799
1580	1604
1596	1590
1582	1606
1582	1654
1594	1618
1594	1652
1604	1693
1612	1645
1612	1646
1606	1607
1654	1664
1593	1598
1593	1619
1607	1611
1818	1762
1818	1836
1818	2001
1733	1734
1733	1740
1733	1907
1753	1728
1753	1762
1591	1590
1598	1620
1619	1649
1618	1631
1652	1659
1597	1599
1696	1695
1696	1755
1599	1617
1599	1643
1620	1663
1617	1616
1617	1647
1643	1689
1728	1727
1614	1720
1615	1616
1615	1621
1621	1626
1621	1633
1693	1703
1673	1680
1611	1610
1609	1608
1609	1610
1609	1622
1622	1655
1645	1835
1646	1648
1671	1686
1720	1727
1647	1690
1631	1629
1631	1676
1649	1653
1663	1699
1626	1630
1633	1757
1655	1672
1628	1629
1628	1634
1638	1722
1632	1635
1779	1780
1779	1782
1630	1642
1639	1636
1639	1769
1634	1651
1642	1641
1676	1687
1635	1636
1757	1755
1757	1774
1651	1657
1641	1640
1641	1644
1722	1703
1722	1769
1769	1775
1769	1776
1640	1658
1658	1657
1644	1704
1689	1694
1704	1706
1835	1817
1835	1836
1835	1915
1648	1650
1690	1694
1650	1782
1653	1656
1653	1660
1782	1817
1657	1669
1657	1683
1659	1661
1659	1667
1656	1662
1660	1681
1664	1665
1664	1666
1664	1677
1672	1670
1672	1674
1672	1682
1662	1685
1669	1668
1683	1730
1661	1668
1667	1665
1681	1680
1685	1678
1685	1692
1699	1709
1666	1674
1677	1705
1670	1688
1688	1686
1686	1684
1682	1723
1680	1679
1680	1691
1687	1701
1705	1738
1678	1702
1702	1703
1702	1708
1679	1684
1691	1712
1723	1754
1730	1739
1692	1698
1692	1700
1701	1707
1701	1773
1694	1695
1712	1724
1712	1726
1698	1708
1700	1713
1703	1785
1799	1786
1799	1801
1708	1711
1709	1710
1713	1711
1713	1718
1707	1706
1707	1772
1773	1819
1785	1763
1785	1775
1785	1843
1738	1736
1738	1737
1738	1746
1772	1784
1711	1763
1710	1719
1710	1741
1719	1725
1741	1718
1741	1761
1763	1761
1763	1840
1724	1729
1726	1729
1715	1716
1715	1721
1740	1866
1716	1727
1721	1867
1721	1995
1734	1732
1734	1848
1725	1735
1725	1759
1867	1866
1867	1917
1995	1996
1754	1768
1729	1731
1735	1731
1735	1742
1759	1760
1759	1783
1731	1742
1739	1737
1739	1744
1742	1743
1742	1751
1907	2014
1848	1850
1848	1904
1736	1764
1764	1768
1746	1752
1744	1749
1743	1745
1743	1747
1751	1756
1751	1794
1745	1748
1745	1750
1747	1787
1749	1752
1748	1781
1750	1758
1750	1766
1752	1765
1752	1771
1787	1781
1787	1788
1781	1766
1781	1796
1758	1760
1758	1792
1756	1770
1794	1793
1794	1810
1765	1802
1771	1789
1762	1962
1768	1770
1768	1777
1774	1786
1760	1767
1792	1791
1792	1798
1783	1790
1783	1824
1767	1790
1962	1963
1962	2001
1840	1843
1840	1863
1802	1813
1790	1791
1790	1823
1777	1800
1775	1776
1775	1829
1776	1778
1789	1828
1784	1814
1784	1820
1819	1820
1819	1827
1786	1795
1829	1831
1829	1843
1778	1780
1778	1831
1800	1812
1831	1841
1796	1803
1817	1839
1824	1823
1824	1876
1814	1820
1814	1821
1820	1842
1843	1878
1795	1808
1788	1793
1788	1797
1797	1806
1828	1815
1828	1827
1828	1887
1823	1825
1823	1870
1798	1805
1810	1804
1810	1806
1810	1847
1808	1822
1803	1806
1803	1809
1805	1809
1805	1826
1812	1807
1812	1813
1812	1816
1813	1815
1813	1816
1804	1811
1804	1834
1811	1807
1834	1846
1834	1856
1826	1825
1826	1832
1822	1821
1822	1833
1847	1852
1847	1855
1816	1830
1830	1857
1839	1960
2001	2000
2001	2041
1842	1844
1842	1882
1833	1837
1833	1845
1870	1865
1870	1871
1876	1880
1876	1881
1832	1864
1887	1886
1887	1896
1857	1859
1841	1959
1864	1852
1864	1865
1864	1868
1837	1849
1837	1851
1845	1844
1846	1854
1856	1862
1915	1986
1849	1931
1851	1883
1850	1838
1850	1905
1960	1961
1960	1990
1863	1880
1959	1961
1959	2002
1844	1877
1882	1877
1882	1885
1882	1924
1878	1890
1877	1924
1854	1858
1852	1853
1855	1862
1904	1928
1931	1930
1931	1932
1931	1983
1905	2030
1883	1879
1883	1888
1853	1914
1914	1902
1914	1916
1914	1943
1858	1859
1862	1872
1862	1902
1859	1860
1859	1861
1860	1886
1861	1869
1886	1910
1869	1874
1872	1873
1902	1891
1902	1942
1880	1881
1880	1884
1868	1916
1917	2029
1916	1909
1916	1945
1874	1873
1874	1875
1871	1881
1871	1909
1881	1906
1909	1906
1909	1947
1875	1889
1889	1893
1924	1927
1924	1930
1890	1895
1879	1935
1935	1933
1935	1934
1884	1901
1884	1913
1906	1948
1885	1898
1888	1920
1901	1913
1901	1923
1913	1937
1898	1896
1898	1912
1910	1944
1896	1908
1920	1933
1893	1892
1893	1894
1893	1897
1895	1899
1892	1891
1894	1918
1897	1919
1918	1951
1899	1900
1908	1965
1919	1939
1912	1911
1912	1921
1900	1903
1903	1922
1923	1922
1923	1925
1942	1940
1942	1943
1922	1926
1928	2031
2030	2032
2030	2050
2030	2122
1948	1938
1948	1947
1948	1978
2014	2045
1965	1964
1965	1970
1947	1945
1944	1951
1911	1927
1927	1929
1927	1984
1921	1980
1937	1925
1937	1938
1943	1945
1943	1967
1986	1990
1986	2000
1945	1981
2029	2047
1951	1949
1951	1969
1939	1941
1933	1932
1980	1964
1980	1984
1980	2010
1926	1925
1926	1973
1926	1987
1930	1929
1930	1991
1973	1977
1973	1987
1987	1989
1987	2011
1929	1985
1984	1985
1984	2010
2031	2045
1985	1991
1985	2005
1991	2004
1983	2006
1934	1936
1936	1953
1953	1955
1953	1988
1938	1966
1966	1974
1966	1975
1941	1940
1941	1949
1941	1952
1952	1968
1967	1971
1967	1972
1981	1971
1981	1982
2032	1946
2032	2053
1978	1976
1978	1979
1978	2066
1954	1950
1954	1955
1954	1956
1954	1958
1969	1970
1969	1972
1968	2013
1955	1956
1988	2006
1956	1957
1958	2044
1957	2003
2003	2107
2044	2048
1961	2037
2002	1999
2002	2012
1990	2036
2037	2060
1963	1997
1997	1994
1997	1998
1964	2023
2023	2043
1974	1977
1975	1976
1971	2019
2013	2017
2019	2017
1979	1982
2066	2065
2066	2079
2066	2134
2010	2025
2006	2007
2006	2008
2005	2009
1989	1999
2011	2012
2036	2038
2004	2007
1993	1992
1993	1994
1992	1996
1996	2034
2034	2035
2034	2063
1998	2061
1998	2062
2061	2062
2061	2063
2062	2067
2041	2055
2012	2039
2107	2101
2107	2108
2007	2008
2007	2009
2009	2022
2008	2069
2069	2096
2069	2101
2022	2018
2022	2109
2025	2033
2039	2071
2017	2015
2017	2027
2045	2049
2016	2015
2016	2020
2020	2021
2027	2074
2018	2026
2026	2028
2021	2024
2024	2040
2109	2110
2043	2040
2043	2042
2033	2028
2033	2042
2074	2080
2047	2046
2047	2049
2047	2054
2050	2051
2122	2119
2122	2123
2042	2056
2035	2046
2063	2131
2038	2077
2060	2070
2060	2111
2077	2078
2077	2081
2071	2076
2055	2072
2056	2082
2048	2068
2048	2106
2049	2052
2049	2054
2054	2057
2054	2059
2068	2064
2068	2094
2068	2106
2106	2118
2106	2157
2052	2051
2052	2058
2058	2057
2058	2089
2059	2128
2072	2067
2072	2097
2082	2092
2089	2126
2089	2127
2128	2126
2128	2129
2128	2149
2070	2076
2111	2091
2111	2112
2111	2116
2131	2129
2131	2132
2131	2155
2065	2073
2073	2083
2079	2076
2134	2133
2134	2148
2134	2154
2094	2158
2094	2182
2096	2101
2096	2110
2096	2147
2076	2088
2097	2075
2097	2132
2097	2196
2083	2084
2080	2084
2085	2075
2085	2078
2085	2113
2088	2090
2088	2093
2081	2112
2084	2086
2084	2087
2112	2116
2092	2086
2092	2099
2087	2098
2113	2121
2098	2102
2090	2091
2090	2095
2093	2130
2126	2127
2126	2146
2127	2125
2127	2135
2095	2139
2099	2100
2099	2103
2130	2137
2158	2227
2182	2180
2182	2199
2139	2141
2110	2115
2147	2265
2196	2197
2102	2100
2102	2104
2102	2105
2103	2114
2104	2133
2105	2117
2114	2115
2117	2150
2118	2120
2157	2179
2108	2120
2120	2156
2115	2143
2116	2138
2116	2165
2121	2124
2121	2198
2143	2244
2138	2159
2165	2166
2150	2200
2156	2170
2124	2159
2198	2229
2123	2125
2123	2140
2140	2273
2159	2185
2146	2277
2135	2145
2149	2224
2137	2163
2155	2248
2148	2153
2154	2151
2145	2274
2142	2136
2142	2151
2142	2152
2136	2184
2184	2176
2184	2191
2163	2162
2163	2167
2163	2168
2141	2144
2273	2274
2144	2160
2152	2195
2244	2245
2244	2253
2160	2161
2160	2164
2160	2166
2274	2280
2277	2283
2265	2253
2265	2260
2153	2201
2224	2252
2224	2285
2200	2202
2195	2191
2195	2215
2195	2317
2201	2220
2248	2249
2248	2252
2248	2351
2170	2179
2170	2207
2179	2180
2179	2225
2227	2242
2185	2183
2185	2186
2161	2162
2164	2169
2166	2177
2167	2174
2167	2176
2168	2172
2168	2173
2169	2171
2169	2177
2177	2181
2174	2173
2174	2175
2174	2188
2176	2175
2172	2171
2172	2178
2172	2183
2173	2187
2207	2219
2183	2181
2187	2188
2187	2192
2188	2192
2188	2276
2225	2235
2199	2275
2186	2189
2189	2190
2189	2194
2192	2193
2276	2317
2190	2223
2190	2337
2194	2193
2223	2241
2337	2341
2337	2344
2193	2318
2318	2331
2318	2344
2215	2220
2317	2338
2197	2247
2247	2246
2247	2249
2247	2286
2229	2241
2229	2246
2275	2268
2275	2292
2275	2297
2202	2203
2220	2222
2220	2240
2203	2204
2203	2205
2203	2208
2204	2206
2205	2213
2208	2209
2206	2210
2213	2212
2213	2214
2213	2234
2210	2217
2219	2232
2219	2251
2209	2211
2211	2212
2211	2216
2217	2218
2216	2226
2214	2221
2214	2228
2234	2236
2234	2239
2221	2233
2228	2237
2226	2230
2218	2222
2232	2235
2232	2256
2251	2255
2251	2256
2251	2272
2240	2335
2233	2237
2233	2245
2241	2288
2285	2284
2285	2353
2235	2258
2235	2266
2230	2238
2242	2250
2242	2259
2237	2239
2237	2349
2238	2236
2238	2243
2259	2231
2259	2263
2259	2264
2256	2261
2256	2269
2258	2257
2258	2262
2266	2267
2266	2271
2349	2354
2349	2358
2243	2352
2335	2338
2335	2350
2335	2383
2288	2289
2288	2293
2250	2292
2352	2357
2253	2254
2286	2287
2351	2311
2351	2360
2255	2260
2272	2278
2254	2333
2333	2334
2333	2355
2333	2379
2261	2257
2261	2262
2269	2271
2269	2278
2269	2290
2262	2271
2263	2319
2264	2295
2271	2290
2319	2327
2295	2296
2295	2312
2295	2322
2267	2268
2290	2291
2290	2321
2281	2270
2281	2280
2281	2372
2280	2279
2297	2303
2283	2282
2283	2284
2279	2282
2279	2380
2380	2554
2372	2375
2372	2595
2284	2376
2376	2377
2353	2361
2353	2390
2287	2293
2287	2294
2293	2294
2294	2311
2294	2385
2289	2342
2342	2341
2342	2391
2291	2304
2321	2320
2321	2330
2304	2308
2385	2479
2296	2299
2312	2315
2322	2325
2299	2298
2299	2300
2303	2301
2303	2302
2303	2307
2298	2324
2324	2325
2300	2313
2313	2315
2301	2305
2305	2308
2302	2306
2306	2314
2307	2332
2308	2309
2308	2310
2314	2315
2332	2310
2332	2371
2309	2345
2345	2346
2315	2316
2316	2397
2397	2406
2338	2340
2331	2339
2331	2388
2344	2389
2327	2323
2327	2329
2330	2336
2325	2326
2325	2328
2326	2323
2328	2396
2329	2362
2396	2412
2362	2364
2336	2334
2336	2343
2339	2340
2388	2415
2371	2367
2371	2373
2355	2354
2379	2378
2350	2356
2383	2429
2343	2346
2340	2386
2386	2415
2391	2445
2346	2347
2346	2348
2389	2414
2347	2401
2348	2367
2401	2416
2367	2400
2354	2366
2358	2357
2356	2357
2360	2361
2360	2369
2357	2359
2390	2535
2366	2381
2359	2382
2382	2433
2369	2384
2369	2387
2364	2365
2364	2368
2365	2363
2368	2395
2381	2424
2400	2419
2395	2399
2384	2545
2387	2402
2392	2370
2392	2398
2370	2393
2393	2406
2373	2394
2375	2374
2595	2600
2394	2398
2377	2540
2540	2547
2378	2463
2463	2474
2554	2559
2424	2426
2424	2427
2433	2442
2429	2435
2545	2543
2545	2551
2479	2497
2415	2414
2415	2425
2415	2505
2402	2417
2402	2552
2414	2498
2535	2557
2445	2448
2398	2437
2406	2407
2399	2403
2412	2409
2412	2411
2437	2431
2437	2504
2403	2404
2403	2405
2419	2418
2419	2420
2416	2421
2417	2537
2552	2564
2405	2410
2410	2413
2410	2621
2407	2408
2407	2504
2408	2409
2408	2616
2504	2611
2616	2615
2616	2617
2413	2411
2413	2553
2411	2553
2553	2607
2498	2510
2425	2476
2505	2524
2421	2422
2421	2423
2537	2546
2418	2422
2420	2430
2430	2431
2430	2612
2423	2472
2472	2474
2426	2443
2427	2444
2476	2488
2443	2447
2444	2452
2432	2428
2432	2434
2428	2435
2435	2438
2435	2441
2612	2613
2612	2618
2434	2436
2434	2439
2442	2440
2442	2446
2442	2456
2436	2440
2439	2533
2438	2480
2441	2493
2480	2539
2533	2521
2533	2536
2493	2488
2446	2500
2456	2462
2447	2449
2447	2453
2447	2460
2452	2450
2452	2451
2452	2459
2448	2457
2500	2507
2449	2450
2453	2475
2460	2489
2457	2454
2457	2458
2457	2461
2451	2464
2464	2465
2459	2486
2475	2484
2455	2454
2455	2468
2468	2471
2462	2477
2458	2494
2461	2531
2494	2497
2486	2487
2486	2490
2486	2495
2489	2483
2489	2490
2531	2518
2531	2532
2531	2608
2477	2481
2477	2482
2474	2473
2474	2478
2465	2467
2465	2469
2465	2470
2467	2466
2469	2496
2470	2534
2466	2473
2471	2491
2496	2487
2496	2534
2534	2636
2491	2511
2478	2619
2484	2483
2484	2499
2488	2485
2488	2503
2481	2521
2482	2502
2619	2618
2497	2501
2497	2506
2539	2536
2539	2538
2539	2582
2521	2515
2502	2520
2499	2508
2485	2492
2492	2516
2487	2495
2490	2495
2503	2522
2511	2510
2516	2524
2501	2528
2506	2529
2510	2509
2510	2526
2508	2513
2507	2512
2507	2514
2528	2544
2520	2517
2520	2523
2520	2527
2522	2519
2522	2538
2611	2613
2611	2617
2524	2525
2529	2518
2529	2541
2512	2513
2514	2523
2509	2525
2526	2548
2517	2515
2519	2573
2573	2548
2573	2633
2527	2584
2548	2530
2584	2585
2544	2555
2541	2542
2541	2623
2532	2530
2608	2625
2536	2591
2557	2569
2591	2593
2546	2556
2582	2639
2547	2549
2547	2550
2542	2543
2555	2558
2551	2558
2556	2566
2549	2571
2550	2572
2571	2568
2572	2561
2558	2562
2558	2577
2564	2563
2564	2565
2564	2580
2607	2615
2607	2626
2559	2560
2559	2561
2559	2578
2566	2576
2569	2568
2569	2570
2569	2579
2562	2565
2577	2592
2560	2603
2578	2631
2603	2602
2563	2567
2567	2575
2580	2588
2576	2574
2576	2575
2576	2581
2570	2574
2579	2583
2581	2583
2592	2588
2592	2629
2631	2632
2583	2586
2588	2590
2588	2614
2586	2589
2586	2606
2585	2587
2587	2594
2589	2590
2606	2610
2594	2593
2594	2596
2594	2604
2614	2620
2614	2624
2596	2637
2604	2638
2600	2598
2600	2599
2598	2597
2599	2601
2601	2602
2602	2605
2605	2609
2610	2634
2610	2635
2613	2627
2617	2628
2618	2630
2620	2622
