73	1
73	2521
73	2547
73	2903
73	2904
73	2905
73	2906
73	2907
73	2908
73	2909
73	2910
73	2911
73	2912
73	2913
73	2914
73	2915
73	2916
73	2917
1	236
1	237
1	239
1	241
1	242
1	244
1	247
1	250
1	257
1	258
1	262
1	830
1	2442
1	177
1	264
1	265
236	286
236	293
236	551
236	599
236	642
236	736
236	1390
236	1810
236	2381
236	2476
236	2538
236	2585
236	2690
236	2701
236	2751
236	3984
236	4212
237	177
237	1805
239	286
239	468
239	472
239	551
239	599
239	1405
239	1997
239	2001
239	2380
239	2386
239	2388
239	2476
239	2477
239	2521
239	2736
239	2751
239	3369
239	3371
239	3519
239	3598
239	3795
239	4031
241	2521
241	2547
241	2903
241	2904
241	2905
241	2906
241	2907
241	2908
241	2909
241	2911
241	2912
241	2913
241	2915
241	2916
242	185
244	185
244	286
244	468
244	472
244	551
244	599
244	1835
244	1997
244	2001
244	2380
244	2388
244	2476
244	2477
244	2730
244	2736
244	2751
244	3369
244	3371
244	3519
244	3598
244	3795
244	4031
250	2665
250	2908
250	3346
257	42
257	1294
257	551
257	642
257	648
257	806
257	830
257	853
257	964
257	967
257	1093
257	1096
257	1292
257	1293
257	1297
257	1303
257	1641
257	1785
257	2335
257	2481
257	2500
257	3349
257	3538
257	3801
257	3802
257	4000
258	860
258	1806
258	1813
258	1987
258	2391
258	2665
258	2671
258	2903
258	2908
262	527
262	853
830	12
830	1208
830	853
2442	184
2442	198
2442	638
2442	806
2442	853
2442	954
2442	1009
2442	1191
2442	1394
2442	1407
2442	1536
2442	1848
2442	2065
2442	2339
2442	2428
2442	63
2442	2443
2442	2477
2442	2511
2442	2514
2442	2521
2442	2536
2442	2665
2442	2671
2442	2681
2442	2735
2442	3506
2442	3593
2442	3804
2442	3997
2442	4183
295	3
295	307
3	177
3	306
3	307
3	308
315	4
315	189
315	218
315	549
315	627
315	656
315	736
315	771
315	1277
315	1431
315	1536
315	1794
315	1856
315	2055
315	2138
315	3104
315	3433
315	4054
4	317
4	320
4	322
4	325
4	326
4	327
4	331
4	332
4	333
4	334
4	335
4	336
4	337
4	338
4	339
4	340
4	341
4	342
4	343
317	470
317	2311
320	343
320	1002
320	2305
320	2309
320	2310
320	2313
320	2317
320	2318
320	2321
320	2391
320	3031
320	3273
320	3595
322	326
322	473
322	2313
322	2371
322	2467
326	329
327	343
327	2313
327	2315
327	2318
486	6
486	267
486	1096
486	2794
6	490
6	492
6	493
6	494
6	495
6	500
6	502
6	508
6	509
492	267
493	267
493	488
493	2050
493	2794
502	1553
502	3172
509	226
509	228
509	267
509	615
509	736
509	1275
509	1475
509	1479
509	1480
509	1866
509	2067
509	2116
509	3381
511	7
511	473
511	1066
511	1330
511	4212
7	513
7	521
7	522
7	524
7	526
7	527
7	529
7	530
7	532
7	538
7	540
7	542
7	543
7	1567
7	549
7	550
7	551
7	552
7	553
7	554
7	555
7	556
7	557
513	551
513	1060
513	1330
513	1997
513	2476
513	2482
513	2539
513	2561
513	2563
513	4205
521	433
521	551
521	2481
521	2547
521	3800
522	285
522	286
522	294
522	472
522	551
522	739
522	1060
522	2380
522	2536
522	3375
522	3891
522	4023
524	285
524	286
524	294
524	472
524	551
524	739
524	1060
524	2380
524	2536
524	3375
524	3891
524	4023
526	599
526	1479
527	37
527	551
527	648
527	806
527	843
527	983
527	1060
527	1197
527	1247
527	1281
527	1323
527	1577
527	1785
527	1798
527	2246
527	2335
527	2392
527	2547
527	3736
527	4135
529	812
529	2000
529	2470
529	3375
530	37
530	557
530	832
530	917
530	1576
530	1596
530	1793
530	1794
530	1795
530	1796
530	1797
530	1798
530	1799
530	1802
530	1804
530	1805
530	1806
530	1807
530	1808
530	1809
530	1810
530	1811
530	1814
530	1815
530	1816
530	1817
530	1818
530	1819
530	1820
530	1821
530	1822
530	1825
530	1827
530	1828
530	1829
530	1831
530	1834
530	1835
530	1836
530	2547
530	2801
532	2380
532	3384
538	177
538	264
538	952
538	974
538	2547
540	285
540	286
540	294
540	472
540	551
540	739
540	1060
540	2380
540	2536
540	3375
540	3891
540	4023
542	177
542	997
542	1330
542	1997
542	2476
542	2539
542	2561
542	2563
542	4205
543	3023
543	4033
543	4073
1567	37
1567	832
1567	1094
1567	1659
1567	3323
1567	1796
1567	1802
1567	1815
1567	1830
1567	2547
1567	2718
1567	3375
558	8
8	559
8	560
8	562
8	563
8	564
8	565
559	648
560	648
570	9
570	566
570	588
9	572
9	576
9	588
9	196
9	218
9	586
9	587
9	589
9	590
9	591
9	592
9	593
9	594
9	595
9	596
9	597
9	598
9	599
9	600
9	601
9	602
9	603
9	604
9	605
9	606
9	607
9	608
9	609
9	610
9	611
9	612
9	613
9	614
9	615
9	616
9	617
9	618
9	619
9	620
9	621
9	622
9	623
9	624
9	625
9	626
9	627
9	628
9	629
9	630
9	631
9	632
9	633
9	634
9	635
9	636
9	637
9	638
9	639
9	640
9	641
9	642
9	643
9	644
9	645
9	646
9	647
9	648
9	649
9	650
9	651
9	652
9	653
9	654
9	655
9	656
9	657
9	658
572	197
572	218
572	566
572	803
572	1317
572	588
572	648
572	773
572	2443
576	566
576	588
588	566
588	803
588	1317
252	10
252	679
252	2546
252	4159
10	659
10	660
10	661
10	662
10	663
10	664
10	665
10	666
10	667
10	668
10	669
10	670
10	673
10	674
10	675
10	677
10	401
10	470
10	551
10	678
10	679
10	680
10	681
10	682
10	683
10	684
10	685
10	686
10	687
10	688
10	689
10	690
10	691
10	692
10	693
10	694
10	695
10	696
10	697
10	698
10	699
10	700
10	701
10	702
10	703
10	704
10	705
10	706
10	707
10	708
10	709
10	710
10	711
10	712
10	713
10	714
10	715
10	716
10	717
10	718
10	719
10	720
10	721
10	722
10	723
10	724
10	725
10	726
10	727
10	728
10	729
10	730
10	731
10	732
10	733
10	734
10	735
10	736
10	737
10	738
10	739
10	740
10	741
10	742
10	743
10	744
10	745
10	746
10	747
10	748
10	749
10	750
10	751
10	752
10	753
10	754
10	755
10	756
10	757
10	758
10	759
10	760
10	761
10	762
10	763
10	764
10	765
10	766
10	767
10	768
10	769
10	770
10	771
10	772
10	773
10	774
10	775
10	776
10	777
10	778
10	779
10	780
10	781
10	782
10	783
10	784
10	785
10	786
659	666
660	470
660	472
660	745
660	750
660	768
660	1843
660	2736
661	602
661	727
661	783
661	1281
661	1325
661	1486
661	1580
661	1856
661	1872
661	2394
661	3467
662	1580
662	1872
662	2754
663	666
663	672
663	689
663	758
663	759
663	1571
663	4000
664	194
664	228
665	197
665	470
665	745
665	773
665	1282
665	1402
665	1508
665	2181
665	2186
665	2193
665	2195
665	2204
665	2215
666	470
666	681
666	684
666	701
666	705
666	748
666	750
666	751
666	859
666	1080
666	1882
666	2754
667	470
667	713
667	750
667	751
667	1253
667	1275
667	1828
667	3133
667	3135
667	4159
668	332
668	713
669	748
669	751
669	763
669	3571
673	599
673	644
673	739
673	748
673	753
673	785
673	859
673	1580
673	1859
673	1867
673	1872
673	1882
673	2802
673	3752
674	197
674	648
674	681
674	763
674	765
674	3696
674	3752
674	3757
674	3760
674	4159
675	599
675	739
675	748
675	753
675	785
675	859
675	1580
675	1859
675	1867
675	1872
675	1882
675	2802
675	3752
677	599
677	644
677	739
677	748
677	753
677	785
677	859
677	1580
677	1859
677	1867
677	1872
677	1882
677	2802
677	3752
787	11
787	580
787	804
787	1303
11	790
11	799
11	800
11	801
11	802
11	803
11	804
11	805
11	806
11	807
11	808
11	809
11	810
11	811
790	1303
799	974
799	2371
799	4000
812	12
812	29
812	1212
812	1216
812	832
812	1233
812	2380
812	2474
812	2751
812	3369
812	3997
12	813
12	819
12	825
12	827
12	551
12	831
12	832
813	832
813	1794
819	551
819	832
819	963
819	1794
819	1796
819	1817
819	3553
827	29
827	185
827	472
827	551
827	648
827	742
827	805
827	832
827	955
827	990
827	1060
827	1233
827	1235
827	1409
827	1499
827	1544
827	1843
827	2343
827	2536
827	2726
827	2730
827	3804
827	3913
827	3916
827	3917
827	3929
827	3984
827	3997
827	4016
827	4171
827	4212
864	14
864	627
14	865
14	866
14	1993
14	867
865	52
865	232
865	233
865	238
865	255
865	867
865	2446
865	2500
865	3346
865	866
865	1998
865	2665
866	867
866	2665
866	3346
1993	52
1993	1992
868	15
868	869
15	177
15	869
15	870
15	871
15	872
877	16
877	881
877	1190
877	1191
877	1269
877	2350
877	3049
16	886
16	889
16	890
16	891
16	892
16	893
16	894
16	895
16	896
886	638
1015	19
19	1024
19	1025
19	2446
19	177
19	1033
19	1034
19	1035
19	1036
1024	468
1024	473
1024	551
1024	638
1024	648
1024	765
1024	999
1024	1248
1024	1251
1024	1486
1024	1491
1024	1580
1024	1831
1024	2371
1024	2380
1024	2402
1024	2468
1024	2476
1024	2736
1024	3751
1024	3795
1024	3815
1024	3984
2446	468
2446	472
2446	639
2446	872
2446	957
2446	993
2446	1058
2446	1059
2446	1063
2446	1123
2446	1248
2446	1269
2446	1275
2446	1407
2446	1505
2446	1762
2446	1843
2446	1870
2446	1979
2446	2233
2446	2241
2446	2375
2446	63
2446	2447
2446	2453
2446	2535
2446	2684
2446	2708
2446	2709
2446	2720
2446	2724
2446	2736
2446	2750
2446	2786
2446	2858
2446	2860
2446	3090
2446	3167
2446	3355
2446	3515
2446	3891
2446	3907
2446	4021
2446	4099
2446	4135
2446	4212
2446	4231
1037	20
20	1038
20	1040
20	188
20	942
20	976
20	984
20	1041
20	1042
20	1043
20	1044
20	1045
20	1046
20	1047
20	1048
20	1049
20	1050
20	1051
20	1052
20	1053
20	1054
20	1055
20	1056
20	1057
20	1058
20	1059
20	1060
1040	203
1040	742
1040	1039
1040	1045
1040	3078
1040	3746
1040	3928
1040	3964
1040	4163
1079	21
1079	1061
21	1061
21	1062
21	1063
21	1064
21	1065
21	1066
21	1067
21	1068
21	1069
21	1070
21	1071
21	1072
21	1073
21	1074
21	1075
21	1076
21	1077
21	1078
1103	24
1103	1105
24	1108
24	1106
24	1109
24	1110
24	1111
24	1112
24	1113
24	1114
24	1115
24	1116
24	1117
24	1118
24	1119
24	1120
24	1121
24	1122
24	1123
24	1124
24	1125
24	1126
24	1127
24	1128
24	1129
24	1130
1108	1113
1108	1824
1131	25
25	1132
25	1133
25	1134
25	1135
25	1136
25	1137
25	1138
1139	26
1139	1185
26	1140
26	1145
26	1148
26	1150
26	1151
26	1152
26	1153
26	1155
26	1158
26	1159
26	1162
26	1163
26	1184
26	551
26	1142
26	1143
26	1144
26	1146
26	1154
26	1156
26	1164
26	1165
26	1166
26	1167
26	1168
26	1169
26	1170
26	1171
26	1172
26	1173
26	1174
26	1175
26	1176
26	1177
26	1178
26	1179
26	1180
26	1181
26	1182
26	1183
26	1185
26	1186
26	1187
26	1188
26	1189
26	1190
26	1191
26	1192
26	1193
26	1194
26	1195
26	1196
26	1197
26	1198
1140	1156
1140	1185
1145	3610
1148	1185
1151	860
1151	1043
1151	3868
1153	1058
1153	1184
1153	1409
1153	3604
1153	3861
1155	1190
1155	1359
1158	1142
1158	3683
1159	3751
1162	1185
1163	218
1163	1190
1184	33
1199	27
27	1200
27	1201
27	551
27	1202
27	1203
27	1204
27	1205
27	1206
27	1207
1200	3984
1201	2533
1201	3324
1201	3337
1201	3962
1201	3963
1201	3982
1201	4021
1208	28
1208	3596
28	1209
28	1210
28	177
28	1007
28	1211
1210	931
1210	1211
169	29
169	177
169	612
169	1309
169	2335
169	2428
169	2525
169	2671
169	2683
169	2690
29	822
29	826
29	1212
29	1215
29	1216
29	1217
29	1218
29	1222
29	1223
29	1224
29	1225
29	1226
29	1227
29	1228
29	1229
29	1230
29	1237
29	551
29	1232
29	1233
29	1234
29	1235
29	1236
29	1238
822	1226
822	1233
826	832
1212	599
1212	1475
1212	2000
1212	2481
1212	2547
1212	2718
1212	2906
1212	3375
1212	3524
1215	177
1215	872
1215	2470
1218	228
1218	1326
1222	401
1222	732
1222	834
1222	2058
1223	387
1223	856
1223	858
1223	918
1223	1491
1223	2168
1223	2233
1223	4054
1223	4055
1223	4057
1224	551
1224	2335
1224	3355
1225	551
1225	2335
1225	3355
1227	832
1227	1803
1227	1813
1227	1817
1227	2470
1227	2907
1227	3524
1228	967
1228	2148
1228	3552
1230	2724
1444	34
1444	2481
34	1445
34	177
1445	1390
1445	2481
1445	2729
1557	36
1557	194
1557	449
1557	2344
1557	3281
36	1558
36	1559
36	564
36	1560
36	1561
36	1562
36	1563
36	1564
1558	194
1558	449
1558	2344
1558	3281
1559	194
1559	449
1559	2344
1559	3281
518	37
518	177
518	228
518	872
518	1096
518	3538
1597	41
41	1598
41	1599
41	1601
41	1602
41	1603
41	1604
41	1605
41	1606
41	1608
41	1609
41	1610
41	1611
41	1612
41	1613
41	1615
41	1616
41	1617
1601	936
1601	1795
1601	2983
1605	1795
1606	1795
1610	599
1610	1248
1610	1275
1610	1837
1610	2761
1610	2769
1610	3381
1613	1795
1616	1795
1617	599
1617	1248
1617	1275
1617	1837
1617	2761
1617	2769
1617	2803
1617	3381
42	1619
42	1620
42	1621
42	1622
42	1623
42	1625
42	1626
42	1627
42	1628
42	1630
42	1633
42	1634
42	1636
42	1640
42	807
42	1637
42	1638
42	1639
42	1641
42	1642
1619	567
1619	569
1619	575
1619	1639
1619	3723
1621	230
1621	567
1621	575
1621	1304
1621	1491
1621	1639
1621	1641
1621	1792
1621	3729
1625	397
1625	613
1625	739
1625	807
1625	1248
1625	1275
1625	1844
1625	3729
1626	567
1626	575
1626	1304
1626	1639
1626	1641
1626	3729
1627	1639
1628	2525
1630	613
1630	1641
1634	567
1634	575
1634	613
1634	1639
1634	1641
1634	3729
1636	1290
1636	1639
1640	1290
1643	43
43	1645
43	1647
43	1648
43	1649
43	1650
43	1652
43	1653
43	1654
43	1660
43	1661
1645	2978
1647	1233
1647	2548
1647	2735
1648	2381
1648	2388
1648	2456
1648	4202
1649	1653
1654	1233
1703	45
45	1705
45	1707
45	1711
45	1713
45	1715
45	1724
45	1729
45	1730
1705	599
1705	736
1705	737
1705	738
1705	1248
1705	1275
1705	1462
1705	1692
1705	1866
1705	1877
1705	2065
1705	2233
1705	2701
1705	2769
1705	2796
1705	2907
1705	3192
1705	3898
1707	1540
1713	1709
1715	765
1715	3760
1724	226
1724	1728
1732	46
46	1733
46	1735
46	1736
46	1737
46	1738
46	1739
46	1741
46	1742
46	1744
46	1745
46	1747
46	1749
46	1750
46	1751
46	1752
46	1753
46	1754
46	1755
46	1757
46	1758
1733	87
1733	3267
1733	3268
1735	843
1735	3268
1737	551
1737	644
1737	648
1737	805
1737	806
1737	843
1737	846
1737	847
1737	848
1737	860
1737	1197
1737	1251
1737	1253
1737	1275
1737	1279
1737	1281
1737	1325
1737	1376
1737	1462
1737	1555
1737	1837
1737	1877
1737	2150
1737	2232
1737	2233
1737	2246
1737	2351
1737	2768
1737	2769
1737	2791
1737	3263
1737	3268
1737	3734
1737	3752
1737	3836
1737	4136
1741	847
1741	3267
1741	3268
1742	846
1744	177
1744	194
1744	340
1744	805
1744	843
1744	872
1744	1211
1744	1260
1744	1785
1744	1862
1744	2570
1744	2979
1744	3267
1744	3274
1744	4135
1744	4136
1745	1326
1745	1394
1745	1749
1745	2246
1745	2349
1745	2496
1747	1326
1747	1394
1747	2349
1747	2496
1749	1394
1749	1983
1749	2349
1749	2481
1749	2496
1750	843
1750	1269
1750	1375
1750	1378
1750	2485
1750	3804
1752	465
1752	860
1752	3263
1752	3264
1752	3269
1752	3291
1752	3984
1755	465
1759	47
1759	177
1759	648
1759	806
1759	872
1759	935
1759	951
1759	957
1759	993
1759	1005
1759	1281
1759	1530
1759	1760
1759	1763
1759	1764
1759	1773
1759	1774
1759	1785
1759	1862
1759	2241
1759	2504
1759	3552
1759	4135
1759	4136
1759	4137
47	551
47	648
47	806
47	1211
47	1760
47	1761
47	1762
47	1763
47	1764
47	1765
47	1766
47	1767
47	1768
47	1769
47	1770
47	1771
47	1772
47	1773
47	1774
47	1775
47	1776
47	1777
47	1778
47	1779
47	1780
47	1781
47	1782
47	1783
47	1784
47	1785
1960	49
1960	901
49	551
49	1594
49	1961
49	1962
49	1963
49	1964
49	1965
49	1966
49	1967
49	1968
49	1969
49	1970
49	1971
49	1972
49	1973
49	1974
49	1975
49	1976
49	1977
49	1978
49	1979
49	1980
49	1981
49	1982
1983	50
1983	194
1983	955
1983	989
1983	1010
1983	1054
1983	1063
1983	1593
1983	1594
1983	1659
1983	2343
1983	2344
1983	2496
1983	2497
1983	3597
1983	3735
1983	3742
1983	4097
50	1984
50	551
50	1986
50	1987
50	1988
50	1989
1984	551
1984	853
1984	1870
1984	2548
1984	2817
1984	4173
1990	51
1990	177
1990	952
1990	1058
1990	1197
1990	2333
1990	2350
1990	3519
1990	3593
1990	3597
1990	3860
1990	4135
1990	4183
1991	52
1991	472
1991	551
1991	601
1991	971
1991	990
1991	1502
1991	1843
1991	1997
1991	2463
1991	2636
1991	2670
1991	2676
1991	2909
1991	4212
52	1992
52	1080
52	1995
52	1996
52	1997
52	1998
2493	65
2493	264
2493	420
2493	551
2493	950
2493	1047
2493	1325
2493	2154
2493	2512
2493	3553
65	87
65	177
65	228
65	736
65	931
65	952
65	959
65	964
65	969
65	985
65	997
65	1047
65	1096
65	1328
65	2447
65	2470
65	2494
65	2495
65	2496
65	2497
65	2498
65	2499
65	2500
65	2501
65	2502
65	2503
65	2504
65	2505
65	2506
65	2507
65	2508
65	2509
65	2510
65	2511
65	2512
65	2513
65	2514
65	2515
65	2516
65	2517
65	2518
65	2519
65	2520
65	2521
65	2522
65	2523
65	2524
65	2525
65	2526
65	2527
65	2528
65	2529
65	2530
65	2531
65	2532
65	2533
65	2534
65	2535
65	2536
65	2537
65	2538
65	2539
65	2540
65	2541
65	2542
65	2543
65	2544
65	2545
65	2546
65	2547
65	2548
65	2549
65	2550
65	2551
65	2552
65	2553
65	2554
65	2555
65	2556
65	2557
65	2558
65	2559
2560	66
2560	3543
66	286
66	1060
66	2561
66	2562
66	2563
66	2564
66	2565
66	2566
66	2567
2807	71
71	2809
71	2811
71	2812
71	2813
71	2814
71	177
71	2815
71	2816
71	2817
2809	551
2809	4073
2811	2477
2814	3578
2990	76
76	2991
76	2992
76	2993
76	2994
76	2995
76	2996
76	2997
76	2998
76	2999
76	3000
76	3001
76	3002
76	3003
76	3004
76	3005
76	3006
76	3007
76	3008
76	3009
76	3010
76	3011
76	3012
76	3013
76	3014
76	3015
76	3016
76	3017
76	3018
76	3019
76	3020
76	3021
76	3022
76	3023
76	3024
76	3025
76	3026
76	3027
76	3028
76	3029
76	3030
2997	3027
2999	974
3001	472
3001	551
3001	976
3001	984
3001	1248
3001	2476
3001	3966
3035	78
3035	188
3035	195
3035	203
3035	226
3035	401
3035	648
3035	768
3035	770
3035	805
3035	806
3035	976
3035	1046
3035	1190
3035	1281
3035	1412
3035	1486
3035	1785
3035	1824
3035	1828
3035	1831
3035	2036
3035	2057
3035	3695
3035	4177
3035	4189
78	3810
78	1060
78	1412
78	2443
78	3036
78	3037
78	3038
78	3039
78	3040
78	3041
78	3042
78	3043
78	3044
78	3045
78	3046
78	3047
78	3048
78	3049
78	3050
78	3051
78	3052
78	3053
78	3054
78	3055
78	3056
78	3057
78	3058
78	3059
78	3060
78	3061
78	3062
78	3063
78	3064
78	3065
78	3066
78	3067
78	3068
78	3069
78	3070
78	3071
78	3072
78	3073
78	3074
78	3075
78	3076
78	3077
78	3078
78	3079
78	3080
78	3081
78	3082
78	3083
78	3084
78	3085
78	3086
78	3087
78	3088
78	3089
78	3090
78	3091
78	3092
78	3093
78	3094
78	3095
78	3096
78	3097
78	3098
78	3099
78	3100
78	3101
78	3102
78	3103
78	3104
78	3105
3810	742
3810	101
510	79
79	512
79	515
79	517
79	523
79	528
79	533
79	536
79	537
79	539
79	550
79	3106
79	3107
79	551
79	552
79	553
79	555
79	556
79	557
79	3108
512	1231
512	764
512	1804
512	1820
3106	552
3176	82
3176	2690
82	3177
82	3178
3177	470
3177	471
3177	472
3177	473
3177	551
3177	990
3177	4024
3178	2690
3178	4215
3245	85
3245	1072
3245	1801
3245	3256
3245	3259
3245	3383
85	3246
85	3250
85	3251
85	936
85	2563
85	3252
85	3253
85	3254
85	3255
85	3256
85	3257
85	3258
85	3259
3250	3258
3250	3259
3251	1801
3251	3445
3251	3258
3251	3259
3251	3559
87	1985
87	3296
87	3297
87	3298
87	3299
87	3300
87	3301
87	3303
87	3304
87	3305
87	3307
87	3308
87	3309
87	3311
87	3312
87	3313
87	3314
87	3315
87	3316
87	3317
87	3318
87	3319
87	3320
87	3321
87	3323
1985	177
1985	336
1985	2333
1985	3181
3296	773
3296	3269
3297	336
3299	472
3299	551
3299	599
3299	601
3299	736
3299	952
3299	964
3299	976
3299	1047
3299	1060
3299	1096
3299	1501
3299	1505
3299	2234
3299	2317
3299	2371
3299	2447
3299	2476
3299	2494
3299	2510
3299	2511
3299	2514
3299	2515
3299	2516
3299	2517
3299	2518
3299	2521
3299	2523
3299	2524
3299	2525
3299	2526
3299	2529
3299	2533
3299	2539
3299	2540
3299	2544
3299	2545
3299	2546
3299	2553
3299	2556
3299	2709
3299	2726
3299	2730
3299	2908
3299	3263
3299	4045
3300	639
3300	855
3300	856
3300	858
3300	968
3300	1496
3301	606
3303	472
3303	551
3303	1843
3303	3532
3303	3997
3304	177
3304	968
3304	1197
3304	1211
3304	2241
3304	2507
3304	3269
3304	3270
3304	3843
3305	177
3305	968
3305	2241
3305	2366
3305	2507
3305	3269
3305	3270
3307	952
3307	969
3307	1080
3307	2470
3307	2502
3307	2503
3307	2507
3307	2509
3307	2511
3307	2513
3307	2514
3307	2516
3307	2526
3307	2530
3307	2532
3307	2533
3307	2543
3307	2547
3307	2548
3307	2555
3307	2556
3307	2557
3307	2558
3309	177
3309	336
3309	1467
3309	3032
3309	3543
3312	177
3312	968
3312	1197
3312	1211
3312	2241
3312	2507
3312	3269
3312	3270
3312	3843
3315	177
3315	465
3315	968
3315	1207
3315	2241
3315	2507
3315	3269
3315	3270
3316	177
3316	194
3316	465
3316	968
3316	997
3316	1053
3316	1190
3316	1211
3316	2241
3316	2507
3316	2982
3316	3267
3316	3269
3316	3270
3316	3273
3316	3275
3316	3276
3316	3277
3316	3279
3316	3284
3316	3287
3316	3337
3316	3843
3318	3032
3319	551
3319	958
3319	1066
3319	2233
3319	3032
3319	3519
3319	3533
3319	3543
3320	3032
3320	3543
3321	336
3321	2729
3323	185
3323	472
3323	958
3323	959
3323	1063
3323	1090
3323	1136
3323	1321
3323	1325
3323	1328
3323	1381
3323	2335
3323	2394
3323	2410
3323	2449
3323	2481
3323	2540
3323	2548
3323	2683
3323	2688
3323	2705
3323	3519
3323	3997
3323	4000
3323	4128
3344	89
89	286
89	1060
89	2561
89	2562
89	2563
89	2566
89	2567
89	3345
3819	102
102	2852
102	3820
102	3821
102	3822
102	3823
102	3824
102	3825
102	3826
102	3827
102	3828
102	3829
102	3830
102	3831
102	3832
102	3833
102	3834
102	3835
102	3836
102	3837
102	3838
102	3839
102	3840
4132	110
110	4133
110	4134
110	551
110	983
110	1197
110	1862
110	2762
110	3856
110	3860
110	4135
110	4136
110	4137
110	4138
110	4139
4133	806
4133	965
4133	2476
4133	4099
4134	1862
4147	112
4147	470
4147	551
4147	1197
4147	2467
4147	4158
112	4148
112	4149
112	4150
112	4152
112	4153
112	4154
112	4155
112	551
112	931
112	4156
112	4157
112	4158
112	4159
112	4160
112	4161
112	4162
4148	472
4148	551
4148	1594
4148	2380
4148	2422
4148	2439
4148	3141
4148	4150
4149	185
4149	472
4149	473
4149	552
4149	2481
4149	3146
4149	3375
4149	4158
4150	2438
4150	2439
4150	3141
4150	4152
4150	4154
4152	551
4152	841
4152	2439
4152	3141
4152	898
4153	177
4153	197
4153	856
4153	858
4153	999
4153	1091
4153	1211
4153	1390
4153	2394
4153	2481
4153	4000
4153	4017
4153	4183
4154	551
4154	1594
4154	2439
4154	3141
3302	116
3302	267
3302	551
3302	855
3302	856
3302	858
3302	1389
3302	2313
3302	2317
3302	2321
3302	2430
3302	2797
3302	3450
3302	3496
3302	3595
3302	3802
116	4247
116	4251
116	177
4247	272
4247	372
4247	2790
4247	2958
4247	2959
4247	2960
4247	2961
4247	2962
4247	2963
4247	2965
4247	2967
4247	2968
4247	4246
4251	272
4251	372
4251	981
4251	2790
4251	2957
4251	2958
4251	2959
4251	2960
4251	2961
4251	2962
4251	2963
4251	2965
4251	2967
4251	2968
4251	4246
4252	172
4252	173
4252	174
4252	175
4252	176
4252	177
4252	178
4252	179
4252	180
4252	181
4252	182
4252	183
4252	184
4252	185
4252	186
4252	187
4252	188
4252	189
4252	190
0	177
0	194
0	195
0	196
0	197
0	198
0	199
0	200
0	201
0	202
0	203
0	204
0	205
0	206
0	207
0	208
0	209
0	210
0	211
0	212
0	213
0	214
0	215
0	216
0	217
0	218
0	219
0	220
0	221
0	222
0	223
0	224
0	225
0	226
0	227
0	228
0	229
0	230
177	5
177	18
177	23
177	30
177	32
177	33
177	56
177	59
177	60
177	62
177	64
177	67
177	68
177	75
177	86
177	107
177	117
177	119
177	120
177	121
177	123
177	130
177	133
177	134
177	135
177	137
177	145
177	147
177	149
177	157
177	159
177	245
177	254
177	256
177	496
177	503
177	853
177	898
177	932
177	1069
177	1214
177	1219
177	1382
177	1568
177	1635
177	1696
177	2154
177	2392
177	2410
177	2455
177	2515
177	2914
177	3405
5	223
5	344
5	345
5	346
5	347
5	348
5	349
5	350
5	351
5	352
5	353
5	354
5	355
5	356
5	357
5	358
5	359
5	360
5	361
5	362
5	363
5	364
5	365
5	366
5	367
5	368
5	369
5	370
5	371
5	372
5	373
5	374
5	375
5	376
5	377
5	378
5	379
5	380
5	381
5	382
5	383
5	384
5	385
5	386
5	387
5	388
5	389
5	390
5	391
5	392
5	393
5	394
5	395
5	396
5	397
5	398
5	399
5	400
5	401
5	402
5	403
5	404
5	405
5	406
5	407
5	408
5	409
5	410
5	411
5	412
5	413
5	414
5	415
5	416
5	417
5	418
5	419
5	420
5	421
5	422
5	423
5	424
5	425
5	426
5	427
5	428
5	429
5	430
5	431
5	432
5	433
5	434
5	435
5	436
5	437
5	438
5	439
5	440
5	441
5	442
5	443
5	444
5	445
5	446
5	447
5	448
5	449
5	450
5	451
5	452
5	453
5	454
5	455
5	456
5	457
5	458
5	459
5	460
5	461
5	462
5	463
5	464
5	465
5	466
5	467
5	468
5	469
5	470
5	471
5	472
5	473
5	474
5	475
5	476
5	477
5	478
5	479
5	480
5	481
5	482
5	483
5	484
5	485
18	198
18	226
18	468
18	639
18	742
18	856
18	872
18	928
18	929
18	930
18	931
18	932
18	933
18	934
18	935
18	936
18	937
18	938
18	939
18	940
18	941
18	942
18	943
18	944
18	945
18	946
18	947
18	948
18	949
18	950
18	951
18	952
18	953
18	954
18	955
18	956
18	957
18	958
18	959
18	960
18	961
18	962
18	963
18	964
18	965
18	966
18	967
18	969
18	970
18	971
18	972
18	973
18	974
18	975
18	976
18	977
18	978
18	979
18	980
18	982
18	983
18	984
18	985
18	986
18	987
18	988
18	989
18	990
18	991
18	992
18	993
18	994
18	995
18	996
18	997
18	998
18	999
18	1000
18	1001
18	1002
18	1003
18	1004
18	1005
18	1006
18	1007
18	1008
18	1009
18	1010
23	1086
23	1087
23	1088
23	1089
23	1090
23	1091
23	1092
23	1093
23	1094
23	1095
23	1096
23	1097
23	1098
23	1099
23	1100
23	1101
23	1102
30	1239
32	612
32	613
32	646
32	811
32	974
32	1047
32	1286
32	1287
32	1288
32	1289
32	1290
32	1291
32	1292
32	1293
32	1294
32	1295
32	1296
32	1297
32	1298
32	1299
32	1300
32	1301
32	1302
32	1303
32	1304
32	1305
32	1306
32	1307
32	1308
32	1309
32	1310
32	1311
32	1312
32	1313
32	1314
32	1315
32	1316
32	1317
32	1318
32	1319
32	1320
32	1321
32	1322
32	1323
32	1324
32	1325
32	1326
32	1327
32	1328
32	1329
32	1330
33	226
33	472
33	739
33	972
33	984
33	1057
33	1058
33	1059
33	1331
33	1332
33	1333
33	1334
33	1335
33	1336
33	1337
33	1338
33	1339
33	1340
33	1341
33	1342
33	1343
33	1344
33	1345
33	1346
33	1347
33	1348
33	1349
33	1350
33	1351
33	1352
33	1353
33	1354
33	1355
33	1356
33	1357
33	1358
33	1359
33	1360
33	1361
33	1362
33	1363
33	1364
33	1365
33	1366
33	1367
33	1368
33	1369
33	1370
33	1371
33	1372
33	1373
33	1374
33	1375
33	1376
33	1377
33	1378
33	1379
33	1380
33	1381
33	1382
33	1383
33	1384
33	1385
33	1386
33	1387
33	1388
33	1389
33	1390
33	1391
33	1392
33	1393
33	1394
33	1395
33	1396
33	1397
33	1398
33	1399
33	1400
33	1401
33	1402
33	1403
33	1404
33	1405
33	1406
33	1407
33	1408
33	1409
33	1410
33	1411
33	1412
33	1413
33	1414
33	1415
33	1416
33	1417
33	1418
33	1419
33	1420
33	1421
33	1422
33	1423
33	1424
33	1425
33	1426
33	1427
33	1428
33	1429
33	1430
33	1431
33	1432
33	1433
33	1434
33	1435
33	1436
33	1437
33	1438
33	1439
33	1440
33	1441
33	1442
33	1443
56	2150
56	2151
56	2152
56	2153
56	2154
59	855
59	1005
59	1050
59	1382
59	1673
59	1699
59	1771
59	2222
59	2223
59	2224
59	2225
59	2226
59	2227
59	2228
59	2229
59	2230
59	2231
59	2232
59	2233
59	2234
59	2235
59	2236
59	2237
59	2238
59	2239
59	2240
59	2241
59	2242
59	2243
59	2244
59	2245
59	2246
59	2247
59	2248
59	2249
59	2250
59	2251
59	2252
59	2253
59	2254
59	2255
59	2256
59	2257
59	2258
59	2259
59	2260
59	2261
59	2262
59	2263
59	2264
59	2265
59	2266
59	2267
59	2268
59	2269
59	2270
59	2271
59	2272
59	2273
59	2274
59	2275
59	2276
59	2277
59	2278
59	2279
59	2280
59	2281
59	2282
59	2283
59	2284
59	2285
59	2286
59	2287
59	2288
59	2289
59	2290
59	2291
59	2292
59	2293
59	2294
59	2295
59	2296
59	2297
59	2298
59	2299
59	2300
59	2301
59	2302
59	2303
59	2304
60	194
60	196
60	228
60	336
60	343
60	470
60	642
60	746
60	748
60	1313
60	2305
60	2306
60	2307
60	2308
60	2309
60	2310
60	2311
60	2312
60	2313
60	2314
60	2315
60	2316
60	2317
60	2318
60	2319
60	2320
60	2321
60	2322
60	2323
60	2324
60	2325
60	2326
60	2327
60	2328
60	2330
60	2331
60	2332
60	2333
60	2334
60	2335
60	2336
60	2337
60	2338
60	2339
60	2340
60	2341
60	2342
60	2343
60	2344
62	985
62	1007
62	1063
62	1080
62	1091
62	2380
62	2381
62	2382
62	2383
62	2384
62	2385
62	2386
62	2387
62	2388
62	2389
62	2390
62	2391
62	2392
62	2393
62	2394
62	2395
62	2396
62	2397
62	2398
62	2399
62	2400
62	2401
62	2402
62	2403
62	2404
62	2405
62	2406
62	2407
62	2408
62	2409
62	2410
62	2411
62	2412
62	2413
62	2414
62	2415
62	2416
64	824
64	858
64	971
64	1197
64	2380
64	2473
64	2474
64	2475
64	2476
64	2477
64	2478
64	2479
64	2480
64	2481
64	2482
64	2483
64	2484
64	2485
64	2486
64	2487
64	2488
64	2489
64	2490
64	2491
64	2492
67	2568
67	2569
67	2570
67	2571
67	2572
67	2573
68	960
68	968
68	1060
68	1324
68	1505
68	2428
68	2469
68	2574
68	2575
68	2576
68	2577
68	2578
68	2579
68	2580
68	2581
68	2582
68	2583
68	2584
68	2585
68	2586
68	2587
68	2588
68	2589
68	2590
68	2591
68	2592
68	2593
68	2594
68	2595
68	2596
68	2597
68	2598
68	2599
68	2600
68	2601
68	2602
68	2603
68	2604
68	2605
68	2606
68	2607
68	2608
68	2609
68	2610
68	2611
68	2612
68	2613
68	2614
68	2615
68	2616
68	2617
68	2618
68	2619
68	2620
68	2621
68	2622
68	2623
68	2624
68	2625
68	2626
68	2627
68	2628
68	2629
68	2630
68	2631
68	2632
68	2633
68	2634
68	2635
68	2636
68	2637
68	2638
68	2639
68	2640
68	2641
68	2642
68	2643
68	2644
68	2645
68	2646
68	2647
68	2648
68	2649
68	2650
68	2651
68	2652
68	2653
68	2654
68	2655
68	2656
68	2657
68	2658
68	2659
68	2660
68	2661
68	2662
68	2663
68	2664
68	2665
68	2666
68	2667
68	2668
68	2669
68	2670
68	2671
68	2672
68	2673
68	2674
68	2675
68	2676
68	2677
68	2678
68	2679
68	2680
68	2681
68	2682
68	2683
68	2684
68	2685
68	2686
68	2687
68	2688
68	2689
68	2690
68	2691
68	2692
68	2693
68	2694
68	2695
68	2696
68	2697
68	2698
68	2699
68	2700
68	2701
68	2702
68	2703
68	2704
68	2705
68	2706
68	2707
68	2708
68	2709
68	2710
68	2711
68	2712
68	2713
68	2714
68	2715
68	2716
68	2717
68	2718
68	2719
68	2720
68	2721
68	2722
68	2723
68	2724
68	2725
68	2726
68	2727
68	2728
68	2729
68	2730
68	2731
68	2732
68	2733
68	2734
68	2735
68	2736
68	2737
68	2738
68	2739
68	2740
75	225
75	230
75	871
75	939
75	957
75	1866
75	2558
75	2748
75	2920
75	2921
75	2922
75	2923
75	2924
75	2925
75	2926
75	2927
75	2928
75	2929
75	2930
75	2931
75	2932
75	2933
75	2934
75	2935
75	2936
75	2937
75	2938
75	2939
75	2940
75	2941
75	2942
75	2943
75	2944
75	2945
75	2946
75	2947
75	2948
75	2949
75	2950
75	2951
75	2952
75	2953
75	2954
75	2955
75	2956
75	2957
75	2958
75	2959
75	2960
75	2961
75	2962
75	2963
75	2964
75	2965
75	2966
75	2967
75	2968
75	2969
75	2970
75	2971
75	2972
75	2973
75	2974
75	2975
75	2976
75	2977
75	2978
75	2979
75	2980
75	2981
75	2982
75	2983
75	2984
75	2985
75	2986
75	2987
75	2988
75	2989
86	465
86	997
86	1211
86	2507
86	2982
86	3260
86	3261
86	3262
86	3263
86	3264
86	3265
86	3266
86	3267
86	3268
86	3269
86	3270
86	3271
86	3272
86	3273
86	3274
86	3275
86	3276
86	3277
86	3278
86	3279
86	3280
86	3281
86	3282
86	3283
86	3284
86	3285
86	3286
86	3287
86	3288
86	3289
86	3290
86	3291
86	3292
86	3293
86	3294
86	3295
107	952
107	1086
107	1570
107	1969
107	2154
107	2392
107	2551
107	4080
107	4081
107	4082
107	4083
107	4084
107	4085
107	4086
107	4087
107	4088
107	4089
107	4090
107	4091
107	4092
107	4093
107	4094
107	4095
107	4096
107	4097
107	4098
107	4099
107	4100
107	4101
107	4102
107	4103
117	969
117	974
117	997
117	1033
117	1034
117	2718
117	2982
119	951
119	993
119	1081
119	1198
119	1260
119	1351
119	1409
119	1560
119	1678
119	1700
119	1762
119	1763
119	1766
119	1769
119	1773
119	1866
119	2241
119	2470
119	2573
119	3860
119	4135
121	1790
123	931
123	4000
130	225
130	228
130	229
130	230
130	936
130	1004
130	1260
130	2977
130	2980
130	3009
130	3898
133	227
133	951
133	957
133	969
133	974
133	993
133	1211
133	1260
133	1689
133	1871
133	2447
133	2982
133	2983
133	2984
133	2986
133	4019
133	4236
134	223
134	225
134	227
134	228
134	229
134	230
134	936
134	1260
134	1844
134	1942
134	2860
134	3009
134	3898
135	2982
137	470
137	860
137	957
137	974
137	993
137	1003
137	1004
137	1260
137	1692
137	2762
137	2791
137	2931
137	2947
137	2982
145	228
145	551
145	639
145	739
145	855
145	858
145	1063
145	1211
145	1325
145	1382
145	1467
145	1496
145	1580
145	1790
145	1859
145	1872
145	2392
145	2683
145	2735
145	3458
145	3593
147	737
147	944
147	2380
147	2730
147	2917
149	842
149	984
157	2440
157	2449
157	2512
245	189
245	646
245	770
245	806
245	1211
245	3935
254	2333
254	2429
254	2512
254	2728
496	872
496	1002
496	1063
496	1133
496	1136
496	1211
496	1325
496	1382
496	1762
496	2372
496	2468
496	2512
496	3271
496	3282
496	4183
503	185
503	642
503	1505
503	2333
503	2563
853	13
853	93
853	234
853	958
853	2538
853	3306
898	194
898	332
898	698
898	706
898	745
898	899
898	908
898	925
898	926
898	971
898	983
898	1136
898	1260
898	1391
898	1594
898	1969
898	2335
898	3132
898	3133
898	3139
898	3696
898	3752
898	4137
932	2262
1214	950
1214	1387
1214	1496
1214	2512
1214	3271
1382	136
1382	238
1382	1655
1382	1657
1568	1391
1568	2540
1568	2548
1568	3371
1568	3524
1635	612
1635	613
1635	646
1635	811
1635	974
1635	1047
1635	1289
1635	1290
1635	1291
1635	1292
1635	1294
1635	1295
1635	1296
1635	1297
1635	1298
1635	1299
1635	1300
1635	1301
1635	1302
1635	1303
1635	1304
1635	1305
1635	1306
1635	1307
1635	1308
1635	1309
1635	1311
1635	1312
1635	1313
1635	1314
1635	1315
1635	1316
1635	1317
1635	1318
1635	1319
1635	1320
1635	1321
1635	1322
1635	1323
1635	1324
1635	1325
1635	1326
1635	1327
1635	1328
1635	1329
1635	1330
1696	858
1696	1005
1696	1389
1696	1668
1696	1693
1696	1694
1696	44
1696	1772
1696	1760
1696	1774
1696	2222
1696	2447
1696	2860
2154	2149
2392	2395
2410	63
2410	1320
2410	2350
2410	2417
2455	63
2455	2419
2515	230
2515	872
2515	993
2515	1211
2515	1391
3405	551
3405	957
3405	1278
3405	1374
3405	3386
3405	92
3405	3407
3405	3410
3405	3411
3405	3437
3405	3445
3405	3450
3405	3460
3405	3461
3405	3463
3405	3497
3405	3498
3405	4190
1357	180
1357	384
1357	423
1357	770
1357	1190
1357	1191
1357	1157
1357	1359
1357	1982
1357	3861
1357	4165
155	183
155	194
155	196
155	225
155	226
155	228
155	229
155	230
155	551
155	624
155	936
155	1260
155	1343
155	2029
155	2043
155	2137
155	2791
155	3009
155	3742
155	3898
155	4010
218	184
218	185
218	186
218	188
218	99
218	270
218	581
218	733
218	763
218	767
218	803
218	839
218	1240
218	1317
218	1420
218	1541
218	1542
218	1710
218	2027
218	2028
218	2030
218	2582
218	2603
218	2735
218	3503
218	3506
218	3610
218	4208
218	4222
218	4227
218	1190
184	2297
184	2582
184	4222
184	644
184	4227
2297	2296
2582	745
2582	2583
2582	2593
2582	4207
2582	4222
4222	185
4222	933
4222	4185
4222	114
185	2716
185	2735
2716	186
2716	2636
2716	2650
2716	2684
2716	2728
2716	2730
2716	4184
2716	4212
2735	106
2735	240
2735	4057
186	535
186	3745
535	2481
3745	194
3745	401
3745	402
3745	998
3745	1785
3745	2056
3745	2058
3745	2343
3745	2353
3745	2359
3745	2522
3745	2636
3745	2720
3745	99
3745	105
3745	791
3745	3976
3745	4012
55	189
55	226
55	401
55	402
55	551
55	606
55	768
55	770
55	855
55	984
55	986
55	1060
55	1402
55	1411
55	1463
55	1491
55	1580
55	1674
55	1912
55	1927
55	2004
55	2005
55	2006
55	2007
55	2008
55	2009
55	2010
55	2011
55	2012
55	2013
55	2014
55	2015
55	2016
55	2017
55	2018
55	2019
55	2020
55	2021
55	2022
55	2023
55	2024
55	2025
55	2026
55	2027
55	2028
55	2029
55	2030
55	2031
55	2032
55	2033
55	2034
55	2035
55	2036
55	2037
55	2038
55	2039
55	2040
55	2041
55	2042
55	2043
55	2044
55	2045
55	2046
55	2047
55	2048
55	2049
55	2050
55	2051
55	2052
55	2053
55	2054
55	2055
55	2056
55	2057
55	2058
55	2059
55	2060
55	2061
55	2062
55	2063
55	2064
55	2065
55	2066
55	2067
55	2068
55	2069
55	2070
55	2071
55	2072
55	2073
55	2074
55	2075
55	2076
55	2077
55	2078
55	2079
55	2080
55	2081
55	2082
55	2083
55	2084
55	2085
55	2086
55	2087
55	2088
55	2089
55	2090
55	2091
55	2092
55	2093
55	2094
55	2095
55	2096
55	2097
55	2098
55	2099
55	2100
55	2101
55	2102
55	2103
55	2104
55	2105
55	2106
55	2107
55	2108
55	2109
55	2110
55	2111
55	2112
55	2113
55	2114
55	2115
55	2116
55	2117
55	2118
55	2119
55	2120
55	2121
55	2122
55	2123
55	2124
55	2125
55	2126
55	2127
55	2128
55	2129
55	2130
55	2131
55	2132
55	2133
55	2134
55	2135
55	2136
55	2137
55	2138
55	2139
55	2140
55	2141
55	2142
55	2143
55	2144
55	2145
55	2146
55	2147
189	278
189	296
189	1306
189	3872
296	993
1306	118
1306	789
1306	794
3872	549
3872	648
3872	765
3872	1536
3872	1785
3872	103
3872	3880
767	190
767	2287
767	1908
190	2030
190	2287
2030	1908
2030	249
2030	561
2030	2043
2030	3723
2287	203
2287	639
2287	855
2287	856
2287	858
2287	1005
2287	1050
2287	1051
2287	1052
2287	1053
2287	1054
2287	1056
2287	2288
2287	4071
2287	4167
2287	4174
194	251
194	273
194	274
194	499
194	933
194	956
194	1167
194	1826
194	1931
194	2091
194	2246
194	2350
194	2373
194	2899
194	2900
194	3086
194	3585
194	4076
251	1814
251	1843
251	2380
933	651
933	974
933	1033
933	2344
933	2636
1826	806
1826	48
1931	48
2091	2344
2246	1281
2246	167
2350	195
2350	197
2350	1279
2350	1328
2350	61
2350	1657
2350	2002
2350	2899
2350	2901
2373	61
2899	197
2899	551
2899	599
2899	740
2899	1279
2899	2349
2900	225
2900	228
2900	332
2900	969
2900	974
2900	1071
2900	1328
2900	2326
2900	2470
2900	2988
3086	198
3086	203
3086	210
3086	226
3086	551
3086	728
3086	731
3086	742
3086	968
3086	976
3086	999
3086	1000
3086	1060
3086	1248
3086	2233
3086	2443
3086	2449
3086	2729
3086	2968
3086	3049
3086	3804
3086	3889
3086	3913
3086	3917
3086	3924
3086	4205
3086	4225
3585	195
3585	1785
3585	96
3585	3732
4076	106
195	300
195	344
195	737
195	814
195	1147
195	1314
195	1344
195	1723
195	2340
300	648
300	805
300	1281
300	2343
300	3732
344	777
737	230
737	563
737	648
737	649
737	727
737	730
737	731
737	732
737	1953
737	1954
737	2537
737	2538
737	2908
737	3248
737	740
737	753
737	805
737	1005
737	1112
737	1246
737	1281
737	1785
737	1788
737	1837
737	1840
737	1841
737	1843
737	1844
737	1847
737	1850
737	1851
737	1854
737	1855
737	1856
737	1857
737	1858
737	1859
737	1860
737	1861
737	1862
737	1863
737	1864
737	1865
737	1866
737	1867
737	1868
737	1869
737	1870
737	1871
737	1872
737	1873
737	1874
737	1875
737	1876
737	1877
737	1878
737	1879
737	1880
737	1881
737	1882
737	1883
737	1884
737	1885
737	1886
737	2343
737	3732
737	3735
737	3738
814	393
814	401
814	463
814	465
814	627
814	648
814	770
814	773
814	806
814	846
814	847
814	1060
814	1235
814	1281
814	1374
814	1376
814	1785
814	2036
814	2056
814	2343
814	2349
814	2380
814	2769
814	2789
814	3104
814	3194
814	3597
814	3736
814	3752
1147	648
1147	764
1147	765
1147	770
1147	776
1147	806
1147	1058
1147	1141
1147	1190
1147	1785
1147	2343
1147	3063
1147	3736
1147	3737
1147	3738
1147	3880
1147	4174
1147	4212
1314	397
1314	644
1314	646
1314	648
1314	776
1314	803
1314	805
1314	806
1314	1275
1314	1281
1314	1629
1314	1316
1314	1785
1314	1844
1314	2343
1314	3736
1314	3751
1314	3752
1723	648
1723	805
1723	1472
1723	2065
2340	230
2340	563
2340	648
2340	649
2340	727
2340	730
2340	731
2340	732
2340	740
2340	753
2340	805
2340	1005
2340	1112
2340	1246
2340	1281
2340	1785
2340	1788
2340	1837
2340	1840
2340	1841
2340	1843
2340	1844
2340	1847
2340	1850
2340	1851
2340	1854
2340	1855
2340	1856
2340	1857
2340	1858
2340	1859
2340	1860
2340	1861
2340	1862
2340	1863
2340	1864
2340	1865
2340	1866
2340	1867
2340	1868
2340	1869
2340	1870
2340	1871
2340	1872
2340	1873
2340	1874
2340	1875
2340	1876
2340	1877
2340	1878
2340	1879
2340	1880
2340	1881
2340	1882
2340	1883
2340	1884
2340	1885
2340	1886
2340	2343
2340	3732
2340	3735
2340	3738
196	269
196	1016
196	549
196	1785
1016	221
1016	226
1016	472
1016	860
1016	1248
1016	1843
1016	1863
1016	2791
197	88
197	578
197	644
197	651
197	803
197	1317
197	1717
197	1727
197	2686
197	3343
197	3610
197	764
88	3324
88	3325
88	3326
88	3327
88	3328
88	3329
88	3330
88	3331
88	3332
88	3333
88	3334
88	3335
88	3336
88	3337
88	3338
88	3339
88	3340
88	3341
88	3342
88	3343
578	613
578	648
578	804
578	1317
644	584
644	3610
644	648
644	805
644	1279
644	2137
644	2141
651	162
651	994
651	3503
651	1526
803	566
803	648
803	773
803	568
803	569
803	577
803	581
803	582
803	585
803	1316
803	2443
1317	566
1317	648
1317	773
1317	573
1317	1318
1317	2443
1717	203
1717	226
1717	599
1717	648
1717	1058
1717	1059
1717	1943
1717	3743
1717	3752
1717	3815
1717	3817
1727	203
1727	226
1727	599
1727	648
1727	1058
1727	1059
1727	1943
1727	3743
1727	3752
1727	3815
1727	3817
2686	648
2686	1536
3343	3324
3343	3325
3343	3326
3343	3327
3343	3328
3343	3329
3343	3330
3343	3331
3343	3332
3343	3333
3343	3334
3343	3335
3343	3336
3343	3337
3343	3338
3343	3339
3343	3340
3343	3341
3343	3342
3610	307
3610	648
3610	1279
3610	97
198	35
198	70
198	111
198	115
198	160
198	199
198	3607
35	551
35	599
35	638
35	642
35	939
35	976
35	1260
35	1275
35	1313
35	1405
35	1446
35	1447
35	1448
35	1449
35	1450
35	1451
35	1452
35	1453
35	1454
35	1455
35	1456
35	1457
35	1458
35	1459
35	1460
35	1461
35	1462
35	1463
35	1464
35	1465
35	1466
35	1467
35	1468
35	1469
35	1470
35	1471
35	1472
35	1473
35	1474
35	1475
35	1476
35	1477
35	1478
35	1479
35	1480
35	1481
35	1482
35	1483
35	1484
35	1485
35	1486
35	1487
35	1488
35	1489
35	1490
35	1491
35	1492
35	1493
35	1494
35	1495
35	1496
35	1497
35	1498
35	1499
35	1500
35	1501
35	1502
35	1503
35	1504
35	1505
35	1506
35	1507
35	1508
35	1509
35	1510
35	1511
35	1512
35	1513
35	1514
35	1515
35	1516
35	1517
35	1518
35	1519
35	1520
35	1521
35	1522
35	1523
35	1524
35	1525
35	1526
35	1527
35	1528
35	1529
35	1530
35	1531
35	1532
35	1533
35	1534
35	1535
35	1536
35	1537
35	1538
35	1539
35	1540
35	1541
35	1542
35	1543
35	1544
35	1545
35	1546
35	1547
35	1548
35	1549
35	1550
35	1551
35	1552
35	1553
35	1554
35	1555
35	1556
70	387
70	551
70	606
70	739
70	741
70	742
70	753
70	855
70	856
70	942
70	954
70	976
70	984
70	987
70	992
70	1058
70	1060
70	1248
70	1251
70	1269
70	1275
70	1389
70	1475
70	1820
70	1828
70	1829
70	1863
70	2050
70	2116
70	2131
70	2233
70	2745
70	2746
70	2747
70	2748
70	2749
70	2750
70	2751
70	2752
70	2753
70	2754
70	2755
70	2756
70	2757
70	2758
70	2759
70	2760
70	2761
70	2762
70	2763
70	2764
70	2765
70	2766
70	2767
70	2768
70	2769
70	2770
70	2771
70	2772
70	2773
70	2774
70	2775
70	2776
70	2777
70	2778
70	2779
70	2780
70	2781
70	2782
70	2783
70	2784
70	2785
70	2786
70	2787
70	2788
70	2789
70	2790
70	2791
70	2792
70	2793
70	2794
70	2795
70	2796
70	2797
70	2798
70	2799
70	2800
70	2801
70	2802
70	2803
70	2804
70	2805
70	2806
111	551
111	638
111	860
111	1197
111	2116
111	2803
111	4135
111	4140
111	4141
111	4142
111	4143
111	4144
111	4145
111	4146
115	470
115	551
115	739
115	742
115	1058
115	1111
115	1251
115	1461
115	2233
115	2762
115	3167
115	4010
115	4231
115	4232
115	4233
115	4234
115	4235
115	4236
115	4237
115	4238
115	4239
115	4240
115	4241
115	4242
115	4243
115	4244
115	4245
115	4246
160	284
160	425
160	472
160	551
160	639
160	739
160	742
160	855
160	856
160	858
160	942
160	952
160	954
160	999
160	1058
160	1059
160	1060
160	1197
160	1248
160	1269
160	1868
160	2131
160	2375
160	2380
160	2752
160	2756
160	2797
160	3183
160	4071
199	1709
3607	96
3607	150
3607	168
3607	1721
3607	3506
1709	1730
201	192
192	213
192	215
203	150
203	1721
203	3927
150	648
150	770
150	1279
150	2402
150	2789
150	2965
150	3543
150	3732
1721	2086
1721	3087
1721	4194
3927	220
3927	1415
3927	105
3927	4189
208	228
208	1275
208	1546
208	3450
213	2984
214	487
487	219
216	3738
99	646
99	648
99	773
99	1051
99	1054
99	1191
99	1262
99	1281
99	1785
99	2288
99	2343
99	3505
99	3732
99	3733
99	3734
99	3735
99	3736
99	3737
99	3738
99	3739
99	3740
99	3741
99	3742
99	3743
99	3744
99	3746
99	3747
99	3748
99	3749
99	3750
99	3751
99	3752
99	3753
99	3754
99	3755
99	3756
99	3757
99	3758
99	3759
99	3760
99	3761
99	3762
99	3763
99	3764
99	3765
99	3766
99	3767
99	3768
99	3769
99	3770
99	3771
99	3772
99	3773
99	3774
99	3775
99	3776
99	3777
99	3778
99	3779
99	3780
99	3781
99	3782
99	3783
99	3784
99	3785
99	3786
270	876
270	1269
270	3891
733	597
733	640
733	643
733	1702
733	783
733	1473
733	1486
733	2701
733	3169
733	3243
763	321
839	227
839	463
839	13
839	1376
1240	31
1240	61
1240	92
1240	100
1240	138
1240	3788
1240	1375
1541	1734
1541	1740
1710	1714
2027	1536
2027	1537
2027	2025
2027	994
2027	1043
2027	2120
2028	614
2028	986
2028	1536
2028	994
2028	1043
2028	2120
2028	4137
2028	2137
2028	2367
2028	3742
2603	764
2603	1816
2603	2343
2603	2597
2603	4230
3503	614
3503	773
3503	2137
3503	92
3503	3506
3506	402
3506	648
3506	779
3506	1415
3506	1446
3506	1463
3506	1536
3506	2025
3506	2443
3506	3079
3506	92
3506	4137
3506	3736
3506	3738
3506	3880
3506	4185
4208	114
4227	764
4227	2343
4227	3738
4227	114
4227	3048
223	143
223	882
143	387
143	551
143	1251
143	2791
143	4019
882	468
882	551
882	896
882	1060
882	2233
882	2380
882	3804
882	3888
882	3964
882	4231
882	4246
225	81
225	127
225	546
225	1702
225	599
225	1846
225	2769
81	470
81	2762
81	2938
81	2986
81	3166
81	3167
81	3168
81	3169
81	3170
81	3171
81	3172
81	3173
81	3174
81	3175
127	551
127	599
127	872
127	2986
127	2988
546	230
546	336
546	872
546	939
546	1133
546	2241
546	2470
546	2983
546	2988
546	2989
546	3274
1702	228
1702	230
1702	599
1702	736
1702	1260
1702	2791
1702	2800
226	31
226	48
226	507
226	1415
226	1953
226	1954
226	2418
226	2769
226	2989
226	599
31	549
31	551
31	776
31	1241
31	1242
31	1243
31	1244
31	1245
31	1246
31	1247
31	1248
31	1249
31	1250
31	1251
31	1252
31	1253
31	1254
31	1255
31	1256
31	1257
31	1258
31	1259
31	1260
31	1261
31	1262
31	1263
31	1264
31	1265
31	1266
31	1267
31	1268
31	1269
31	1270
31	1271
31	1272
31	1273
31	1274
31	1275
31	1276
31	1277
31	1278
31	1279
31	1280
31	1281
31	1282
31	1283
31	1284
48	228
48	551
48	557
48	600
48	731
48	732
48	753
48	917
48	1005
48	1112
48	1235
48	1246
48	1464
48	1475
48	1576
48	1786
48	1787
48	1788
48	1789
48	1790
48	1791
48	1792
48	1793
48	1794
48	1795
48	1796
48	1797
48	1798
48	1799
48	1800
48	1801
48	1802
48	1803
48	1804
48	1805
48	1806
48	1807
48	1808
48	1809
48	1810
48	1811
48	1812
48	1813
48	1814
48	1815
48	1816
48	1817
48	1818
48	1819
48	1820
48	1821
48	1822
48	1823
48	1824
48	1825
48	1827
48	1828
48	1829
48	1830
48	1831
48	1832
48	1833
48	1834
48	1835
48	1836
48	1837
48	1838
48	1839
48	1840
48	1841
48	1842
48	1843
48	1844
48	1845
48	1846
48	1847
48	1848
48	1849
48	1850
48	1851
48	1852
48	1853
48	1854
48	1855
48	1856
48	1857
48	1858
48	1859
48	1860
48	1861
48	1862
48	1863
48	1864
48	1865
48	1866
48	1867
48	1868
48	1869
48	1870
48	1871
48	1872
48	1873
48	1874
48	1875
48	1876
48	1877
48	1878
48	1879
48	1880
48	1881
48	1882
48	1883
48	1884
48	1885
48	1886
48	1887
48	1888
48	1889
48	1890
48	1891
48	1892
48	1893
48	1894
48	1895
48	1896
48	1897
48	1898
48	1899
48	1900
48	1901
48	1902
48	1903
48	1904
48	1905
48	1906
48	1907
48	1908
48	1909
48	1910
48	1911
48	1912
48	1913
48	1914
48	1915
48	1916
48	1917
48	1918
48	1919
48	1920
48	1921
48	1922
48	1923
48	1924
48	1925
48	1926
48	1927
48	1928
48	1929
48	1930
48	1932
48	1933
48	1934
48	1935
48	1936
48	1937
48	1938
48	1939
48	1940
48	1941
48	1942
48	1943
48	1944
507	1543
507	1863
507	2827
1415	599
1415	2403
1953	371
1953	599
1953	954
1953	1058
1953	1253
1953	1275
1953	1443
1953	1594
1953	1689
1953	1881
1953	1969
1953	2762
1953	2791
1953	2851
1953	2860
1953	3804
1954	371
1954	420
1954	599
1954	954
1954	1058
1954	1253
1954	1275
1954	1443
1954	1594
1954	1689
1954	1881
1954	1969
1954	2762
1954	2791
1954	2851
1954	2860
1954	3804
2418	1058
2418	1443
2418	63
2418	2423
2418	2428
2418	2429
2418	2432
2418	2433
2418	2434
2418	2435
2418	2436
2418	2437
2418	2438
2418	2439
2418	2452
2418	2620
2418	4174
2769	599
2769	2403
2769	101
2769	1253
2769	1485
2769	1726
2769	1831
2769	3306
2989	599
2989	2403
2989	156
2989	279
227	986
227	2980
227	3331
986	3327
986	3329
2980	3330
2980	3896
228	407
228	1416
228	3170
228	4137
1416	1247
3170	1247
3170	156
4137	230
4137	951
4137	1260
4137	3898
230	38
230	161
230	279
230	739
230	878
230	939
38	470
38	551
38	732
38	1060
38	1570
38	1571
38	1572
38	1573
38	1574
38	1575
38	1576
38	1577
38	1578
38	1579
38	1580
161	551
161	648
161	736
161	806
161	843
161	845
161	1197
161	1253
161	1281
161	1785
161	2768
161	2983
279	764
279	1463
279	1527
739	13
739	106
739	291
739	736
739	997
739	998
739	999
739	1000
739	1006
739	1060
739	1260
739	1261
739	1453
739	2375
739	2536
739	2537
739	2720
739	2908
739	3847
739	3907
739	3973
739	3984
739	4027
878	638
878	896
878	998
878	1260
878	1402
878	2371
878	2643
878	2709
878	2720
878	3049
878	3904
878	3974
878	3982
878	4002
878	4004
878	4012
878	4023
878	4026
878	4041
878	4059
878	4064
878	4066
878	4205
878	4246
939	271
939	285
939	293
939	736
939	859
939	860
939	995
939	1260
939	1261
939	1269
939	3274
939	3847
939	4023
1294	1629
264	163
264	171
264	238
264	265
264	3088
264	3801
264	3951
171	382
238	551
238	955
238	1467
238	2371
238	2380
238	2481
238	2536
238	2685
238	3645
238	3802
265	2371
3801	2371
3801	101
3801	3793
3951	105
876	3885
876	3973
876	4059
144	272
144	551
144	736
144	741
144	742
144	983
144	1005
144	1247
144	1248
144	1253
144	1691
144	1692
144	1856
144	1860
144	2761
144	2762
144	2789
144	2790
144	2797
144	2961
144	4231
144	4240
144	4242
272	2967
2	284
2	285
2	286
2	287
2	288
2	289
2	290
2	291
2	292
2	293
2	294
284	271
284	997
284	998
284	999
284	1000
284	1060
284	2375
284	2536
284	2538
284	2720
284	3984
271	997
271	1000
271	3913
997	285
997	286
997	294
997	293
997	881
997	1001
997	1997
997	2448
997	2536
997	2566
997	3973
997	4023
998	2538
998	1060
999	1060
1000	2536
1000	1060
1060	285
1060	286
1060	294
1060	105
1060	106
1060	128
1060	152
1060	266
1060	288
1060	291
1060	881
1060	893
1060	937
1060	1644
1060	1994
1060	1995
1060	1997
1060	2375
1060	2448
1060	2536
1060	2537
1060	2538
1060	2539
1060	2561
1060	2566
1060	2567
1060	2720
1060	2908
1060	3536
1060	3904
1060	3907
1060	3973
1060	3984
1060	4027
1060	4023
2375	61
2375	136
2536	136
2536	823
2536	2538
2536	4024
2538	287
2538	292
2538	293
2538	1001
2538	2720
2538	2908
2538	3907
2538	4005
2538	4183
2720	106
2720	136
2720	1644
3984	105
3984	106
3984	136
3984	248
3984	266
3984	312
285	101
285	289
285	1644
285	4027
285	4025
285	4026
101	471
101	472
101	551
101	1009
101	1247
101	1575
101	1594
101	1699
101	3041
101	3748
101	3800
101	3802
101	3803
101	3804
101	3805
101	3806
101	3807
101	3808
101	3809
101	3811
101	3812
101	3813
101	3814
101	3815
101	3816
101	3817
101	3818
289	2343
1644	639
1644	995
1644	1409
1644	1843
1644	2789
1644	2790
1644	3351
4027	2343
4027	106
286	152
152	2561
152	2562
152	2563
152	2566
152	2567
152	3345
287	4021
293	4025
293	4026
294	4021
308	4181
4181	3738
4181	114
4181	1501
316	314
316	329
316	331
316	334
316	336
316	342
316	343
316	2309
316	3273
314	331
314	333
314	340
314	343
314	482
314	2321
314	3271
314	3273
333	328
328	4160
336	547
336	1569
336	2306
336	2308
336	1211
547	968
547	2366
547	2481
547	3271
547	3732
1569	642
1569	2551
1569	3459
1569	3812
1569	4212
2306	1211
2308	2233
2308	1566
2308	3273
342	309
342	318
342	319
342	323
318	343
323	343
323	470
323	748
777	563
777	641
777	741
777	841
777	2768
777	2797
777	3433
777	3559
360	2343
360	3738
368	3738
382	1658
1658	420
1658	642
1658	2335
390	2228
390	2229
2228	3274
2229	2230
2229	3274
391	901
901	416
901	551
901	750
901	899
901	1945
901	911
901	952
901	971
901	978
901	1191
901	1197
901	1414
901	1439
901	1593
901	1594
901	1595
901	1969
901	2490
901	3115
901	3132
901	3135
901	3139
901	3146
901	3161
901	3593
393	108
108	4104
108	4105
108	4106
108	4107
108	4108
108	4109
108	4110
108	4111
108	4112
108	4113
108	4114
397	638
397	797
397	984
397	3978
397	1491
397	1792
397	2095
397	2773
397	3992
397	4010
638	139
638	3057
638	3896
638	3923
638	3974
638	3990
638	3331
984	874
984	2772
984	2779
984	3327
984	3331
3978	2775
3978	3977
3978	105
399	410
401	2286
401	3026
2286	648
2286	1785
2286	2141
2286	3732
402	545
545	764
419	764
420	1435
420	2837
2837	72
429	764
433	3554
457	764
468	106
468	138
468	1657
468	2751
468	2947
468	4242
106	472
106	551
106	742
106	855
106	934
106	1475
106	1507
106	1553
106	1554
106	2371
106	2380
106	2474
106	2751
106	2789
106	2794
106	3049
106	3450
106	3804
106	3996
106	3997
106	3998
106	3999
106	4000
106	4001
106	4002
106	4003
106	4004
106	4005
106	4006
106	4007
106	4008
106	4009
106	4010
106	4011
106	4012
106	4013
106	4014
106	4015
106	4016
106	4017
106	4018
106	4019
106	4020
106	4021
106	4022
106	4023
106	4024
106	4025
106	4026
106	4028
106	4029
106	4030
106	4031
106	4032
106	4033
106	4034
106	4035
106	4036
106	4037
106	4038
106	4039
106	4040
106	4041
106	4042
106	4043
106	4044
106	4045
106	4046
106	4047
106	4048
106	4049
106	4050
106	4051
106	4052
106	4053
106	4054
106	4055
106	4056
106	4057
106	4058
106	4059
106	4060
106	4061
106	4062
106	4063
106	4064
106	4065
106	4066
106	4067
106	4068
106	4069
106	4070
106	4071
106	4072
106	4073
106	4074
106	4075
106	4077
106	4078
106	4079
138	551
138	2380
1657	531
1657	1080
1657	1191
1657	1197
1657	3355
2751	100
2751	897
2751	899
2751	904
2751	905
2751	4242
469	2947
469	4242
470	125
470	321
470	682
470	897
470	1123
470	2325
125	745
125	748
125	1123
125	2467
125	2817
321	473
321	552
321	697
321	740
321	750
321	751
321	2380
321	2467
682	672
682	1573
897	551
897	924
897	943
897	1058
897	2786
897	3133
897	3135
897	3141
897	3146
1123	473
1123	940
1123	2987
1123	2467
1123	2736
2325	706
2325	2467
471	44
44	551
44	983
44	1005
44	1662
44	1663
44	1664
44	1665
44	1666
44	1667
44	1668
44	1669
44	1670
44	1671
44	1672
44	1673
44	1674
44	1675
44	1676
44	1677
44	1678
44	1679
44	1680
44	1681
44	1682
44	1683
44	1684
44	1685
44	1686
44	1687
44	1688
44	1689
44	1690
44	1691
44	1692
44	1693
44	1694
44	1695
44	1697
44	1698
44	1699
44	1700
472	63
472	128
472	970
472	2417
472	2808
472	3352
472	3360
472	3363
63	599
63	972
63	973
63	1080
63	2417
63	2419
63	2420
63	2421
63	2422
63	2423
63	2424
63	2425
63	2426
63	2427
63	2428
63	2429
63	2430
63	2431
63	2432
63	2433
63	2434
63	2435
63	2436
63	2437
63	2438
63	2439
63	2440
63	2441
63	2443
63	2444
63	2445
63	2447
63	2448
63	2449
63	2450
63	2451
63	2452
63	2453
63	2454
63	2456
63	2457
63	2458
63	2459
63	2460
63	2461
63	2462
63	2463
63	2464
63	2465
63	2466
63	2467
63	2468
63	2469
63	2470
63	2471
63	2472
128	742
128	990
970	3360
970	2462
2417	750
2417	2423
2417	2424
2417	2425
2417	2426
2417	2427
2417	2432
2417	2433
2417	2454
2417	2464
2417	2465
2417	2466
2417	2467
2417	2468
2808	4073
3352	473
3352	990
3352	1843
3352	2380
3352	91
3352	3355
3352	3375
3352	4042
3360	91
3360	3363
3363	91
3363	534
473	516
516	3375
516	4182
481	1211
1231	764
1231	2730
1231	2903
1231	3115
531	736
549	562
549	873
549	1249
549	1279
549	1403
549	1406
549	1407
549	1448
549	1785
549	2351
549	2889
549	3561
549	3702
549	3876
549	4084
1249	957
1249	1251
1279	92
1279	2488
1279	2856
1279	1785
1406	742
1406	855
1406	1058
1406	1692
1406	1936
1406	3040
1406	3743
1406	3962
1407	742
1407	105
1407	2343
1448	1785
1785	95
1785	579
1785	1722
1785	2473
1785	2508
1785	3084
1785	3569
1785	3570
1785	3738
1785	3762
1785	4048
2351	61
2351	92
2889	72
3561	94
3702	98
3876	103
551	13
551	17
551	39
551	53
551	54
551	61
551	69
551	72
551	80
551	84
551	97
551	100
551	105
551	109
551	113
551	114
551	122
551	124
551	126
551	129
551	131
551	132
551	136
551	141
551	142
551	148
551	151
551	156
551	162
551	166
551	167
551	234
551	255
551	259
551	260
551	821
551	899
551	904
551	905
551	923
551	952
551	1106
551	1213
551	1566
551	1581
551	1629
551	1646
551	1656
551	1945
551	1979
551	2253
551	2395
551	2548
551	3196
551	3306
551	4139
13	785
13	833
13	834
13	835
13	836
13	837
13	838
13	840
13	841
13	842
13	843
13	844
13	845
13	846
13	847
13	848
13	849
13	850
13	851
13	852
13	854
13	855
13	856
13	857
13	858
13	859
13	860
13	861
13	862
13	863
17	746
17	906
17	907
17	908
17	909
17	910
17	911
17	912
17	913
17	914
17	915
17	916
17	917
17	918
17	919
17	920
17	921
17	922
17	923
17	924
17	925
17	927
39	1581
39	1582
53	1999
54	2000
54	2001
54	2002
54	2003
61	974
61	2345
61	2346
61	2347
61	2348
61	2349
61	2352
61	2353
61	2354
61	2355
61	2356
61	2357
61	2358
61	2359
61	2360
61	2361
61	2362
61	2363
61	2364
61	2365
61	2366
61	2367
61	2368
61	2369
61	2370
61	2371
61	2372
61	2374
61	2376
61	2377
61	2378
61	2379
69	2741
69	2742
69	2743
69	2744
72	872
72	1059
72	2762
72	2818
72	2819
72	2820
72	2821
72	2822
72	2823
72	2824
72	2825
72	2826
72	2827
72	2828
72	2829
72	2830
72	2831
72	2832
72	2833
72	2834
72	2835
72	2836
72	2838
72	2839
72	2840
72	2841
72	2842
72	2843
72	2844
72	2845
72	2846
72	2847
72	2848
72	2849
72	2850
72	2851
72	2852
72	2853
72	2854
72	2855
72	2856
72	2857
72	2858
72	2859
72	2860
72	2861
72	2862
72	2863
72	2864
72	2865
72	2866
72	2867
72	2868
72	2869
72	2870
72	2871
72	2872
72	2873
72	2874
72	2875
72	2876
72	2877
72	2878
72	2879
72	2880
72	2881
72	2882
72	2883
72	2884
72	2885
72	2886
72	2887
72	2888
72	2890
72	2891
72	2892
72	2893
72	2894
72	2895
72	2896
72	2897
72	2898
80	908
80	1593
80	1594
80	1596
80	3109
80	3110
80	3111
80	3112
80	3113
80	3114
80	3115
80	3116
80	3117
80	3118
80	3119
80	3120
80	3121
80	3122
80	3123
80	3124
80	3125
80	3126
80	3127
80	3128
80	3129
80	3130
80	3131
80	3132
80	3133
80	3134
80	3135
80	3136
80	3137
80	3138
80	3139
80	3140
80	3141
80	3142
80	3143
80	3144
80	3145
80	3146
80	3147
80	3148
80	3149
80	3150
80	3151
80	3152
80	3153
80	3154
80	3155
80	3156
80	3157
80	3158
80	3159
80	3160
80	3161
80	3162
80	3163
80	3164
80	3165
84	1002
84	1211
84	1580
84	3241
84	3242
84	3243
84	3244
97	648
97	860
97	1191
97	1359
97	3609
100	1263
100	3787
100	3788
100	3789
100	3790
100	3791
100	3792
100	3793
100	3794
100	3795
100	3796
100	3797
100	3798
100	3799
105	624
105	937
105	968
105	1441
105	1491
105	2371
105	2380
105	3087
105	3331
105	3833
105	3886
105	3887
105	3888
105	3889
105	3890
105	3891
105	3892
105	3893
105	3894
105	3895
105	3896
105	3897
105	3898
105	3899
105	3900
105	3901
105	3902
105	3903
105	3904
105	3905
105	3906
105	3907
105	3908
105	3909
105	3910
105	3911
105	3912
105	3913
105	3914
105	3915
105	3916
105	3917
105	3918
105	3919
105	3920
105	3921
105	3922
105	3923
105	3924
105	3925
105	3926
105	3928
105	3929
105	3930
105	3931
105	3932
105	3933
105	3934
105	3935
105	3936
105	3937
105	3938
105	3939
105	3940
105	3941
105	3942
105	3943
105	3944
105	3945
105	3946
105	3947
105	3948
105	3949
105	3950
105	3952
105	3953
105	3954
105	3955
105	3956
105	3957
105	3958
105	3959
105	3960
105	3961
105	3962
105	3963
105	3964
105	3965
105	3966
105	3967
105	3968
105	3969
105	3970
105	3971
105	3972
105	3973
105	3974
105	3975
105	3976
105	3977
105	3979
105	3980
105	3981
105	3982
105	3983
105	3985
105	3986
105	3987
105	3988
105	3989
105	3990
105	3991
105	3992
105	3993
105	3994
105	3995
109	2481
109	4115
109	4116
109	4117
109	4118
109	4119
109	4120
109	4121
109	4122
109	4123
109	4124
109	4125
109	4126
109	4127
109	4128
109	4129
109	4130
109	4131
113	1054
113	1198
113	4139
113	4163
113	4164
113	4165
113	4166
113	4167
113	4168
113	4169
113	4170
113	4171
113	4172
113	4173
113	4174
114	1480
114	2411
114	2615
114	2730
114	4123
114	4175
114	4176
114	4177
114	4178
114	4179
114	4180
114	4182
114	4183
114	4184
114	4185
114	4186
114	4187
114	4188
114	4189
114	4190
114	4191
114	4192
114	4193
114	4194
114	4195
114	4196
114	4197
114	4198
114	4199
114	4200
114	4201
114	4202
114	4203
114	4204
114	4205
114	4206
114	4207
114	4209
114	4210
114	4211
114	4212
114	4213
114	4214
114	4215
114	4216
114	4217
114	4218
114	4219
114	4220
114	4221
114	4223
114	4224
114	4225
114	4226
114	4228
114	4229
114	4230
122	599
122	736
122	741
122	1005
122	1790
122	2791
122	2978
122	4191
124	1505
126	2233
131	2380
132	2380
132	2465
132	2563
132	2730
132	4212
136	946
136	947
136	952
136	3592
141	599
141	736
141	776
141	981
141	1116
141	1253
141	1275
141	1891
148	1248
148	2380
148	2402
148	3409
151	4042
156	557
156	599
156	936
156	1247
156	1253
156	1275
156	2116
162	599
162	765
162	2095
162	2099
162	2850
162	3079
162	3433
162	3871
162	4185
166	1058
167	599
167	1391
167	4135
167	4139
234	642
234	2388
234	2481
234	2514
234	2526
259	2381
259	2415
259	3799
260	601
260	742
260	848
260	1056
260	1191
260	2317
260	2380
260	3066
260	3194
260	3858
260	4165
821	831
821	4212
899	902
899	903
899	924
899	925
899	3141
899	3146
904	140
904	924
904	925
904	3141
904	3146
905	924
905	925
905	3141
905	3146
923	915
923	2745
952	158
952	261
952	903
952	1081
952	1320
952	1946
952	1949
952	1950
952	4100
952	4143
952	983
952	1058
952	1969
952	2343
952	2447
952	2762
952	3880
952	4000
952	4145
1106	742
1106	993
1106	1120
1106	1125
1106	1191
1106	2797
1566	599
1566	740
1566	1005
1566	1247
1566	1251
1566	1795
1566	1817
1566	1818
1566	1820
1566	1836
1566	2233
1566	4029
1629	612
1629	613
1629	646
1629	805
1629	1047
1629	1290
1629	1291
1629	1297
1629	1301
1629	1302
1629	1303
1629	1316
1629	1318
1629	1323
1629	1324
1629	1327
1629	1330
1629	1285
1629	2380
1629	3734
1646	1505
1646	2636
1646	2681
1646	2730
1646	3997
1656	947
1656	2481
1656	2698
1656	3916
1945	929
1945	1593
1945	1969
1945	2447
1945	2684
1945	3118
1945	3119
1945	3141
1945	4095
1945	4139
1945	4173
1979	983
1979	1058
1979	1969
1979	2343
1979	2447
1979	2762
1979	3880
1979	4000
1979	4145
2395	944
2395	969
2395	2333
2395	2335
2395	3543
2395	3593
2395	4045
2395	4173
2548	950
2548	164
3196	83
3306	599
3306	736
3306	838
3306	847
3306	860
3306	1063
3306	1190
3306	1233
3306	1987
3306	2133
3306	2317
3306	2335
3306	2380
3306	2394
3306	2430
3306	2481
3306	2730
3306	3194
3306	3533
3306	4099
4139	983
4139	1058
4139	1969
4139	2343
4139	2447
4139	2762
4139	3880
4139	4000
4139	4145
552	520
552	525
552	544
552	553
552	3375
552	557
520	553
520	554
520	555
520	556
520	557
520	3023
525	553
525	555
525	556
525	3023
544	554
553	815
553	557
3375	557
3375	91
3375	235
3375	534
815	1243
815	2000
815	2470
815	2474
815	2497
815	2547
815	3369
815	3376
815	4042
815	4045
815	4048
815	4050
554	1048
1048	506
1048	2343
555	1708
557	548
557	3322
557	3374
548	1804
548	1817
548	1831
548	2380
3322	564
3322	639
3322	855
3322	917
3322	931
3322	1063
3322	1389
3322	1576
3322	1794
3322	1795
3322	1796
3322	1797
3322	1798
3322	1799
3322	1802
3322	1804
3322	1805
3322	1806
3322	1807
3322	1808
3322	1809
3322	1810
3322	1811
3322	1813
3322	1814
3322	1815
3322	1816
3322	1817
3322	1818
3322	1819
3322	1820
3322	1821
3322	1822
3322	1825
3322	1827
3322	1828
3322	1829
3322	1831
3322	1834
3322	1835
3322	1836
3322	1862
3322	2313
3322	2317
3322	2320
3322	2321
3322	2391
3322	2801
3322	3267
3322	3273
3374	91
563	900
900	910
900	924
900	925
900	1590
900	2438
900	3119
900	3141
900	3860
564	146
599	91
599	1104
599	1253
599	1485
599	2403
599	2419
599	3384
91	954
91	1475
91	1880
91	3353
91	3354
91	3355
91	3356
91	3357
91	3358
91	3359
91	3361
91	3362
91	3364
91	3365
91	3366
91	3367
91	3368
91	3369
91	3370
91	3371
91	3372
91	3373
91	3376
91	3377
91	3378
91	3379
91	3380
91	3381
1104	1043
1104	1534
1104	2786
1104	3815
1253	1846
1485	1846
2419	2432
2419	2453
2419	2457
2419	2464
2419	2465
2419	2466
2419	2467
3384	92
601	1951
1951	728
1951	786
1951	1321
1951	1325
1951	1390
1951	1467
1951	1580
1951	1872
1951	2222
1951	2514
1951	2860
607	98
98	1674
98	2796
98	3611
98	3612
98	3613
98	3614
98	3615
98	3616
98	3617
98	3618
98	3619
98	3620
98	3621
98	3622
98	3623
98	3624
98	3625
98	3626
98	3627
98	3628
98	3629
98	3630
98	3631
98	3632
98	3633
98	3634
98	3635
98	3636
98	3637
98	3638
98	3639
98	3640
98	3641
98	3642
98	3643
98	3644
98	3645
98	3646
98	3647
98	3648
98	3649
98	3650
98	3651
98	3652
98	3653
98	3654
98	3655
98	3656
98	3657
98	3658
98	3659
98	3660
98	3661
98	3662
98	3663
98	3664
98	3665
98	3666
98	3667
98	3668
98	3669
98	3670
98	3671
98	3672
98	3673
98	3674
98	3675
98	3676
98	3677
98	3678
98	3679
98	3680
98	3681
98	3682
98	3683
98	3684
98	3685
98	3686
98	3687
98	3688
98	3689
98	3690
98	3691
98	3692
98	3693
98	3694
98	3695
98	3696
98	3697
98	3698
98	3699
98	3700
98	3701
98	3703
98	3704
98	3705
98	3706
98	3707
98	3708
98	3709
98	3710
98	3711
98	3712
98	3713
98	3714
98	3715
98	3716
98	3717
98	3718
98	3719
98	3720
98	3721
98	3722
98	3723
98	3724
98	3725
98	3726
98	3727
98	3728
98	3729
98	3730
98	3731
612	118
612	154
118	1291
118	1304
118	1307
118	3724
613	139
613	574
613	788
613	792
613	793
613	796
613	798
613	1292
139	807
139	1251
139	1275
139	1639
139	1641
139	1844
139	1856
139	2789
139	3729
139	4242
574	646
574	806
574	808
574	3734
792	807
792	808
1292	811
615	283
615	3477
3477	92
3477	243
624	3072
627	1729
630	842
636	3330
3330	1491
3330	3974
3330	3335
3057	1491
3057	3052
3057	3889
3923	3079
3923	3983
639	3723
639	1211
3723	2763
584	648
646	579
646	1282
579	648
579	649
579	776
579	806
579	1281
579	1316
579	2122
579	3720
579	3736
648	92
648	249
648	298
648	299
648	324
648	330
648	571
648	573
648	1149
648	1321
648	1545
648	1722
648	1725
648	2005
648	2120
648	2443
648	2473
648	2508
648	3084
648	3684
648	3794
648	4048
92	1281
92	1526
92	1996
92	2004
92	2349
92	3382
92	3383
92	3385
92	3386
92	3387
92	3388
92	3389
92	3390
92	3391
92	3392
92	3393
92	3394
92	3395
92	3396
92	3397
92	3398
92	3399
92	3400
92	3401
92	3402
92	3403
92	3404
92	3406
92	3407
92	3408
92	3409
92	3410
92	3411
92	3412
92	3413
92	3414
92	3415
92	3416
92	3417
92	3418
92	3419
92	3420
92	3421
92	3422
92	3423
92	3424
92	3425
92	3426
92	3427
92	3428
92	3429
92	3430
92	3431
92	3432
92	3433
92	3434
92	3435
92	3436
92	3437
92	3438
92	3439
92	3440
92	3441
92	3442
92	3443
92	3444
92	3445
92	3446
92	3447
92	3448
92	3449
92	3450
92	3451
92	3452
92	3453
92	3454
92	3455
92	3456
92	3457
92	3458
92	3459
92	3460
92	3461
92	3462
92	3463
92	3464
92	3465
92	3466
92	3467
92	3468
92	3469
92	3470
92	3471
92	3472
92	3473
92	3474
92	3475
92	3476
92	3478
92	3479
92	3480
92	3481
92	3482
92	3483
92	3484
92	3485
92	3486
92	3487
92	3488
92	3489
92	3490
92	3491
92	3492
92	3493
92	3494
92	3495
92	3496
92	3497
92	3498
92	3499
92	3500
92	3501
92	3502
92	3504
92	3505
92	3507
92	3508
249	1909
249	2141
249	3339
298	758
298	3504
298	3562
298	3815
299	1431
299	2825
299	3736
324	2322
330	2322
571	3732
573	806
1149	993
1149	1190
1149	1359
1722	805
1722	1714
1722	1728
1722	1730
1722	2248
1722	3734
1722	3880
1725	1418
2473	1475
2473	3371
2508	806
2508	3734
3084	805
3084	2343
3084	3732
3794	2468
4048	1475
4048	3371
4048	824
4048	1476
994	765
994	3746
994	3870
994	1058
994	1059
994	2040
994	2130
994	2786
657	2034
672	1573
683	671
687	4160
706	4160
707	722
708	4160
715	942
715	2329
717	1220
717	2190
2190	748
2190	773
2190	2189
2190	58
2190	2191
2190	2193
2190	2194
721	981
723	4159
4159	942
724	2343
724	3738
730	1466
1466	1571
1466	1580
1466	1999
736	1831
736	2231
736	1837
736	2802
736	3381
2231	2242
2537	1813
2537	2343
2908	1813
2908	2343
2908	246
3248	936
3248	1801
3248	2344
3248	3254
1260	313
1260	955
1260	2262
1260	3009
1260	3381
1260	1837
1260	2802
3847	860
3847	3274
3847	3377
3847	3841
3847	103
3847	3898
3973	1238
742	304
742	3929
304	1058
745	4250
745	4160
4250	1058
4250	1841
4250	3597
4250	4242
746	4160
750	903
750	3141
903	911
903	971
903	978
903	1414
903	1439
903	1593
903	1594
903	3132
903	3135
903	3141
903	3146
752	2326
752	2736
752	4151
2326	3359
2326	4160
2736	519
2736	943
2736	4160
4151	4160
753	2343
753	3738
758	1999
759	2343
760	313
313	1211
313	1486
313	4160
764	268
764	281
764	781
764	785
764	851
764	1072
764	1194
764	1207
764	1281
764	1360
764	1441
764	1460
764	1573
764	1793
764	2344
764	2594
764	2626
764	2678
764	2711
764	2738
764	2843
764	3024
764	3025
764	3040
764	3076
764	3093
764	3115
764	3238
764	3489
764	3499
764	3620
764	3691
268	2057
268	4109
1072	1607
1360	3746
1360	3870
1460	841
2344	3284
2678	231
3025	3377
3040	791
3040	3738
3238	83
765	103
765	305
765	1706
765	3874
765	3991
103	968
103	2289
103	3841
103	3842
103	3843
103	3844
103	3845
103	3846
103	3848
103	3849
103	3850
103	3851
103	3852
103	3853
103	3854
103	3855
103	3856
103	3857
103	3858
103	3859
103	3860
103	3861
103	3862
103	3863
103	3864
103	3865
103	3866
103	3867
103	3868
103	3869
103	3870
103	3871
103	3873
103	3874
103	3875
103	3877
103	3878
103	3879
103	3880
103	3881
305	3874
1706	3878
3991	855
3991	918
3991	987
3991	1491
3991	1536
3991	2773
3991	3331
3991	3381
3991	3880
3991	3892
3991	4010
3991	4231
768	57
768	2369
768	3881
57	2055
57	2155
57	2156
57	2157
57	2158
57	2159
57	2160
57	2161
57	2162
57	2163
57	2164
57	2165
57	2166
57	2167
57	2168
57	2169
57	2170
57	2171
57	2172
57	2173
3881	1719
3881	2917
773	276
773	2609
773	2856
776	282
776	2343
776	3738
282	806
282	2402
282	2791
282	3752
783	786
582	3751
1316	795
805	297
805	1655
805	2366
297	1432
297	1439
297	1697
1655	806
1655	1570
1655	3822
1655	3860
806	2058
807	1290
1290	1618
1290	1631
1290	1632
1290	1637
1290	1638
1290	1639
1290	1641
1290	1642
811	794
824	1243
824	2000
824	2470
824	2474
824	3369
824	3376
824	4042
824	4045
824	4050
831	2901
2901	2415
2901	2468
832	828
836	838
836	847
841	924
841	927
841	1110
841	1476
841	1478
841	1884
841	2298
841	2480
841	4241
924	908
924	916
924	918
924	919
927	908
927	916
927	918
927	919
927	926
1476	1596
1476	2396
1476	3370
1476	4047
1478	1475
2480	974
2480	1033
842	1063
842	1596
842	1663
842	1743
842	2549
842	3037
842	3424
842	3555
842	3756
842	3780
1063	3037
1596	40
1596	1946
3555	94
850	3182
3182	83
93	959
93	960
93	964
93	1096
93	2498
93	3509
93	3510
93	3511
93	3512
93	3513
93	3514
93	3515
93	3516
93	3517
93	3518
93	3519
93	3520
93	3521
93	3522
93	3523
93	3524
93	3525
93	3526
93	3527
93	3528
93	3529
93	3530
93	3531
93	3532
93	3533
93	3534
93	3535
93	3536
93	3537
93	3538
93	3539
93	3540
93	3541
93	3542
93	3543
93	3544
93	3545
93	3546
93	3547
855	857
855	2385
855	2343
855	3738
857	858
856	2793
858	1009
1009	950
1009	2233
1009	3804
1009	3807
860	275
860	1161
860	1987
860	3845
1161	3868
3845	3589
3845	3843
232	1034
232	2333
233	1034
233	2333
3346	90
3346	261
3346	1946
2665	2343
2665	231
2665	261
2665	1956
871	1692
871	2938
871	2942
871	4232
1692	1275
1692	1682
1692	2928
1692	2947
1692	4242
1692	1845
1692	2789
2938	1275
2938	1845
2938	2789
2938	2752
2938	4242
2942	2941
4232	1275
4232	1845
4232	2789
4232	4242
872	3552
872	3597
875	881
875	893
881	4246
889	880
880	1554
893	2343
896	883
902	3146
140	1806
908	40
908	915
908	919
40	1583
40	1584
40	1585
40	1586
40	1587
40	1588
40	1589
40	1590
40	1591
40	1592
40	1593
40	1594
40	1595
909	915
910	915
911	915
912	915
913	915
915	926
926	916
926	918
926	920
916	918
917	885
885	1848
918	2590
2590	2858
931	2233
934	954
995	3841
995	3843
3274	1054
3274	1760
3274	2289
3274	3096
3274	3844
3274	3846
3274	4169
947	1760
947	3868
1760	1117
1760	1248
1760	1678
1760	1680
1760	1694
1760	1695
1760	1699
1760	1667
1760	2285
1760	1765
1760	1766
1760	1768
1760	1769
1760	1773
1760	1776
1760	2222
1760	2267
1760	2273
3868	1211
3868	3746
3868	3870
948	1275
951	1081
951	1689
951	2847
951	2853
951	4233
1081	993
1081	22
1081	303
1081	1761
1081	2573
1081	3597
1081	4135
1689	993
1689	1949
1689	4080
2847	2343
2853	3820
158	3366
261	3593
261	4000
1320	1047
1320	1323
1320	1324
1320	1325
1320	1496
1320	2333
1320	2381
1320	2388
1320	2398
1320	2721
1320	2760
1320	3858
1946	953
1946	1046
1946	1190
1946	1432
1946	1590
1946	1593
1946	1594
1946	1969
1946	2439
1946	3118
1946	3134
1946	3135
1946	3160
1946	3593
1946	3860
1946	4163
1949	1058
1949	1443
1949	1969
1949	2786
1949	2832
1949	2859
1949	2860
1949	3668
4100	2447
4100	4173
4143	993
4143	2116
4143	2573
4143	302
4143	4144
954	2463
954	3762
2463	2453
2463	2563
3762	1096
3762	2338
3762	2353
3762	3331
3762	4201
955	3006
955	3377
957	2354
957	3461
957	3485
957	3536
957	1239
2354	2983
3461	1251
3461	504
3485	1251
3536	1211
3536	1762
3536	2979
3536	2986
3536	4008
3536	4160
959	2919
2919	74
960	3310
960	3521
3310	3576
3521	253
3521	541
968	3294
968	3954
3954	3833
3954	3942
3954	3943
969	1026
969	1029
969	2476
969	2557
969	2760
1029	974
1029	1034
974	977
974	1011
974	1012
974	1013
974	1014
974	1017
974	1018
974	1019
974	1020
974	1021
974	1022
974	1027
974	1028
974	1036
974	2379
974	2381
974	2477
974	2479
974	4031
974	4033
974	990
977	1033
1011	1033
1036	1033
2379	1033
2381	1033
2381	263
2381	1507
2381	4245
2477	1033
2477	231
2477	248
2479	1033
976	541
976	4186
976	990
541	3537
4186	4214
982	2343
982	3738
983	303
303	993
303	1443
303	1694
303	2825
303	2830
303	2834
303	2850
303	2882
303	4144
874	3815
2779	2797
3327	3326
985	2488
985	3964
2488	1323
2488	3964
990	2380
990	2558
990	3362
2380	1033
2380	1252
2380	2367
2380	2535
2380	2815
2380	3198
2380	3362
2380	3598
2380	3759
3362	231
991	1058
991	1059
992	301
301	1058
301	1059
301	1439
301	1526
301	2137
301	2885
3746	1190
3746	1359
3746	3744
3746	1157
3870	1190
3870	1359
3870	3744
2448	2343
2566	2561
1003	4039
1003	4246
4039	4246
1010	1197
1010	2768
1035	1600
506	1862
1049	1058
1050	1051
1050	1157
1050	1054
1051	1052
1051	1054
1051	3852
1157	1053
1157	1190
1157	1359
1157	3742
1157	4163
1052	2776
1053	3869
1056	1773
1058	1059
1058	1119
1058	1391
1058	2447
1058	2786
1059	2786
1059	2762
1391	1969
2447	1969
2447	2529
2447	4080
2447	4082
2561	3345
3904	3985
1064	2715
1064	4118
2715	4123
2715	4130
4118	2642
4118	4122
4118	4123
4118	4130
22	1080
22	1082
22	1083
22	1084
22	1085
1092	3747
1094	514
1094	1651
514	1133
514	1234
1651	2404
1112	3898
3898	3738
3898	2095
1114	1470
1121	1238
1128	2468
1135	2424
1135	2521
1135	4212
1156	1143
1156	1144
1156	1177
1143	1190
1169	1171
1186	1543
1188	1189
1190	3862
1190	1409
1190	1982
1190	3860
1190	4163
1190	4165
1191	887
1191	1160
1191	1346
1191	1348
1191	1659
1191	1958
1191	4163
887	1440
887	1766
887	2226
887	3772
1160	3609
1348	4163
1659	1233
1659	1660
1659	3543
1958	1351
1958	1359
1958	3860
1958	4163
1197	3552
1197	3597
3552	2768
3552	94
3597	2768
3597	96
1211	1756
1211	2153
1211	2551
1211	3873
1211	1275
3873	3880
1235	3021
1238	1470
1238	1922
1238	2529
1239	1251
3788	1263
3788	1272
3788	3407
3788	3442
3788	3789
1242	3450
1252	3795
1252	4245
3795	253
4245	3793
1255	3789
3789	1272
3789	3407
3789	3442
1257	4211
3009	3028
3381	3007
1271	3437
3437	1377
3437	3441
3437	3442
1275	2233
1275	2985
2233	165
2233	1389
2233	1694
2233	2268
2233	2505
1631	1304
1631	3729
1632	3722
1304	583
583	3724
1313	1624
1329	3427
1333	1334
1359	3742
1375	1421
1380	2055
1383	2585
1383	4000
1384	2805
1389	96
1389	1694
96	1432
96	1695
96	3584
96	3586
96	3587
96	3588
96	3589
96	3590
96	3591
96	3592
96	3593
96	3594
96	3595
96	3596
96	3598
96	3599
96	3600
96	3601
96	3602
96	3603
96	3604
96	3605
96	3606
96	3608
1400	2343
1402	2559
1405	243
243	1796
243	1807
243	1824
1411	1684
1411	2359
1684	2144
2359	3777
1423	1426
1428	1877
1431	2431
2431	2433
2431	3135
1432	1955
1955	3860
1436	3091
1443	302
1443	1952
302	1969
302	2762
302	2845
302	3835
302	4144
1454	676
676	3608
1463	2067
2067	1580
1475	3371
1475	3998
1475	4178
4178	1862
4178	4044
4178	231
1479	1861
1488	504
504	3425
504	3450
504	3463
504	3476
504	3478
1491	2095
1491	3993
2095	1536
3993	1536
1494	4018
1494	2982
1498	1501
1505	253
1505	4170
253	1593
253	2445
253	2481
253	3331
253	3355
1509	2371
1509	2482
1511	1520
1519	1520
1523	3738
1529	1023
1023	3732
1023	3736
1530	519
519	2388
519	2396
519	2982
519	4099
1536	2043
1536	2860
1536	4231
2860	2343
2860	3738
1540	1728
1728	1863
1554	4058
1554	4059
1554	4064
4058	4067
1560	1748
1748	1562
1748	1762
1748	2507
1748	3273
1593	3160
1642	1934
1642	3716
1667	1773
1669	2260
1675	3804
1685	2343
2947	2748
2947	2752
2947	2953
4242	2748
4242	2951
1701	1716
1701	2065
1716	2065
1730	1712
1712	2065
1766	2242
1768	2291
1773	3712
1779	2122
1783	2268
1784	2225
95	3568
95	3569
95	3570
95	3571
95	3572
95	3573
95	3574
95	3575
95	3576
95	3577
95	3578
95	3579
95	3580
95	3581
95	3582
95	3583
3738	1830
3738	1891
3738	1898
3738	1901
3738	1908
3738	1928
3738	1939
3738	2020
3738	2402
3738	2801
3738	3765
3738	4230
1792	2777
1794	3449
3449	3447
1795	1614
1802	816
816	1803
1816	3377
1827	280
280	3751
1843	4131
1844	2986
1861	4047
1866	3013
3013	3377
1898	2042
1908	1938
1938	1909
1938	1917
1909	1704
1912	2063
1912	2304
2063	2042
2063	2061
2063	2069
2063	2085
2063	2101
2063	2112
2063	2118
2063	2144
2304	2303
1928	2343
1962	1948
1962	1965
1948	2845
1976	4173
1996	3454
1999	2197
2197	58
2000	235
235	2718
235	2729
235	3885
235	3999
235	4122
2001	231
2001	817
231	2002
231	4086
817	2002
2002	3287
2002	2468
2020	2343
2025	3078
2025	2168
2025	2982
2036	888
2036	1221
2065	1720
2065	2688
2148	2149
2166	3562
3562	94
58	2174
58	2175
58	2176
58	2177
58	2178
58	2179
58	2180
58	2181
58	2182
58	2183
58	2184
58	2185
58	2186
58	2187
58	2188
58	2189
58	2191
58	2192
58	2193
58	2194
58	2195
58	2196
58	2198
58	2199
58	2200
58	2201
58	2202
58	2203
58	2204
58	2205
58	2206
58	2207
58	2208
58	2209
58	2210
58	2211
58	2212
58	2213
58	2214
58	2215
58	2216
58	2217
58	2218
58	2219
58	2220
58	2221
165	3267
2234	193
2234	1107
2250	2251
2289	3843
2301	2303
2302	2303
2313	311
2313	312
311	3243
312	2449
312	3295
2314	2343
2317	310
310	3261
310	3263
2329	1959
1959	3458
2343	2402
2343	3271
2343	3619
2343	3713
2343	4051
2343	4196
2343	4219
2402	4191
3777	3774
2371	2775
2371	3802
2371	3976
2371	3964
2775	2709
2775	3324
2775	3589
2775	3902
2775	3992
2775	4011
3802	3964
3976	3331
3976	2532
3976	2709
2374	2755
2376	3747
3198	83
3598	2468
2387	3747
2404	3539
2407	1030
1030	3771
2415	240
240	3528
240	4099
2420	3815
2425	2436
2438	2439
2449	4001
2453	90
90	2817
90	3347
90	3348
90	3349
90	3350
90	3351
2458	3459
2462	1032
2563	879
2467	4160
2474	3369
248	2670
2481	2642
2504	818
2519	3262
2532	823
2532	3966
2532	4011
823	3349
2541	3804
164	3519
2583	4177
2583	2598
2583	2599
2583	2633
2583	4210
2583	4230
4177	2622
4177	2633
4177	3048
4177	4184
2858	2762
2597	2633
2660	2676
1956	3119
2709	3966
2709	4011
2761	3004
2762	4144
2767	489
2767	1718
2773	2780
2789	2965
2789	4041
2965	2976
2965	4041
4041	4017
2790	4246
2797	1731
2801	3882
2801	3885
3882	104
3885	104
2830	497
2830	2870
497	2850
2839	2855
2874	3498
3498	3386
246	3758
2916	2902
74	2918
2920	2924
2920	2932
2920	2934
2920	2921
2920	2927
2924	2921
2924	2923
2924	2925
2924	2979
2932	2934
2957	2966
2957	4248
2957	4249
2979	3377
2982	884
2982	3887
884	4128
3028	3014
77	3031
77	3032
77	3033
77	3034
3043	191
3048	4205
3049	4002
3051	3053
3079	3099
3087	168
168	3913
3092	3100
3132	3135
83	3179
83	3180
83	3181
83	3183
83	3184
83	3185
83	3186
83	3187
83	3188
83	3189
83	3190
83	3191
83	3192
83	3193
83	3194
83	3195
83	3197
83	3199
83	3200
83	3201
83	3202
83	3203
83	3204
83	3205
83	3206
83	3207
83	3208
83	3209
83	3210
83	3211
83	3212
83	3213
83	3214
83	3215
83	3216
83	3217
83	3218
83	3219
83	3220
83	3221
83	3222
83	3223
83	3224
83	3225
83	3226
83	3227
83	3228
83	3229
83	3230
83	3231
83	3232
83	3233
83	3234
83	3235
83	3236
83	3237
83	3239
83	3240
3187	3233
3209	3211
3210	3211
3445	3256
3445	3258
3445	3259
3258	3247
3258	3249
3247	3259
3264	1746
3324	3944
3944	3337
3944	3940
3944	3943
3944	3945
3944	3947
3325	3331
3326	3331
3369	3370
3407	3451
3407	3488
3422	3447
3447	3450
3447	3452
3447	3453
3425	3464
3467	3479
3479	3478
3482	3483
3483	3492
3486	3490
3505	3743
3538	1565
3541	3573
94	3548
94	3549
94	3550
94	3551
94	3553
94	3554
94	3556
94	3557
94	3558
94	3559
94	3560
94	3563
94	3564
94	3565
94	3566
94	3567
3599	829
829	4212
3668	1947
3747	3748
3751	277
3757	3785
3785	3815
3834	1957
3880	4173
4173	153
104	3883
104	3884
3892	3977
3894	3900
3911	3912
3987	1031
3997	170
3997	4016
4016	820
820	4188
820	4194
4017	4070
4017	4246
4053	4068
4057	491
4057	498
4057	501
4057	505
4073	2810
4104	4107
4104	4105
4112	4113
4160	4161
