1	14
2	8
2	448
2	285
2	591
2	397
3	268
3	174
3	441
3	18
4	159
5	11
5	518
5	259
5	234
5	258
6	329
6	407
6	478
6	642
6	130
6	302
6	439
7	645
8	448
8	46
8	209
8	197
8	540
8	591
8	355
8	237
8	473
8	397
8	571
9	270
9	52
10	659
10	348
11	234
12	632
12	301
12	501
12	478
12	163
12	622
12	226
13	562
13	269
13	98
13	619
13	642
13	206
13	454
13	484
14	262
14	642
14	478
14	334
14	114
14	226
14	611
14	649
14	377
14	305
14	585
14	594
14	568
14	79
14	590
14	481
14	491
15	154
15	655
16	149
16	642
16	576
17	312
17	391
17	199
17	630
17	172
17	623
17	220
18	619
18	465
18	129
18	269
18	227
18	248
18	349
18	439
18	330
18	441
18	348
18	621
18	198
18	479
18	331
18	67
18	164
18	291
19	130
19	600
19	252
19	149
19	516
19	384
19	540
19	314
19	267
19	590
19	561
19	577
19	644
19	536
19	227
19	233
19	123
20	130
20	80
20	59
20	235
20	308
20	532
20	547
20	181
20	627
20	455
21	212
21	25
21	141
21	464
21	436
22	599
22	470
22	584
22	348
22	164
22	242
22	547
23	611
23	358
23	203
23	613
23	564
23	486
23	644
23	519
23	305
23	67
23	177
24	98
25	141
25	421
25	466
25	174
25	203
25	120
25	212
25	501
25	398
25	271
25	502
25	615
25	82
25	261
25	276
26	273
26	354
26	305
26	594
26	264
26	276
26	164
26	233
27	410
27	390
28	271
28	55
29	670
29	628
30	130
30	477
31	451
32	434
32	589
32	134
32	226
32	121
33	399
33	630
33	308
33	565
34	670
34	217
34	177
35	142
35	346
36	253
37	478
38	452
38	255
38	290
39	98
39	533
39	643
40	231
41	510
42	517
42	115
42	440
42	95
42	451
42	52
42	114
42	363
42	296
43	615
43	203
44	46
44	548
44	677
44	73
44	497
44	197
44	540
44	655
44	144
44	386
44	627
44	201
44	316
44	509
45	380
46	540
47	606
47	92
47	520
48	595
49	370
50	635
50	176
50	550
51	553
51	182
52	531
52	558
52	290
52	200
52	452
52	451
52	114
52	427
52	363
52	296
53	539
54	73
55	147
55	478
55	491
55	67
56	502
57	534
58	122
58	453
58	348
58	630
58	67
59	98
59	448
59	387
59	419
59	173
59	260
59	197
59	371
59	294
59	655
59	435
59	237
59	153
59	627
59	101
60	598
61	480
62	309
62	227
62	91
63	560
63	398
64	286
64	304
64	224
64	381
64	514
65	107
66	615
66	174
66	355
67	349
67	560
67	453
67	164
67	590
67	348
67	305
67	621
67	122
67	642
67	177
68	497
68	258
69	365
69	190
70	184
70	642
70	614
71	305
71	120
71	578
71	330
71	579
71	174
71	306
72	164
73	497
73	637
74	308
74	547
74	598
75	307
75	224
76	205
76	623
76	504
77	242
78	627
78	562
78	197
78	462
78	158
79	656
80	532
80	130
80	630
80	302
80	458
80	235
81	130
81	482
81	587
81	281
81	677
81	528
81	540
81	97
81	605
81	329
81	359
81	297
81	425
81	236
81	316
81	616
82	404
82	466
83	138
83	629
84	240
84	615
84	279
84	174
85	262
86	283
86	515
86	642
86	206
86	534
86	251
86	454
86	121
87	615
87	560
87	654
87	203
87	447
87	445
88	138
89	615
89	121
90	249
90	483
90	659
90	672
90	581
90	524
90	125
90	220
91	262
91	309
91	594
91	305
91	442
92	294
92	606
92	520
93	563
94	282
94	212
94	130
94	496
94	261
94	141
94	276
94	431
95	517
95	162
95	676
95	576
95	290
95	536
95	115
95	210
95	226
95	538
95	642
95	416
95	301
95	363
96	547
96	176
97	111
97	169
97	644
97	566
97	297
97	548
97	191
98	387
98	419
98	197
98	498
98	139
98	562
98	125
98	107
98	296
99	424
100	152
100	130
100	548
101	393
101	173
102	502
102	491
102	288
102	226
102	671
102	381
102	224
102	514
103	252
104	458
105	218
106	303
106	135
106	250
106	460
106	256
106	474
107	455
107	145
108	642
108	381
108	502
108	532
108	445
108	206
108	615
108	408
108	389
108	174
108	224
108	271
108	428
108	536
108	675
108	286
108	203
108	254
109	137
109	156
109	535
110	262
110	654
111	169
111	437
111	644
111	391
111	519
111	253
111	646
112	267
113	522
114	451
114	642
114	478
114	240
114	631
114	226
114	611
114	242
114	263
114	305
114	490
114	135
114	513
114	590
114	185
114	494
114	456
114	481
114	296
114	491
114	139
115	517
115	363
116	283
116	615
116	678
116	642
116	588
116	203
116	174
116	247
117	307
117	286
117	304
117	224
118	173
118	534
118	125
119	294
119	139
119	340
119	413
120	256
120	611
120	174
120	529
120	406
120	426
120	306
120	315
120	305
120	336
120	579
120	515
121	589
122	323
122	430
122	453
122	454
122	604
123	478
123	497
123	577
123	644
123	598
123	500
123	127
123	642
123	333
123	289
124	672
125	249
125	260
125	522
125	534
126	463
126	370
127	283
127	442
128	485
128	349
130	431
130	474
130	642
130	329
130	478
130	235
130	350
130	532
130	630
130	352
130	640
130	623
130	282
130	458
130	587
130	140
130	191
130	399
130	230
130	264
130	548
130	152
130	302
130	540
130	384
131	312
131	139
131	456
131	232
132	585
132	649
132	377
133	356
133	191
134	535
134	434
134	135
134	271
134	332
134	156
134	199
134	226
134	240
134	428
134	542
135	156
135	363
135	642
135	502
135	256
135	240
135	206
135	303
135	336
135	601
135	408
135	250
135	543
135	446
135	590
135	494
135	331
135	434
135	443
136	547
136	550
137	147
137	597
138	211
138	523
138	379
138	622
138	226
138	148
139	242
139	260
139	197
139	371
139	294
139	413
139	232
139	630
140	663
140	352
140	339
140	193
140	251
140	191
140	533
141	212
141	282
141	496
141	191
141	175
141	261
141	276
142	259
143	415
143	648
144	627
144	153
145	320
145	387
145	521
145	396
145	492
145	455
145	572
145	481
146	616
147	376
147	478
147	163
147	584
147	416
147	622
147	287
148	211
149	677
149	321
149	576
149	540
149	267
149	623
149	214
149	642
149	222
150	461
150	234
151	330
152	548
152	677
153	294
153	435
154	655
155	557
155	327
155	224
156	434
156	332
156	226
156	535
157	203
158	562
158	197
159	416
159	162
160	500
160	674
161	185
161	296
162	497
163	376
163	287
163	478
163	203
164	178
164	349
164	298
164	613
164	656
164	560
164	406
164	348
164	305
164	334
164	621
165	644
165	366
165	503
166	540
166	355
167	502
167	576
167	536
167	466
168	250
169	582
169	644
169	519
169	391
169	548
170	658
170	560
170	586
170	605
170	533
170	618
171	203
172	559
172	621
173	627
173	294
173	393
173	371
174	381
174	642
174	358
174	502
174	240
174	206
174	234
174	615
174	519
174	408
174	347
174	389
174	271
174	196
174	191
174	283
174	466
174	428
174	536
174	324
174	675
174	203
174	194
175	496
175	261
176	516
176	550
176	501
176	314
176	283
176	642
176	206
177	217
177	305
179	258
179	598
180	523
182	553
182	400
183	468
184	433
184	207
184	614
184	238
185	513
185	296
186	248
187	287
187	523
187	584
188	452
188	638
189	331
190	229
190	610
190	365
190	427
191	352
191	212
191	540
191	445
191	313
191	615
191	237
191	481
192	541
194	283
194	642
194	206
195	287
196	642
197	462
197	591
197	232
197	540
197	294
197	296
197	562
197	627
197	598
197	448
197	556
199	434
199	542
199	441
199	505
200	289
200	363
201	540
201	387
202	386
202	573
203	560
203	642
203	463
203	502
203	247
203	240
203	497
203	401
203	445
203	206
203	405
203	225
203	615
203	523
203	654
203	244
203	271
203	466
203	484
203	590
203	258
203	491
204	264
206	358
206	642
206	502
206	442
206	671
206	615
206	601
206	519
206	408
206	353
206	271
206	515
206	283
206	516
206	454
207	368
207	489
207	402
208	490
208	317
209	573
209	359
209	495
210	538
210	642
210	576
210	536
210	416
210	226
211	570
212	496
212	367
212	276
213	352
214	442
215	608
215	467
215	598
216	422
216	548
216	280
216	677
218	382
218	526
218	443
218	550
219	476
219	270
220	412
220	483
220	482
220	551
221	265
222	321
222	623
222	267
223	237
223	312
223	655
223	333
224	389
224	254
224	286
224	270
224	557
224	671
224	304
224	307
225	240
225	502
225	428
225	637
225	226
225	234
226	642
226	584
226	478
226	538
226	332
226	240
226	234
226	615
226	611
226	305
226	276
226	622
226	271
226	379
226	514
226	536
226	590
226	331
226	481
226	491
226	576
226	434
226	416
227	291
227	540
227	646
228	456
229	610
229	394
231	472
231	293
231	464
231	661
231	533
232	412
232	294
232	312
232	520
232	530
232	544
232	462
233	305
234	452
234	637
235	437
235	532
235	302
235	458
235	646
236	540
237	448
237	655
239	399
239	630
240	363
240	297
240	642
240	381
240	502
240	339
240	615
240	601
240	408
240	272
240	428
240	446
240	331
240	434
240	318
241	590
241	505
242	442
242	547
243	352
243	252
243	567
244	523
245	564
246	274
247	615
247	678
247	642
248	256
248	330
248	426
248	315
248	619
248	425
248	269
249	657
250	303
250	415
250	256
250	351
251	515
251	407
251	576
251	534
251	257
251	677
252	644
252	384
252	352
252	267
253	508
254	286
254	650
254	602
254	389
255	452
256	303
256	454
256	426
256	315
256	258
256	443
256	305
256	336
257	659
257	677
258	353
258	497
258	564
258	519
260	294
261	496
262	594
262	305
262	319
262	679
263	600
264	273
264	594
264	536
264	527
265	521
265	361
266	274
267	384
267	321
267	623
269	619
269	641
270	669
270	633
270	560
270	639
271	529
271	642
271	381
271	358
271	502
271	332
271	442
271	532
271	637
271	615
271	389
271	404
271	428
271	590
271	675
271	461
272	373
272	318
273	594
273	527
274	555
274	615
274	603
274	642
274	507
274	595
275	652
276	502
276	594
277	532
277	420
278	652
279	637
280	574
280	590
280	637
280	642
280	548
281	294
281	540
281	493
281	587
281	655
281	359
282	496
282	431
283	442
283	516
283	501
283	519
283	342
283	615
283	642
283	287
283	515
284	330
285	397
286	389
287	376
287	584
287	491
288	514
289	500
289	674
290	664
290	452
290	533
291	646
292	422
293	632
293	533
294	612
294	435
294	627
295	577
295	564
295	615
296	490
296	631
296	513
297	566
297	458
297	391
297	677
297	502
297	615
298	449
298	656
299	453
300	383
301	632
301	324
301	478
301	424
302	329
302	665
302	458
303	426
304	307
304	395
304	469
304	514
305	529
305	486
305	642
305	579
305	478
305	336
305	615
305	611
305	315
305	426
305	594
305	306
305	590
305	540
305	481
305	491
305	384
305	406
306	545
306	578
306	579
308	369
308	455
308	547
309	648
310	642
310	341
311	615
311	589
312	544
312	348
312	328
313	615
314	561
314	590
314	474
315	336
315	575
315	454
317	329
317	576
319	660
319	679
319	330
321	623
321	547
321	592
322	560
323	430
325	375
326	427
327	414
327	609
329	482
329	587
329	576
329	540
329	642
329	407
330	479
330	638
332	428
332	434
332	535
333	483
334	585
334	506
334	649
334	377
334	568
335	499
336	575
336	648
336	454
336	443
337	509
338	624
338	586
338	475
338	432
338	605
338	378
339	644
339	408
339	556
339	514
339	381
339	533
341	350
343	355
344	536
345	436
347	505
348	349
348	560
348	453
348	630
348	621
348	642
348	420
349	485
349	560
349	590
349	621
349	642
350	661
351	415
351	648
352	384
352	477
352	525
354	594
354	417
354	549
357	497
357	617
358	471
358	497
358	519
358	615
358	636
358	642
359	540
359	573
359	616
360	404
360	636
361	371
362	510
362	625
362	378
363	397
363	571
364	526
364	621
364	630
364	623
365	448
367	560
369	481
369	455
370	463
371	627
371	487
372	511
374	535
375	536
377	585
377	649
377	568
378	541
378	475
378	625
378	605
380	452
381	468
381	445
381	556
381	615
381	514
382	418
383	607
383	501
383	649
383	503
384	540
384	477
384	567
384	615
384	480
385	561
386	540
386	616
387	419
387	655
387	499
388	532
389	675
390	456
391	546
391	548
391	458
391	677
392	615
393	627
394	493
396	572
397	620
397	448
397	591
398	560
399	411
399	630
399	565
400	553
400	511
403	422
403	549
404	497
404	590
404	637
406	611
406	486
406	443
407	408
407	642
407	576
407	677
408	601
408	644
408	502
408	556
408	615
408	514
409	549
410	540
410	533
411	630
412	612
415	648
415	623
416	478
416	576
416	590
416	536
416	502
416	597
416	538
416	642
416	622
417	492
418	652
421	673
422	644
422	648
422	549
422	677
423	464
425	584
427	610
428	502
428	642
429	452
432	642
432	576
432	624
432	605
434	542
436	464
437	590
437	458
437	646
438	550
439	621
439	623
441	656
442	547
442	642
443	656
443	454
444	594
445	615
445	560
445	654
446	502
446	615
446	459
447	615
447	560
448	655
448	591
448	473
449	656
450	567
452	671
452	638
452	615
452	514
452	563
453	630
453	539
453	598
454	619
454	515
455	483
455	481
455	653
456	497
457	522
457	565
458	646
461	642
461	529
462	530
464	472
465	479
465	503
466	501
466	502
466	671
466	615
467	494
468	556
470	506
470	649
471	636
473	591
475	605
476	606
477	547
477	583
478	642
478	611
478	622
478	590
478	481
478	491
479	503
481	611
481	590
481	491
481	642
482	519
482	587
484	642
486	611
488	590
488	642
490	513
491	611
491	554
491	590
491	642
497	655
497	564
497	591
497	519
497	622
497	500
497	562
497	598
500	540
500	668
500	674
500	598
501	649
501	642
501	622
502	642
502	671
502	615
502	601
502	523
502	622
502	514
503	536
505	590
505	552
506	649
507	603
509	540
512	636
514	563
515	677
515	516
515	534
515	537
515	642
516	534
516	590
516	537
516	635
519	615
519	642
520	606
522	662
523	656
523	601
523	602
526	630
528	540
528	573
532	590
533	618
533	632
533	586
534	537
536	677
536	576
536	675
536	538
536	642
537	635
538	597
538	576
538	642
540	616
540	655
540	573
540	615
540	587
540	548
540	674
540	644
540	556
540	677
547	550
548	647
549	672
549	623
549	598
550	568
553	572
557	609
560	615
560	642
560	654
561	590
562	655
564	577
564	618
565	592
568	649
568	665
569	588
571	626
576	677
576	642
577	644
577	615
580	645
581	659
586	605
586	618
589	615
589	678
590	642
590	637
590	611
590	634
593	623
596	629
597	642
597	622
598	672
598	623
601	642
603	642
605	618
605	624
605	655
608	677
611	642
615	678
615	642
615	654
618	658
618	667
621	623
623	672
628	670
633	639
634	645
642	678
642	671
642	651
665	677
666	677
