0	1300
0	1263
0	48
0	602
1	1274
1	900
1	1218
2	54
2	224
2	1388
2	831
2	875
2	896
2	735
3	157
3	32
3	358
3	16
3	1231
3	1398
3	190
3	890
3	422
3	1106
3	90
3	91
3	93
3	1322
3	140
3	684
3	1273
3	252
3	320
3	1197
3	457
3	380
3	14
3	382
3	690
3	324
3	181
3	182
3	1415
4	1178
4	26
4	215
4	485
4	1176
4	1468
4	405
5	224
5	1424
5	649
5	130
5	828
5	1248
5	650
5	1009
5	548
5	1376
5	1494
5	305
5	868
5	658
5	966
5	981
6	298
6	373
6	105
6	916
6	552
6	1474
6	605
6	1161
6	1016
6	1467
6	869
6	1496
6	289
6	1415
7	990
8	1015
8	63
9	1399
9	208
9	1259
9	1339
9	589
9	759
9	65
9	179
9	1408
9	340
9	490
9	719
9	981
10	904
10	229
10	1092
10	777
10	23
10	498
10	565
11	682
11	916
11	126
11	101
11	102
11	615
11	965
11	834
11	1413
11	170
11	31
12	247
12	469
12	1026
13	199
13	1492
13	1391
13	51
14	32
14	16
14	1231
14	190
14	890
14	422
14	91
14	93
14	1322
14	684
14	1273
14	320
14	1197
14	457
14	380
14	382
14	690
14	324
14	182
14	1415
15	1033
15	1311
15	839
15	707
15	826
16	32
16	1231
16	190
16	890
16	422
16	91
16	93
16	1322
16	684
16	1273
16	320
16	1197
16	457
16	380
16	382
16	690
16	324
16	182
16	1415
17	1121
17	282
17	356
18	795
18	484
18	1420
18	509
18	622
18	1115
18	419
18	1422
18	1448
18	336
18	222
18	1453
18	610
18	810
18	146
18	404
18	1075
18	1150
18	1278
18	750
18	1060
18	956
18	1469
19	1308
19	668
19	643
19	797
19	83
19	1290
19	309
19	1000
19	1483
19	1090
19	1051
19	565
19	431
19	1411
19	1387
19	662
19	148
19	257
19	1367
19	258
19	154
19	542
19	242
19	325
19	1392
19	433
19	1155
20	1473
20	1062
20	283
20	1395
20	822
20	780
20	1250
20	307
20	914
20	1023
20	489
20	1426
20	1269
20	490
20	719
20	1235
20	973
20	721
20	656
20	921
20	21
20	516
20	981
20	1168
20	1389
20	296
20	179
20	1280
20	477
20	1414
20	1497
21	914
21	973
21	1023
21	1389
21	1473
21	1062
21	489
21	1426
21	296
21	1280
21	1395
21	822
21	780
21	1250
21	1414
21	1497
21	1235
22	1196
22	969
22	304
23	904
23	268
23	777
23	113
23	565
23	1092
24	273
24	1071
25	756
25	1334
25	576
25	334
25	1221
25	1132
25	74
26	1178
26	215
26	485
26	1176
26	1468
26	405
27	449
27	40
27	1004
28	1278
28	791
28	1444
28	671
28	660
29	243
29	1084
29	574
29	942
29	489
29	1211
29	702
29	973
29	920
29	50
29	1340
29	171
29	204
29	375
29	1437
29	55
29	1222
29	239
29	1279
29	57
29	593
29	127
30	926
30	1409
30	79
30	789
31	965
31	1477
31	1183
31	916
31	866
31	1187
31	804
31	1049
31	170
31	1212
31	682
31	1296
31	1363
31	318
31	834
31	101
31	241
31	102
31	615
31	1369
31	816
31	1413
31	126
31	388
32	1231
32	190
32	890
32	422
32	91
32	93
32	1322
32	684
32	1273
32	320
32	1197
32	457
32	380
32	382
32	690
32	324
32	182
32	1415
33	669
33	244
34	1411
34	279
34	1491
34	291
34	250
34	1109
34	436
34	1478
34	1129
34	330
34	182
35	1378
35	426
35	760
35	82
35	1054
35	735
36	781
36	1480
36	1043
36	961
36	256
36	447
36	296
36	784
36	203
36	1166
36	1468
36	565
37	225
37	1078
37	1206
38	1131
38	596
38	301
38	303
38	1263
38	264
38	360
38	486
38	218
38	823
38	1207
38	802
38	1423
38	1087
38	759
38	366
38	1024
38	1427
38	839
38	718
38	842
38	654
38	507
38	201
38	428
38	253
38	854
38	1195
38	659
38	1257
38	723
38	498
38	1387
38	814
38	1035
38	150
38	790
38	152
38	256
38	927
38	928
38	1304
38	591
38	1105
38	505
38	504
38	955
38	1282
38	929
39	997
39	68
40	449
40	1004
41	556
41	192
41	217
41	1488
41	387
41	326
42	78
42	158
42	964
42	307
42	1023
42	1399
42	649
42	889
42	489
42	450
42	1093
42	973
42	224
42	1381
42	721
42	849
42	95
42	344
42	144
42	564
42	981
42	236
42	179
42	1280
42	1153
42	1497
43	687
44	97
44	1321
44	534
44	159
44	901
44	571
45	59
45	744
45	209
45	350
46	224
46	588
46	974
46	72
46	808
46	1229
46	1127
46	695
46	417
46	980
47	683
47	882
47	199
47	1402
47	1317
47	785
47	362
48	1012
48	98
48	1447
48	1263
48	1278
48	1489
48	313
48	1300
48	742
48	602
49	1337
49	629
49	1196
49	894
50	243
50	545
50	595
50	1332
50	800
50	1084
50	697
50	439
50	790
50	574
50	526
50	308
50	1138
50	942
50	489
50	1211
50	761
50	893
50	702
50	1142
50	973
50	1405
50	920
50	977
50	705
50	171
50	403
50	204
50	1340
50	1345
50	375
50	500
50	1437
50	815
50	1221
50	55
50	239
50	1279
50	1222
50	57
50	566
50	663
50	593
50	772
50	1414
50	127
51	1440
51	1492
51	1390
51	199
51	1391
52	1404
52	641
52	716
52	569
52	474
52	240
52	820
52	162
52	1289
52	698
52	946
53	526
53	1412
53	1468
53	1043
53	256
53	1336
53	1227
53	465
53	124
53	538
53	203
53	881
54	224
54	1388
54	862
54	282
54	515
54	1251
54	831
54	1036
54	358
54	1438
54	852
54	735
54	1070
54	896
54	875
55	243
55	973
55	1437
55	942
55	489
55	1279
55	593
55	171
55	1211
55	1084
55	574
56	812
56	214
56	767
56	775
56	849
56	1170
56	138
56	564
56	612
57	375
57	973
57	243
57	1222
57	920
57	489
57	239
57	942
57	593
57	1340
57	171
57	204
57	702
57	574
57	127
58	273
58	933
58	655
58	783
58	1126
58	479
59	1208
59	744
59	209
59	725
59	882
59	199
59	1317
59	350
59	147
60	1333
60	1119
61	456
61	140
61	1354
61	252
61	1299
61	1414
61	986
61	1343
61	1478
61	127
62	1201
62	84
62	700
62	1146
63	974
63	392
63	1015
64	1167
64	861
64	1486
64	931
64	933
64	1315
64	1352
64	527
64	567
64	1482
64	988
65	1399
65	208
65	1259
65	1339
65	589
65	759
65	179
65	1408
65	340
65	490
65	719
65	981
66	1178
66	1468
66	351
66	272
66	378
66	493
66	421
66	178
66	393
66	323
66	143
66	1285
66	533
66	1067
66	735
66	405
67	1412
67	224
67	753
67	1352
67	378
67	535
67	217
67	793
67	172
67	816
67	345
67	1452
67	1342
67	1213
67	400
68	997
69	1433
69	577
69	312
69	1028
69	1464
69	437
69	936
69	1488
69	387
69	326
70	930
70	407
70	506
70	1499
70	96
70	885
71	78
71	763
71	224
71	426
71	463
71	960
71	588
71	1006
71	378
71	889
71	1226
71	1083
71	344
71	1245
71	924
71	735
72	808
72	980
72	695
73	1335
73	570
73	922
73	836
73	980
74	1132
74	864
74	602
74	886
74	756
74	1334
74	576
74	334
74	1209
74	917
74	971
74	808
74	176
74	1493
74	1221
74	1242
74	1079
74	984
74	409
75	562
75	782
75	1470
75	1428
75	1438
75	852
75	896
75	875
76	604
76	1000
76	643
76	1392
76	467
77	546
77	94
77	1417
77	295
77	367
77	260
77	1125
77	1046
77	1025
77	115
77	1330
78	1083
78	217
78	735
78	1023
78	889
78	489
78	973
78	763
78	224
78	292
78	426
78	535
78	721
78	849
78	95
78	344
78	345
78	1342
78	564
78	924
78	541
78	236
78	588
78	378
78	1280
78	793
78	816
78	1153
78	1497
78	908
79	926
79	1409
79	789
80	836
81	1109
81	250
81	436
82	1378
82	426
82	760
82	1054
82	735
83	1411
83	309
83	668
83	542
83	1483
83	242
83	325
84	1201
84	700
84	1126
84	1146
85	1314
85	745
85	1116
85	888
85	704
85	633
85	455
85	266
85	103
85	584
85	746
85	1325
85	349
85	1177
86	483
86	758
86	1088
86	1171
86	1160
86	821
86	223
86	1136
87	1468
87	1113
87	666
88	707
88	1033
89	496
89	146
89	1199
90	1231
90	157
90	1398
90	93
90	1322
90	140
90	890
90	380
90	358
90	422
90	181
90	252
90	1298
90	1106
91	1231
91	190
91	890
91	422
91	93
91	1322
91	684
91	1273
91	320
91	1197
91	457
91	380
91	382
91	690
91	324
91	182
91	1415
92	526
92	842
92	279
92	1184
92	166
92	237
92	481
92	1086
92	1346
92	302
92	354
92	1484
92	218
92	267
92	1195
93	157
93	358
93	1231
93	1398
93	190
93	890
93	422
93	1106
93	1322
93	140
93	684
93	1273
93	252
93	320
93	1197
93	457
93	380
93	382
93	690
93	324
93	181
93	182
93	1415
94	546
94	295
94	1046
94	1025
94	115
94	1330
95	1023
95	973
95	236
95	564
95	224
95	889
95	489
95	849
95	1280
95	344
95	1153
96	930
96	407
96	109
96	506
96	1499
96	885
97	1321
97	534
97	901
97	571
98	1278
98	343
98	1489
98	313
99	1221
99	1334
99	1303
99	667
100	903
100	1469
100	1192
100	377
101	682
101	916
101	126
101	102
101	615
101	965
101	834
101	1413
101	170
102	965
102	1477
102	735
102	1183
102	916
102	866
102	1187
102	804
102	1049
102	170
102	1212
102	682
102	1296
102	1363
102	318
102	834
102	241
102	615
102	1369
102	816
102	1413
102	879
102	126
102	388
103	1177
103	266
103	704
104	1196
104	365
104	1306
105	299
105	992
105	1474
105	413
105	1063
105	1016
105	511
105	1022
105	916
105	552
105	605
105	1161
105	369
105	869
105	289
105	1162
105	1429
105	373
105	558
105	657
105	376
105	1220
105	1467
105	1496
105	1415
106	470
106	227
106	132
106	1370
106	186
106	492
106	1099
106	233
107	940
107	1325
107	349
107	762
108	230
108	259
108	195
108	640
109	1407
110	135
110	452
110	1381
110	360
110	1320
111	1108
111	1351
111	579
111	1223
111	241
111	1305
111	816
111	624
112	1015
112	808
112	980
113	268
113	565
113	904
114	1319
114	999
114	536
114	377
115	997
115	332
115	1185
115	1495
115	644
115	155
116	973
116	756
116	224
116	932
116	1425
116	142
116	884
116	386
117	323
117	793
117	378
117	735
118	1372
118	619
118	358
118	995
118	1397
118	837
118	368
118	1188
118	1215
118	1072
118	1007
118	1326
118	1241
118	210
118	568
118	381
118	1465
118	502
118	1283
118	1011
118	1106
119	618
119	1232
119	1456
119	858
119	1117
120	713
120	1411
120	1403
120	1086
120	589
120	150
120	759
120	738
120	1328
120	1332
120	652
120	870
120	504
120	1459
120	580
120	617
121	626
121	1056
121	737
122	1301
122	468
122	300
122	1471
122	1457
122	1379
122	1371
122	994
122	427
122	199
122	1238
122	787
122	1391
122	1377
122	232
122	1021
122	442
123	1423
123	1035
123	790
123	1327
123	271
123	733
124	1043
124	256
124	1336
124	1227
124	881
125	973
125	1239
125	1043
125	489
125	538
125	1051
126	965
126	735
126	916
126	866
126	1187
126	170
126	1212
126	682
126	241
126	615
126	1369
126	834
126	816
126	1413
126	879
127	243
127	595
127	1332
127	439
127	574
127	1478
127	942
127	489
127	1354
127	893
127	702
127	973
127	140
127	920
127	977
127	1340
127	171
127	252
127	1299
127	204
127	1343
127	375
127	456
127	500
127	566
127	790
127	1222
127	239
127	663
127	593
127	986
127	772
127	1414
128	278
128	1431
128	1449
128	500
128	1027
128	679
128	677
128	251
128	918
128	1031
128	948
128	423
128	1384
128	1268
128	1264
128	174
128	1230
129	346
129	836
129	730
130	650
130	1424
130	649
131	476
131	949
131	168
131	1383
131	1408
131	1244
131	740
131	1054
132	470
132	227
132	1370
132	186
132	492
132	1099
132	233
133	337
133	529
134	756
134	224
134	1334
134	1221
134	464
134	1368
134	297
134	1050
134	824
134	665
135	452
135	1381
135	360
135	1320
136	675
136	420
136	1124
136	286
136	950
136	1331
137	1371
137	575
137	544
138	812
138	214
138	767
138	775
138	849
138	1170
138	564
138	612
139	848
140	157
140	358
140	1478
140	1231
140	1398
140	890
140	422
140	1354
140	1322
140	252
140	1299
140	1343
140	456
140	380
140	181
140	986
140	1414
140	1106
141	451
141	630
141	281
141	262
141	703
141	282
141	863
141	877
141	951
141	1361
141	673
141	728
142	973
142	756
142	224
142	932
142	1425
142	884
142	386
143	1178
143	1468
143	351
143	272
143	378
143	493
143	421
143	178
143	393
143	323
143	1285
143	533
143	1067
143	735
143	405
144	1399
144	224
144	158
144	179
144	964
144	1093
144	450
144	307
144	981
145	1292
145	803
145	254
146	807
146	1421
146	1199
146	694
146	689
146	509
146	744
146	1453
147	1317
147	744
147	209
148	431
148	662
148	257
148	1308
148	1000
148	1367
148	154
148	258
148	797
148	1090
148	1051
148	1392
148	433
148	1290
148	1155
149	526
149	598
149	1043
149	224
150	545
150	596
150	264
150	776
150	620
150	1044
150	360
150	1332
150	1249
150	218
150	823
150	246
150	802
150	713
150	1086
150	759
150	1024
150	1427
150	652
150	580
150	842
150	1403
150	1163
150	402
150	1459
150	854
150	1195
150	952
150	1411
150	953
150	1035
150	790
150	1328
150	1038
150	591
150	928
150	1105
150	504
150	505
150	617
151	299
151	709
151	1063
151	1289
151	574
151	418
151	488
151	443
151	716
151	552
151	399
151	531
151	1161
151	739
151	970
151	373
151	474
151	657
151	1074
151	1297
151	1344
151	663
151	1173
151	989
151	990
152	1423
152	507
152	927
152	360
152	201
152	955
152	1257
153	165
153	1435
153	249
153	270
153	475
153	390
153	341
153	216
153	1170
153	530
153	1296
153	1324
153	1133
153	1165
153	156
153	169
153	518
154	431
154	662
154	257
154	1308
154	1000
154	1367
154	258
154	797
154	1090
154	1051
154	1392
154	433
154	1290
154	1155
155	997
155	1185
155	832
155	1495
156	165
156	1435
156	249
156	270
156	475
156	390
156	341
156	216
156	1170
156	530
156	1296
156	1324
156	1133
156	1165
156	169
156	518
157	1231
157	1398
157	1322
157	890
157	380
157	358
157	422
157	1106
157	181
157	252
158	1399
158	224
158	1093
158	450
158	981
159	571
159	534
160	1108
160	579
161	973
161	372
161	693
161	1442
161	847
161	993
161	1425
161	489
161	283
161	1466
161	181
161	1497
161	897
162	1404
162	641
162	716
162	569
162	474
162	240
162	820
162	1289
162	698
162	946
163	1487
163	1476
163	872
163	1066
163	1329
164	712
165	1435
165	249
165	270
165	475
165	390
165	341
165	216
165	1170
165	530
165	1296
165	1324
165	1133
165	1165
165	169
165	518
166	526
166	279
166	1184
166	481
166	237
166	842
166	1086
166	1346
166	302
166	354
166	1484
166	218
166	267
166	1195
167	1262
167	973
167	1253
167	1275
167	238
167	1356
167	678
167	1426
167	1010
167	855
167	923
167	854
167	957
167	387
168	740
168	818
168	315
168	476
168	221
168	949
168	851
168	1383
168	1408
168	1244
168	1265
168	1019
168	1054
169	1435
169	249
169	270
169	475
169	390
169	341
169	216
169	1170
169	530
169	1296
169	1133
169	1165
169	1324
169	518
170	965
170	916
170	866
170	1187
170	1212
170	682
170	1363
170	241
170	1369
170	816
170	834
170	615
170	1413
170	388
171	243
171	1084
171	574
171	942
171	489
171	1211
171	702
171	973
171	920
171	1340
171	204
171	375
171	1437
171	1222
171	239
171	1279
171	593
172	217
172	733
172	1229
172	331
172	735
172	938
172	1452
172	945
172	1118
172	228
172	535
172	272
172	294
172	1219
172	1035
172	588
172	378
172	1281
172	793
173	944
173	637
174	278
174	1431
174	1449
174	500
174	1027
174	1264
174	677
174	251
174	918
174	1031
174	948
174	423
174	1384
174	1268
174	679
174	1230
175	768
175	708
175	872
175	1476
176	602
176	808
177	1183
177	1478
178	1178
178	1468
178	351
178	272
178	378
178	493
178	421
178	393
178	323
178	1285
178	533
178	1067
178	735
178	405
179	410
179	283
179	964
179	780
179	1250
179	307
179	914
179	188
179	1399
179	756
179	828
179	887
179	191
179	759
179	489
179	1269
179	450
179	490
179	719
179	1093
179	340
179	973
179	224
179	471
179	1339
179	1408
179	516
179	639
179	981
179	234
179	406
179	208
179	1259
179	876
179	589
179	770
179	296
179	1009
179	1204
179	477
179	1081
179	1414
179	1497
179	461
180	1189
181	693
181	1442
181	993
181	358
181	283
181	1231
181	1398
181	1425
181	890
181	489
181	422
181	897
181	973
181	372
181	1322
181	847
181	252
181	380
181	1466
181	1497
181	1106
182	279
182	330
182	1231
182	190
182	890
182	422
182	1322
182	684
182	1273
182	1411
182	1491
182	320
182	1197
182	457
182	380
182	382
182	690
182	324
182	1129
182	1415
183	357
183	1192
184	1378
184	1137
184	520
184	426
184	960
184	560
184	983
184	924
184	899
185	194
185	937
185	1332
185	1425
186	470
186	374
186	1370
186	706
186	1099
186	233
187	1112
187	830
188	410
188	780
188	1250
188	307
188	1399
188	887
188	489
188	719
188	973
188	1339
188	1408
188	234
188	981
188	876
188	589
188	770
188	1204
188	1081
189	1076
189	499
189	191
189	553
189	259
189	809
189	816
189	385
189	741
190	1231
190	890
190	422
190	1322
190	684
190	1273
190	320
190	1197
190	457
190	380
190	382
190	690
190	324
190	1415
191	307
191	828
191	553
191	195
191	741
191	719
191	1456
191	471
191	809
191	981
191	406
191	1076
191	499
191	1055
191	259
191	1009
191	858
191	816
191	385
192	556
192	217
192	1488
192	387
192	326
193	524
193	1471
193	276
194	937
194	1332
194	1425
195	1055
195	1456
195	640
195	230
195	259
195	858
196	1394
197	459
197	1103
198	833
198	1203
198	408
199	882
199	994
199	362
199	1021
199	1355
199	1317
199	785
199	1025
199	1377
199	744
199	843
199	1457
199	683
199	1119
199	1030
199	1492
199	209
199	1391
199	459
200	269
200	645
200	1126
200	691
200	1479
200	539
200	1094
201	1423
201	507
201	927
201	360
201	955
201	1257
202	649
202	892
202	1080
202	978
202	794
202	307
202	430
203	526
203	967
203	1468
203	1043
203	1035
203	256
203	296
203	664
203	976
203	1227
203	465
203	598
203	538
203	599
203	1041
203	881
204	375
204	973
204	243
204	1222
204	920
204	489
204	239
204	942
204	593
204	1340
204	702
204	574
205	627
205	1406
205	1065
206	225
206	1078
206	1004
207	339
207	495
207	1210
208	1399
208	1259
208	1339
208	589
208	759
208	1408
208	340
208	490
208	719
208	981
209	744
209	882
209	1317
210	1326
210	1372
210	1215
210	1072
210	1241
210	568
210	619
210	368
210	1465
210	502
210	1007
210	995
210	1188
210	1283
210	1011
210	1397
211	971
211	1380
211	409
212	1301
212	534
212	473
212	1190
212	1439
212	913
212	539
212	1192
212	1252
213	958
213	219
213	1102
213	644
213	1025
213	459
214	812
214	767
214	775
214	849
214	1170
214	564
214	612
215	1178
215	485
215	1176
215	1468
215	405
216	1435
216	249
216	270
216	475
216	390
216	341
216	1170
216	1324
216	530
216	1296
216	1133
216	1165
216	518
217	753
217	733
217	1229
217	331
217	735
217	938
217	1352
217	889
217	1452
217	945
217	400
217	1118
217	224
217	556
217	228
217	535
217	1488
217	344
217	345
217	1342
217	272
217	1412
217	541
217	294
217	1219
217	1035
217	588
217	378
217	1281
217	793
217	816
217	387
217	908
217	326
218	279
218	481
218	596
218	302
218	264
218	620
218	1044
218	360
218	1249
218	823
218	802
218	526
218	1184
218	1086
218	759
218	1024
218	1427
218	1484
218	842
218	1163
218	402
218	854
218	1195
218	952
218	953
218	237
218	1035
218	1346
218	790
218	928
218	1038
218	591
218	1105
218	505
218	504
219	958
219	644
219	1025
219	459
220	1032
220	1048
220	724
220	265
220	1001
220	440
221	740
221	818
221	315
221	476
221	851
221	1383
221	1019
221	1054
223	483
223	758
223	1171
223	821
224	1043
224	932
224	753
224	1226
224	1310
224	572
224	1229
224	756
224	1399
224	489
224	1050
224	1141
224	400
224	763
224	292
224	849
224	1412
224	767
224	588
224	297
224	771
224	1245
224	1153
224	959
224	960
224	775
224	305
224	598
224	964
224	417
224	966
224	307
224	1334
224	1424
224	1425
224	973
224	426
224	974
224	1342
224	875
224	981
224	236
224	793
224	1083
224	711
224	884
224	526
224	334
224	1352
224	889
224	1269
224	450
224	1452
224	896
224	1093
224	1006
224	535
224	344
224	345
224	541
224	1009
224	1280
224	816
224	463
224	548
224	464
224	735
224	1023
224	649
224	828
224	650
224	1376
224	831
224	658
224	564
224	924
224	1388
224	1221
224	378
224	1127
224	386
225	1078
225	1004
225	1206
226	856
226	614
226	299
226	373
226	558
226	552
226	413
226	1063
226	1154
227	492
228	294
228	588
228	378
228	793
228	1452
228	735
228	272
229	498
229	565
230	259
230	640
231	1471
232	1238
232	787
233	470
233	1370
233	1099
234	1204
234	1250
234	307
234	981
235	1143
235	833
235	1454
235	408
236	1023
236	973
236	564
236	292
236	889
236	489
236	849
236	1280
236	344
236	1153
237	526
237	279
237	1184
237	481
237	842
237	1086
237	1346
237	302
237	354
237	1484
237	267
237	1195
238	973
238	1253
238	796
238	848
238	1010
238	923
238	854
238	387
239	375
239	973
239	243
239	1222
239	920
239	489
239	942
239	593
239	1340
239	702
239	574
240	1404
240	641
240	716
240	569
240	474
240	820
240	1289
240	698
240	946
241	1107
241	261
241	415
241	965
241	916
241	866
241	1351
241	1187
241	919
241	1212
241	427
241	615
241	816
241	1369
241	1305
241	1413
242	1411
242	309
242	668
242	542
242	1483
242	325
243	1084
243	574
243	1423
243	942
243	489
243	1211
243	702
243	973
243	920
243	1340
243	1195
243	1258
243	375
243	952
243	1035
243	1437
243	256
243	1222
243	1279
243	593
243	503
243	504
244	669
244	1126
244	273
245	973
245	1055
245	1456
245	446
245	910
245	1151
245	1157
245	489
245	835
245	597
245	775
245	858
245	490
245	1181
245	1129
245	1294
245	907
246	545
246	1163
246	596
246	759
246	776
246	1038
246	591
246	652
246	402
246	1249
246	504
246	580
246	854
246	1195
246	802
246	617
247	1454
247	469
247	1026
247	1122
247	1450
247	1143
247	1434
247	715
247	799
247	408
247	878
247	1047
248	401
248	1247
248	585
248	1357
249	1435
249	270
249	475
249	390
249	341
249	1170
249	530
249	1296
249	1324
249	1133
249	1165
249	518
250	1109
250	436
251	278
251	1431
251	1449
251	500
251	1027
251	679
251	677
251	1031
251	918
251	1384
251	948
251	423
251	1264
251	1268
251	1230
252	358
252	1478
252	1231
252	1398
252	890
252	422
252	1354
252	1322
252	1299
252	1343
252	456
252	380
252	986
252	1414
252	1106
253	1387
253	648
253	1131
253	1423
253	1139
253	994
253	359
253	360
253	1257
254	1292
254	803
255	1301
255	1189
256	1043
256	1227
256	1443
256	465
256	360
256	598
256	599
256	526
256	967
256	1423
256	1336
256	718
256	972
256	976
256	538
256	428
256	1195
256	723
256	498
256	519
256	788
256	1412
256	1169
256	1468
256	1258
256	1035
256	952
256	814
256	296
256	664
256	905
256	503
256	504
256	1282
256	1041
256	881
257	431
257	662
257	1308
257	1000
257	1367
257	258
257	797
257	1090
257	1051
257	1392
257	433
257	1290
257	1155
258	1308
258	643
258	797
258	1290
258	1000
258	1090
258	1051
258	565
258	431
258	1387
258	662
258	1367
258	1392
258	433
258	1155
259	1055
259	1076
259	499
259	640
259	1456
259	553
259	809
259	816
259	858
259	385
259	741
260	1125
260	1417
260	367
261	427
262	451
262	630
262	281
262	703
262	282
262	863
262	877
262	951
262	1361
262	673
262	728
263	605
263	330
263	968
264	596
264	620
264	1044
264	360
264	823
264	802
264	759
264	1024
264	1427
264	842
264	1163
264	854
264	1195
264	952
264	1035
264	790
264	928
264	1038
264	591
264	1105
264	505
264	504
265	1032
265	724
265	1001
266	888
266	704
266	584
266	1325
266	1177
267	526
267	279
267	1184
267	481
267	842
267	302
267	354
267	1484
268	565
268	904
269	691
269	1094
270	1435
270	475
270	390
270	341
270	1170
270	530
270	1296
270	1324
270	1133
270	1165
270	518
271	1423
271	1035
271	790
271	1327
271	792
271	733
272	1178
272	393
272	1067
272	735
272	421
272	1452
272	533
272	493
272	405
272	294
272	351
272	588
272	378
272	323
272	793
272	1285
272	1468
273	655
273	783
273	669
273	495
273	1126
273	1194
273	479
273	979
273	1071
274	602
275	587
275	1485
275	1416
275	1302
275	1073
275	1128
277	757
277	1475
277	1140
277	646
277	1286
278	1431
278	1449
278	500
278	1027
278	679
278	677
278	918
278	1031
278	948
278	423
278	1384
278	1268
278	1264
278	1230
279	481
279	302
279	330
279	526
279	1183
279	1184
279	1086
279	1484
279	1004
279	842
279	1195
279	1411
279	1491
279	789
279	1346
279	354
279	1129
280	688
280	1451
280	335
281	451
281	630
281	703
281	282
281	863
281	877
281	951
281	1361
281	673
281	728
282	862
282	358
282	863
282	673
282	1251
282	356
282	1070
282	703
282	451
282	630
282	515
282	831
282	852
282	951
282	1361
282	875
282	1121
282	1036
282	1438
282	877
282	728
283	693
283	1442
283	993
283	914
283	1425
283	489
283	897
283	973
283	372
283	847
283	516
283	981
283	1461
283	1222
283	296
283	1466
283	1414
283	1497
284	661
285	432
285	1394
285	848
285	796
286	675
286	1069
286	420
286	1005
286	1124
286	712
286	950
286	765
286	1331
287	1407
288	1325
289	298
289	299
289	992
289	1474
289	1016
289	511
289	1022
289	916
289	552
289	605
289	1161
289	869
289	1162
289	1429
289	373
289	657
289	376
289	1467
289	1496
289	1415
290	621
290	1313
290	1106
290	358
291	642
291	1478
292	889
292	344
293	362
293	1240
294	588
294	378
294	793
294	1452
294	735
295	546
295	1046
295	1330
296	1043
296	1473
296	1062
296	1395
296	598
296	822
296	599
296	780
296	1250
296	914
296	1023
296	967
296	489
296	1426
296	1235
296	973
296	721
296	976
296	921
296	538
296	516
296	981
296	1468
296	1035
296	1389
296	664
296	1280
296	477
296	1041
296	1414
296	1497
297	756
297	1334
297	1221
297	464
297	1050
298	373
298	916
298	552
298	1277
298	1161
298	1016
298	1496
298	330
298	1415
299	709
299	1474
299	413
299	1063
299	1016
299	1289
299	574
299	418
299	1022
299	552
299	716
299	1161
299	369
299	739
299	970
299	1162
299	373
299	558
299	474
299	657
299	856
299	614
299	1220
299	1173
299	1467
299	989
299	1154
299	1415
300	982
300	468
300	1208
300	1457
300	1351
300	427
301	1423
301	1387
301	1087
301	659
301	303
301	1257
301	366
301	360
301	839
301	1304
301	486
301	1207
301	929
302	526
302	1184
302	481
302	842
302	1346
302	1086
302	354
302	1484
302	1195
303	1423
303	1387
303	1087
303	659
303	1257
303	366
303	360
303	839
303	1304
303	486
303	1207
303	929
304	1196
304	969
305	1424
305	649
305	650
305	548
305	658
305	966
306	661
306	1446
306	613
307	964
307	780
307	1250
307	828
307	649
307	887
307	489
307	892
307	1269
307	490
307	450
307	719
307	973
307	471
307	656
307	978
307	639
307	430
307	981
307	1168
307	406
307	876
307	1009
307	1204
307	1080
307	794
307	461
308	545
308	596
308	800
308	697
308	526
308	1086
308	1138
308	1268
308	761
308	1142
308	1405
308	705
308	402
308	403
308	1195
308	1345
308	375
308	500
308	815
308	1276
308	1221
309	1411
309	668
309	542
309	1483
309	325
310	1034
310	915
310	1401
310	1254
310	722
310	417
310	909
311	1057
311	1225
312	1433
312	577
312	1028
312	1464
312	437
312	936
312	1488
312	387
312	326
313	1489
313	1278
314	827
314	1335
314	1114
314	628
314	497
314	1350
315	740
315	818
315	476
315	851
315	1383
315	1019
315	1054
316	603
316	1145
316	651
316	510
316	1445
316	1189
317	1075
317	911
317	1159
318	1183
318	916
318	804
318	1049
318	1296
318	1477
318	1413
319	1495
319	1481
320	1231
320	890
320	422
320	1322
320	684
320	1273
320	1197
320	457
320	380
320	382
320	690
320	324
320	1415
321	714
321	588
321	342
321	1008
321	1164
321	735
322	840
322	922
323	1178
323	393
323	1067
323	735
323	421
323	1452
323	533
323	493
323	405
323	351
323	378
323	793
323	1285
323	1468
324	1231
324	890
324	422
324	1322
324	684
324	1273
324	1197
324	457
324	380
324	382
324	690
324	1415
325	1411
325	766
325	668
325	542
325	1483
326	556
326	1433
326	577
326	1028
326	1464
326	437
326	936
326	1488
326	387
327	1201
327	1146
328	895
328	1475
329	1332
329	1498
329	857
330	1411
330	1491
330	625
330	968
330	1277
330	605
330	1129
331	1035
331	378
331	793
331	733
331	1452
332	676
333	653
334	756
334	1334
334	576
334	649
334	1221
334	1132
334	1141
335	939
335	688
335	1013
335	1485
335	1307
335	769
335	1463
335	1451
335	685
335	652
335	922
335	416
335	1128
335	743
336	509
336	1060
336	622
336	1469
337	622
337	529
338	1002
338	590
338	398
338	454
338	396
338	859
339	495
339	874
339	1210
340	1399
340	1259
340	1339
340	589
340	588
340	1425
340	759
340	847
340	1332
340	1408
340	490
340	719
340	981
341	1435
341	475
341	390
341	1170
341	530
341	1296
341	1324
341	1133
341	1165
341	518
342	714
342	649
342	588
342	1008
342	718
342	1164
342	1141
342	498
342	735
344	1083
344	1395
344	1250
344	735
344	1023
344	889
344	448
344	489
344	1452
344	1235
344	973
344	763
344	426
344	535
344	721
344	849
344	345
344	1342
344	564
344	924
344	1239
344	541
344	1389
344	588
344	378
344	1280
344	793
344	504
344	816
344	1153
344	1497
344	908
345	774
345	753
345	1352
345	889
345	1213
345	400
345	1432
345	535
345	1028
345	1342
345	1412
345	541
345	793
345	816
345	908
346	1096
346	1433
346	1349
346	975
346	730
346	1111
346	1230
346	836
346	1478
347	867
347	1312
347	1149
347	981
348	637
349	940
349	762
349	1325
350	744
351	1178
351	1468
351	378
351	493
351	421
351	393
351	1285
351	533
351	1067
351	735
351	405
352	1045
352	1260
352	1374
353	1177
354	526
354	1184
354	481
354	842
354	1484
355	1287
355	631
355	778
355	875
355	996
356	1121
357	1192
358	862
358	619
358	621
358	1313
358	1251
358	1231
358	1398
358	837
358	890
358	422
358	1070
358	1322
358	515
358	831
358	852
358	875
358	1036
358	380
358	381
358	1438
358	502
358	1283
358	1106
359	648
359	1131
359	1139
359	994
360	1043
360	596
360	1131
360	620
360	1044
360	486
360	823
360	1207
360	802
360	1423
360	1087
360	759
360	366
360	1024
360	1427
360	839
360	1320
360	842
360	1163
360	452
360	1381
360	507
360	854
360	1195
360	659
360	1257
360	952
360	519
360	1169
360	1387
360	1035
360	790
360	927
360	928
360	1304
360	1038
360	591
360	1105
360	505
360	504
360	905
360	955
360	929
361	900
361	1218
362	843
362	1240
362	683
362	882
362	1030
362	1179
362	671
362	1355
362	1317
362	785
362	1377
362	607
363	1196
363	998
363	1365
363	1152
364	1307
364	1266
364	458
364	819
364	1160
364	1243
364	1323
364	523
365	1196
365	1306
366	1423
366	1387
366	1087
366	659
366	1257
366	839
366	1304
366	486
366	1207
366	929
367	1417
367	1125
368	1326
368	1372
368	1215
368	1072
368	1241
368	568
368	619
368	1465
368	502
368	1007
368	995
368	1188
368	1283
368	1011
368	1397
369	373
369	1220
369	558
369	552
369	1474
369	413
369	1063
369	1161
369	1016
369	1415
370	1445
371	1455
371	661
371	1436
371	1446
371	613
372	973
372	693
372	1442
372	847
372	993
372	1425
372	489
372	1466
372	1497
372	897
373	709
373	992
373	1474
373	413
373	1063
373	1016
373	511
373	1289
373	574
373	418
373	1022
373	916
373	552
373	716
373	605
373	1161
373	869
373	739
373	970
373	1162
373	1429
373	608
373	558
373	494
373	474
373	657
373	1297
373	856
373	614
373	376
373	1220
373	1173
373	1467
373	1175
373	1496
373	989
373	1154
373	1415
374	706
375	545
375	595
375	1373
375	596
375	1332
375	800
375	697
375	439
375	574
375	526
375	1138
375	942
375	489
375	761
375	893
375	702
375	1142
375	973
375	1405
375	920
375	977
375	705
375	1340
375	403
375	1345
375	500
375	521
375	815
375	1221
375	1222
375	566
375	663
375	790
375	593
375	772
375	1414
376	916
376	552
376	1474
376	1161
376	1016
376	869
376	511
376	1496
376	1429
377	999
377	1116
377	536
377	1261
378	1178
378	393
378	1083
378	733
378	1229
378	1067
378	735
378	889
378	421
378	1452
378	533
378	763
378	426
378	493
378	535
378	924
378	405
378	1035
378	588
378	1281
378	793
378	1285
378	1468
379	495
379	726
380	1231
380	1398
380	890
380	422
380	1106
380	1322
380	684
380	1273
380	1197
380	457
380	382
380	690
380	1415
381	837
381	619
381	502
381	1283
381	1106
382	1231
382	890
382	422
382	1322
382	684
382	1273
382	1197
382	457
382	690
382	1415
383	1314
383	1182
384	973
384	756
384	588
384	847
384	489
384	1332
384	555
385	1076
385	499
385	553
385	809
385	816
385	741
386	973
386	756
386	932
386	1425
386	884
387	437
387	936
387	1253
387	577
387	973
387	556
387	1433
387	1028
387	1488
387	923
387	854
387	1464
387	1010
388	965
388	615
388	1413
388	1363
389	470
389	1099
390	1435
390	475
390	1170
390	530
390	1296
390	1324
390	1133
390	1165
390	518
391	973
391	1395
391	1062
391	489
392	444
392	974
392	686
392	459
393	1178
393	1468
393	493
393	421
393	1285
393	533
393	1067
393	735
393	405
394	616
394	644
394	578
394	962
395	478
395	490
395	981
396	411
396	590
396	398
396	454
396	1347
397	514
397	495
397	1193
398	1002
398	1288
398	590
398	454
398	1089
398	1475
398	860
398	1098
398	859
398	601
398	913
398	623
399	488
399	443
399	663
399	474
399	531
399	1074
399	574
400	1412
400	753
400	1352
400	535
400	793
400	816
400	1342
400	1213
401	1247
401	585
401	1357
402	545
402	596
402	776
402	1249
402	802
402	526
402	1086
402	1138
402	759
402	1268
402	652
402	580
402	842
402	1163
402	1144
402	403
402	854
402	1195
402	952
402	953
402	500
402	589
402	1276
402	1038
402	591
402	504
402	1224
402	617
403	545
403	596
403	800
403	697
403	526
403	1086
403	1138
403	1268
403	761
403	1142
403	1405
403	705
403	1195
403	1345
403	500
403	815
403	1276
403	1221
404	750
404	509
404	1448
405	1178
405	485
405	1067
405	735
405	421
405	533
405	493
405	1176
405	1285
405	1468
406	471
406	828
406	1009
406	719
406	981
407	930
407	506
407	1499
407	885
408	1454
408	1122
408	1450
408	1143
408	1434
408	715
408	833
408	1203
408	878
409	886
409	425
409	708
409	1334
409	1380
409	1493
409	576
409	1209
409	917
409	1221
409	848
409	1366
409	1242
409	1079
409	984
409	971
410	1399
410	1339
410	589
410	770
410	1271
410	1408
410	477
410	780
410	1081
410	719
410	735
410	981
411	454
411	1347
412	632
412	1338
412	543
413	856
413	614
413	558
413	1220
413	552
413	1474
413	1063
413	1161
413	1016
413	1154
413	1415
414	622
414	991
414	1469
415	1107
415	919
416	939
416	1307
416	769
416	652
417	1034
417	588
417	974
417	1229
417	1127
417	722
417	987
418	709
418	552
418	716
418	474
418	657
418	1173
418	1063
418	1161
418	739
418	970
418	989
418	1289
418	574
419	795
419	1448
419	1150
419	509
420	675
420	1124
420	950
420	1331
421	1178
421	1468
421	493
421	1285
421	533
421	1067
421	735
422	1231
422	1398
422	890
422	1106
422	1322
422	684
422	1273
422	1197
422	457
422	690
422	1415
423	1431
423	1449
423	500
423	1027
423	679
423	677
423	918
423	1031
423	948
423	1384
423	1264
423	1268
423	1230
424	1326
424	1172
424	754
424	1256
424	853
424	1191
425	708
425	1334
425	1221
425	1366
425	848
425	883
425	429
426	463
426	960
426	1226
426	1083
426	735
426	1137
426	889
426	760
426	899
426	1378
426	763
426	560
426	1006
426	924
426	1054
426	520
426	983
426	588
426	1245
427	982
427	468
427	1457
427	1351
427	696
427	1371
428	814
428	1035
428	718
428	1282
428	723
428	498
429	708
429	848
429	883
430	649
430	892
430	1080
430	978
430	794
431	662
431	1308
431	1000
431	1367
431	797
431	1090
431	1051
431	1392
431	433
431	1290
431	1155
432	1394
432	848
432	796
433	662
433	1308
433	1000
433	1367
433	797
433	1090
433	1051
433	1392
433	1290
433	1155
434	1262
434	1216
434	1052
434	748
435	636
435	1208
436	1109
436	701
436	1042
437	1433
437	577
437	1028
437	1464
437	936
437	1488
438	669
439	595
439	500
439	566
439	790
439	663
439	977
439	1332
439	893
439	772
439	1414
440	1048
440	1174
440	670
441	819
441	833
441	1307
441	1266
442	468
442	1457
442	1471
442	1371
443	488
443	663
443	474
443	531
443	1074
443	574
444	459
444	686
445	524
445	1471
445	1082
446	447
446	784
446	1181
446	1166
446	1157
446	907
447	781
447	1480
447	1166
447	961
447	784
447	486
447	565
448	1023
448	973
448	1239
448	1389
448	889
448	489
448	849
448	1280
448	1395
448	504
448	1250
448	564
448	1235
449	1234
449	1004
450	1399
450	964
450	1093
450	981
451	630
451	703
451	863
451	877
451	951
451	1361
451	673
451	728
452	1381
452	1320
453	1192
453	1441
454	590
454	1347
454	1098
454	623
455	633
455	1177
456	1354
456	1299
456	1414
456	986
456	1343
456	1478
457	1231
457	890
457	1322
457	684
457	1273
457	1197
457	690
457	1415
458	687
458	925
458	1307
458	819
458	841
458	1348
459	958
459	962
459	1475
459	1419
459	1156
459	644
459	512
459	578
459	1025
459	873
459	1119
459	686
459	1386
459	1102
459	1123
459	1103
459	1205
459	616
460	819
460	1307
460	1266
461	1381
461	828
461	719
461	1009
461	1376
461	1269
461	490
461	780
461	639
461	981
462	1317
462	661
462	613
463	960
463	1006
463	1226
463	1245
463	735
464	756
464	1334
464	1221
464	1050
465	1043
465	1227
465	538
465	881
466	582
466	1233
466	1471
467	604
467	1000
467	643
467	1392
468	1471
468	1457
468	1371
469	1026
470	1272
470	687
470	1370
470	1099
471	828
471	1009
471	719
471	981
472	613
473	913
473	539
473	1252
474	709
474	641
474	569
474	1063
474	820
474	1289
474	574
474	698
474	488
474	716
474	552
474	531
474	1161
474	739
474	970
474	946
474	1404
474	657
474	1074
474	1297
474	1344
474	663
474	1173
474	989
474	990
475	1435
475	1170
475	530
475	1296
475	1324
475	1133
475	1165
475	518
476	1246
476	740
476	818
476	851
476	949
476	1383
476	1408
476	1244
476	583
476	1265
476	1019
476	1054
476	1364
477	1062
477	1395
477	780
477	1250
477	914
477	1023
477	489
477	1426
477	719
477	1235
477	973
477	721
477	981
477	1389
477	1280
477	1497
478	717
478	490
478	1318
478	981
480	1309
480	850
481	526
481	1184
481	842
481	1086
481	1346
481	1484
481	1195
482	498
482	565
482	1147
483	758
483	821
484	1075
484	509
484	1448
485	1178
485	1176
485	1468
486	1423
486	1387
486	1087
486	659
486	1257
486	839
486	1304
486	565
486	1207
486	929
487	592
487	1010
488	663
488	531
488	1074
488	574
489	1043
489	1395
489	574
489	756
489	942
489	490
489	1051
489	1235
489	847
489	849
489	1239
489	588
489	1151
489	593
489	504
489	1414
489	1153
489	693
489	1062
489	1332
489	780
489	1250
489	1129
489	1425
489	1426
489	702
489	973
489	1340
489	516
489	1164
489	981
489	1437
489	876
489	1442
489	993
489	1084
489	889
489	1269
489	897
489	1093
489	721
489	538
489	634
489	1461
489	1279
489	1280
489	1466
489	1473
489	910
489	822
489	1023
489	914
489	1211
489	1294
489	555
489	920
489	921
489	564
489	1389
489	1222
489	1497
490	910
490	1399
490	828
490	759
490	1269
490	1294
490	719
490	973
490	1339
490	1381
490	656
490	1408
490	981
490	1168
490	1259
490	589
490	1151
490	1009
490	1129
491	756
491	845
491	1493
491	576
491	1193
491	627
491	495
492	1394
493	1178
493	1468
493	1285
493	533
493	1067
493	735
494	1161
494	1016
495	1252
495	756
495	576
495	627
495	783
495	1210
495	845
495	514
495	1193
495	1101
495	1493
495	1126
495	726
495	880
496	1199
497	827
497	1335
497	1114
497	628
497	1350
498	814
498	1035
498	649
498	718
498	1282
498	1141
498	1147
498	723
498	565
499	1076
499	553
499	809
499	816
499	741
500	595
500	596
500	1264
500	1332
500	1230
500	526
500	1086
500	1449
500	1138
500	677
500	918
500	1268
500	893
500	679
500	1431
500	1027
500	977
500	948
500	1031
500	1384
500	1195
500	566
500	1276
500	790
500	663
500	772
500	1414
501	1457
502	1372
502	619
502	995
502	1397
502	837
502	1188
502	1215
502	1072
502	1007
502	1326
502	1241
502	568
502	1465
502	1283
502	1011
502	1106
503	1423
503	1035
503	790
503	792
503	976
503	1258
503	598
503	1270
503	599
503	504
503	1041
503	1195
503	952
504	545
504	596
504	776
504	620
504	1044
504	1395
504	598
504	1249
504	599
504	1250
504	823
504	1332
504	802
504	1023
504	713
504	1086
504	1423
504	889
504	759
504	1024
504	1427
504	652
504	580
504	1235
504	842
504	973
504	1403
504	1163
504	849
504	1144
504	1459
504	564
504	854
504	1195
504	952
504	1258
504	1239
504	1411
504	953
504	1035
504	1389
504	589
504	790
504	1328
504	1038
504	1280
504	591
504	928
504	1105
504	505
504	1041
504	1224
504	617
505	596
505	620
505	1044
505	823
505	802
505	759
505	1024
505	1427
505	842
505	1163
505	854
505	1195
505	952
505	1035
505	790
505	928
505	1038
505	591
505	1105
506	930
506	1499
506	885
507	1423
507	927
507	955
507	1257
508	1217
508	559
508	934
508	581
508	1353
508	606
508	787
509	795
509	935
509	1420
509	671
509	622
509	1115
509	1422
509	1448
509	744
509	1453
509	807
509	1360
509	1075
509	1150
509	1278
509	689
509	750
509	1060
509	956
509	1469
510	603
510	1445
510	1189
511	916
511	552
511	1474
511	1161
511	1016
511	869
511	1496
511	1429
512	1156
512	873
512	1205
512	1386
513	1377
514	1193
515	862
515	1036
515	1251
515	831
515	1438
515	852
515	1070
515	875
516	914
516	973
516	1414
516	1497
516	981
517	1228
517	985
517	1472
518	1435
518	1170
518	530
518	1296
518	1324
518	1133
518	1165
519	1169
519	1043
519	905
519	972
520	1137
520	1378
520	560
520	983
520	924
521	545
521	1373
521	596
521	1405
521	761
522	669
523	1307
523	1266
523	819
523	1160
523	1243
523	1323
524	1082
524	1471
524	582
525	811
526	545
526	1043
526	596
526	1227
526	598
526	800
526	697
526	1184
526	1086
526	1138
526	1268
526	761
526	1484
526	1142
526	842
526	1405
526	705
526	538
526	1195
526	1345
526	1468
526	1346
526	815
526	1276
526	1221
526	881
527	1167
527	1486
527	931
527	933
527	1315
527	1352
527	567
527	1482
527	988
528	1186
528	1261
529	622
530	1435
530	1170
530	1324
530	1296
530	1133
530	1165
531	663
531	1074
531	574
532	1412
532	1277
532	1043
532	735
533	1178
533	1285
533	1468
533	1067
533	735
534	1301
534	1321
534	901
534	571
534	1439
534	1192
535	774
535	753
535	1352
535	889
535	1452
535	1213
535	1432
535	1028
535	1342
535	1412
535	541
535	793
535	816
535	908
536	1301
536	999
536	1116
536	944
536	563
536	1017
536	1319
536	1325
537	963
537	1045
538	1043
538	1227
538	1443
538	598
538	599
538	967
538	1051
538	973
538	976
538	1239
538	788
538	1468
538	1412
538	1035
538	664
538	1041
538	881
539	736
539	943
539	1341
539	1126
539	594
539	1190
539	913
539	653
539	1252
540	1263
540	661
540	1255
541	889
541	793
541	816
541	1342
541	908
542	1411
542	668
542	1483
543	1012
543	1263
543	632
543	638
543	611
544	575
544	1371
545	596
545	1373
545	776
545	1249
545	800
545	697
545	802
545	1138
545	759
545	652
545	761
545	580
545	1142
545	1163
545	1405
545	705
545	854
545	1195
545	1345
545	815
545	1221
545	1038
545	591
545	617
546	1046
546	1025
546	1330
547	1385
547	1399
547	981
548	1424
548	649
548	650
548	658
548	966
549	866
549	1369
549	858
549	898
549	1410
550	1491
550	1425
550	1332
550	990
550	1018
551	638
551	1263
551	654
552	709
552	992
552	1474
552	1063
552	1016
552	1289
552	574
552	1022
552	916
552	716
552	605
552	1161
552	869
552	739
552	970
552	1162
552	1429
552	608
552	558
552	657
552	856
552	614
552	1220
552	1173
552	1467
552	1175
552	1496
552	989
552	1154
552	1415
553	1076
553	809
553	816
553	741
554	1468
555	973
555	756
555	588
555	847
555	1332
556	1488
557	616
558	856
558	614
558	1220
558	1474
558	1063
558	1161
558	1016
558	1154
558	1415
559	934
559	1353
559	606
559	787
560	1137
560	1378
560	983
560	924
561	1262
561	1107
561	1359
561	919
562	782
562	875
562	1428
562	1438
562	852
562	896
562	1470
563	1301
564	775
564	1395
564	1250
564	1023
564	889
564	1235
564	973
564	721
564	849
564	612
564	812
564	1239
564	767
564	1389
564	1170
564	1280
564	1153
564	1497
565	961
565	643
565	797
565	777
565	781
565	1480
565	1000
565	784
565	1051
565	1092
565	1166
565	1147
565	1387
565	904
565	1367
565	1392
566	595
566	790
566	663
566	977
566	1332
566	893
566	772
566	1414
567	1167
567	1486
567	931
567	933
567	1315
567	1352
567	1482
567	988
568	1326
568	1372
568	1215
568	1072
568	1241
568	619
568	1465
568	1007
568	995
568	1188
568	1283
568	1011
568	1397
569	1404
569	641
569	716
569	820
569	1289
569	698
569	946
570	1335
570	922
570	836
570	980
571	1321
571	901
572	1411
572	767
572	775
572	771
572	711
572	773
573	962
574	709
574	1063
574	1084
574	1289
574	716
574	942
574	1161
574	1211
574	739
574	970
574	702
574	973
574	920
574	657
574	1340
574	1074
574	1437
574	1222
574	1279
574	1173
574	663
574	593
574	989
575	1371
576	1132
576	864
576	886
576	756
576	1334
576	627
576	917
576	971
576	845
576	1193
576	1493
576	1221
576	1079
577	1433
577	1028
577	1464
577	936
577	1488
578	616
578	962
579	1108
579	1223
579	816
579	624
580	596
580	776
580	1332
580	1249
580	802
580	713
580	1086
580	759
580	738
580	652
580	870
580	1403
580	1163
580	1144
580	1459
580	854
580	1195
580	1411
580	589
580	1328
580	1038
580	591
580	1224
580	617
581	1217
581	787
582	1233
582	1471
583	740
583	1246
583	1364
583	1054
584	888
584	1177
585	1247
585	1357
586	1334
586	1263
586	891
586	1180
586	1079
587	1302
587	1160
587	922
588	1083
588	1332
588	1229
588	735
588	756
588	714
588	889
588	1425
588	1452
588	973
588	763
588	974
588	847
588	1008
588	1164
588	924
588	793
588	1127
589	1399
589	759
589	738
589	870
589	719
589	1339
589	1144
589	1408
589	981
589	1259
589	770
589	1081
589	1224
591	596
591	776
591	620
591	1044
591	1249
591	823
591	802
591	1086
591	759
591	1024
591	1427
591	652
591	842
591	1163
591	854
591	1195
591	952
591	953
591	1035
591	790
591	1038
591	928
591	1105
591	617
592	1010
593	1084
593	942
593	1211
593	702
593	973
593	920
593	1340
593	1437
593	1222
593	1279
594	736
594	1237
594	943
594	1341
594	1020
595	790
595	663
595	977
595	1332
595	893
595	772
595	1414
596	1373
596	776
596	620
596	1044
596	1249
596	823
596	802
596	1086
596	1138
596	759
596	1024
596	1427
596	1268
596	652
596	761
596	680
596	842
596	1163
596	854
596	1195
596	952
596	953
596	1035
596	1276
596	790
596	1038
596	928
596	1105
596	617
597	858
598	1043
598	599
598	967
598	1270
598	976
598	952
598	1258
598	1035
598	664
598	1041
599	967
599	1043
599	1035
599	664
599	976
599	1041
599	952
599	1258
600	1225
600	1463
601	1098
602	1263
602	737
602	1015
602	829
602	808
602	1293
602	1396
602	742
603	1445
603	1189
604	1000
604	643
604	1392
605	968
605	1474
605	1161
605	1016
605	1415
606	934
606	1353
606	787
608	992
608	1016
608	1175
609	726
609	871
610	810
610	795
610	1448
611	638
611	1263
612	812
612	767
612	775
612	849
612	1170
613	1455
613	661
613	1436
613	1375
613	1358
613	1446
614	856
614	1063
614	1154
615	965
615	735
615	916
615	866
615	1187
615	1212
615	682
615	1363
615	834
615	1369
615	816
615	879
615	1413
616	962
616	644
617	776
617	1332
617	1249
617	802
617	713
617	1086
617	759
617	652
617	1403
617	1163
617	1459
617	854
617	1195
617	1411
617	1328
617	1038
618	1232
618	1456
618	858
618	1117
619	1372
619	995
619	1397
619	837
619	1188
619	1215
619	1072
619	1007
619	1326
619	1241
619	1465
619	1283
619	1011
619	1106
620	1044
620	823
620	802
620	759
620	1024
620	1427
620	842
620	1163
620	854
620	1195
620	952
620	1035
620	790
620	928
620	1038
620	1105
621	1313
621	1106
622	991
622	1060
622	1469
623	1098
623	860
623	913
624	1108
624	1223
624	816
625	786
625	706
625	846
626	1056
626	737
626	1120
627	756
627	845
627	1493
627	1193
627	1406
628	827
628	1335
628	1114
628	1350
629	1337
629	1196
629	894
630	703
630	863
630	877
630	951
630	1361
630	673
630	728
631	1287
631	778
631	875
631	996
633	1177
634	973
634	847
634	1425
634	1164
634	981
635	1291
635	1334
635	1357
635	1079
636	1208
637	944
638	1012
638	1214
638	654
638	1263
639	828
639	719
639	1009
639	1376
639	1269
639	780
639	981
641	1404
641	716
641	820
641	1289
641	698
641	946
643	1387
643	1000
643	1367
643	797
643	1051
643	1392
644	958
644	1025
645	1479
646	757
646	1475
646	1140
646	1286
647	1130
647	900
647	1037
648	1131
648	1139
648	994
649	966
649	1424
649	650
649	892
649	718
649	1141
649	1381
649	978
649	658
649	981
649	1080
649	794
650	1424
650	658
651	1145
651	1351
651	1189
652	1307
652	776
652	1332
652	1249
652	802
652	713
652	939
652	1086
652	759
652	1403
652	1163
652	1459
652	854
652	1195
652	1411
652	769
652	1328
652	1038
653	940
653	999
653	1325
653	1261
654	1263
655	1126
655	783
656	973
656	1168
656	1269
656	719
656	981
657	709
657	1474
657	1063
657	1016
657	1289
657	1022
657	716
657	1161
657	739
657	970
657	1162
657	1297
657	1344
657	1173
657	1467
657	989
657	990
657	1415
658	1424
658	966
659	1423
659	1387
659	1087
659	1257
659	839
659	1304
659	1207
659	929
660	1278
660	671
660	791
661	1455
661	1436
661	1263
661	1255
661	1446
662	1308
662	1000
662	1367
662	797
662	1090
662	1051
662	1392
662	1290
662	1155
663	1332
663	893
663	977
663	1074
663	790
663	772
663	1414
664	967
664	1043
664	1035
664	976
664	1041
665	1368
666	1468
666	1113
667	1303
668	1411
668	1483
669	1292
669	1126
669	1194
669	1295
670	1174
671	1278
671	791
671	750
671	956
672	773
672	1148
672	1085
673	703
673	863
673	877
673	728
674	1351
674	1208
674	1371
675	1124
675	950
675	1331
677	1431
677	1449
677	1027
677	679
677	1031
677	918
677	1384
677	948
677	1264
677	1268
677	1230
678	1262
678	973
678	1426
678	1010
678	855
678	957
679	1431
679	1449
679	1027
679	1264
679	918
679	1031
679	948
679	1384
679	1268
679	1230
680	1405
680	854
680	1195
681	712
682	834
682	916
682	866
682	1187
682	1413
682	735
682	1369
682	965
682	879
683	882
683	1402
683	1317
683	785
684	1231
684	890
684	1322
684	1273
684	1197
684	690
684	1415
687	1272
687	1307
687	841
687	1099
688	1451
689	935
690	1231
690	890
690	1322
690	1273
690	1197
690	1415
691	1094
692	708
692	1267
692	1476
693	973
693	1442
693	847
693	993
693	1425
693	1466
693	1497
693	897
695	808
695	980
696	1351
697	1138
697	815
697	1405
697	1221
697	705
697	800
697	761
697	1142
697	1345
698	1404
698	716
698	820
698	1289
698	946
699	991
699	729
700	1201
700	1146
701	1042
702	973
702	1222
702	920
702	942
702	1340
703	863
703	877
703	951
703	1361
703	728
704	1177
705	1138
705	815
705	1405
705	1221
705	800
705	761
705	1142
705	1345
706	786
707	1033
707	1311
707	839
707	826
708	1334
708	1221
708	1366
708	848
708	1267
708	1476
708	883
708	1158
709	716
709	1173
709	1063
709	1161
709	1297
709	739
709	970
709	989
709	1289
710	1097
710	941
710	807
710	1058
711	767
711	775
711	771
712	1135
712	1069
712	1005
712	1040
712	734
712	765
713	1411
713	1403
713	1086
713	1328
713	1332
713	1459
714	1008
714	1164
714	735
715	1454
715	1122
715	1434
715	1450
715	1143
715	878
716	1063
716	820
716	1289
716	1161
716	739
716	970
716	946
716	1404
716	1297
716	1344
716	1173
716	989
716	990
717	1318
717	981
718	814
718	1035
718	1282
718	1141
718	723
719	780
719	735
719	1399
719	828
719	887
719	759
719	1376
719	1269
719	1271
719	973
719	1339
719	1381
719	1408
719	981
719	1168
719	1259
719	770
719	1009
719	1204
719	1081
720	805
720	1411
721	1062
721	1395
721	1250
721	1023
721	914
721	889
721	1426
721	1235
721	973
721	849
721	1389
721	1280
721	1153
721	1497
722	1034
722	987
723	814
723	1035
723	1282
724	1048
724	1032
724	1266
724	1001
725	1208
727	883
728	863
728	877
728	951
728	1361
729	991
730	836
731	969
731	1134
731	1463
732	1116
733	1423
733	1035
733	790
733	1327
733	792
733	793
733	1452
734	1263
734	1255
734	1040
735	1178
735	960
735	1043
735	1226
735	1083
735	1067
735	916
735	866
735	889
735	1187
735	760
735	1452
735	1271
735	896
735	763
735	1378
735	831
735	1006
735	1008
735	1164
735	924
735	1054
735	875
735	1412
735	981
735	1388
735	1277
735	770
735	793
735	1369
735	1245
735	879
735	1285
735	1468
736	1341
736	943
737	1056
737	742
737	1120
738	759
738	870
739	1173
739	1063
739	1161
739	970
739	989
739	1289
740	1246
740	818
740	851
740	949
740	1383
740	1408
740	1244
740	1265
740	1019
740	1054
740	1364
741	1076
741	809
741	816
742	1053
743	1013
744	807
744	1351
744	1317
744	882
744	1393
745	1177
746	888
747	837
748	1262
748	1216
748	1052
749	838
749	1301
750	795
750	1448
750	1278
750	1420
750	956
751	764
751	1479
752	1309
753	1412
753	1352
753	793
753	816
753	1342
753	1213
754	1326
754	1172
754	1256
754	853
754	1191
755	1100
755	1014
755	1196
756	932
756	1332
756	1229
756	1132
756	884
756	864
756	1399
756	1334
756	917
756	1425
756	1050
756	973
756	845
756	1193
756	847
756	981
756	1493
756	1221
757	1475
757	1140
757	1286
758	821
759	776
759	1044
759	1249
759	823
759	802
759	1399
759	1086
759	1024
759	1427
759	870
759	842
759	1163
759	1339
759	1144
759	1408
759	854
759	1195
759	952
759	981
759	953
759	1035
759	1259
759	790
759	1038
759	928
759	1105
759	1224
760	1378
760	1054
761	1373
761	1138
761	815
761	1405
761	1221
761	800
761	1142
761	1345
762	940
762	1325
763	889
763	1083
763	924
764	1479
766	1411
767	812
767	775
767	849
767	1170
767	1104
767	771
769	939
769	1307
770	1399
770	1339
770	1408
770	1271
770	1081
770	981
771	775
772	790
772	977
772	1332
772	893
772	1414
773	1411
773	1085
774	1028
774	1432
775	812
775	1055
775	1456
775	849
775	1170
775	858
776	1163
776	1038
776	1249
776	1195
776	854
776	802
777	904
777	1092
778	1287
778	875
778	996
779	1325
779	1177
780	1473
780	1062
780	1395
780	822
780	1250
780	914
780	1023
780	828
780	887
780	1426
780	1376
780	1235
780	973
780	981
780	1389
780	1009
780	1280
780	1204
780	1414
780	1497
781	1480
781	1166
781	961
781	784
782	1470
782	1428
782	1438
782	852
782	896
782	875
783	1126
783	1194
783	979
784	1480
784	1166
784	961
785	882
785	1402
785	1317
787	1217
787	844
787	934
787	1390
787	1353
787	1238
788	1443
789	1077
789	926
789	1409
789	1490
789	1004
790	1044
790	1332
790	823
790	802
790	1423
790	1024
790	1427
790	893
790	842
790	1163
790	977
790	854
790	1195
790	952
790	1258
790	1035
790	1327
790	792
790	928
790	1038
790	1105
790	1414
791	1278
792	1035
792	1327
792	1258
793	1229
793	938
793	1352
793	889
793	1452
793	945
793	1118
793	1342
793	1412
793	1219
793	1035
793	1281
793	816
793	908
794	892
794	1080
794	978
795	1448
795	1150
795	1420
795	810
795	956
796	1059
796	1394
796	829
796	848
797	1308
797	1290
797	1000
797	1090
797	1051
797	1387
797	1367
797	1392
797	1155
798	1325
799	1047
800	1138
800	815
800	1405
800	1221
800	1142
800	1345
801	1351
801	1208
802	1044
802	1249
802	823
802	1086
802	1024
802	1427
802	842
802	1163
802	854
802	1195
802	952
802	953
802	1035
802	1038
802	928
802	1105
803	1292
804	1183
804	916
804	1049
804	1296
804	1477
804	1413
805	1411
806	1325
807	941
807	1058
807	1097
807	1351
807	1347
808	1015
808	829
808	980
809	1076
809	816
810	1448
811	1263
812	849
812	1170
813	1057
814	1035
814	1282
815	1138
815	1405
815	1221
815	1142
815	1345
816	1108
816	908
816	965
816	916
816	866
816	1187
816	1352
816	889
816	1212
816	1382
816	1342
816	1412
816	1076
816	1223
816	1369
816	1413
817	1127
818	851
818	1383
818	1019
818	1054
819	1307
819	1266
819	833
819	1243
819	1323
820	1404
820	1289
820	946
821	1088
821	1112
821	1171
821	1160
821	1284
821	1136
822	914
822	973
822	1023
822	1389
822	1473
822	1062
822	1426
822	1280
822	1395
822	1250
822	1414
822	1497
822	1235
823	1044
823	1024
823	1427
823	842
823	1163
823	854
823	1195
823	952
823	1035
823	928
823	1038
823	1105
824	1368
825	1228
825	1064
826	1033
826	1311
826	839
827	1335
827	1114
827	1350
828	1248
828	1376
828	868
828	1269
828	1381
828	981
828	1009
828	1494
829	1236
829	999
829	848
830	1112
831	1388
831	862
831	1251
831	1036
831	1438
831	852
831	1070
831	896
831	875
832	997
832	1185
833	1454
833	1143
833	1307
833	1266
833	1309
833	1203
834	916
834	965
834	1413
836	1335
836	922
836	1293
836	980
837	1283
837	1106
838	1301
839	1311
839	1207
839	1423
839	1087
839	1257
839	1033
839	1387
839	1304
839	929
841	1307
842	1044
842	1249
842	1184
842	1086
842	1024
842	1427
842	1484
842	1163
842	854
842	1195
842	952
842	953
842	1035
842	1346
842	928
842	1038
842	1105
843	1377
844	1390
845	1493
845	1193
847	1442
847	993
847	1332
847	1425
847	897
847	973
847	1164
847	981
847	1466
847	1497
848	1394
848	883
848	1334
848	999
848	1236
848	1217
848	1059
848	1221
848	1366
849	1395
849	1250
849	1023
849	889
849	1235
849	973
849	1239
849	1389
849	1170
849	1280
849	1153
849	1497
850	1196
850	1309
850	1316
850	1152
851	1383
851	1019
851	1054
852	862
852	1251
852	1036
852	1438
852	1470
852	1428
852	1070
852	896
852	875
853	1326
853	1172
853	1256
853	1191
854	1044
854	1249
854	1253
854	1086
854	1024
854	1427
854	973
854	1163
854	1405
854	923
854	1195
854	952
854	953
854	1035
854	1038
854	1010
854	928
854	1105
855	1262
855	973
855	1426
855	1010
855	957
856	1063
856	1154
858	1055
858	1232
858	1456
858	866
858	1369
858	1117
858	898
858	1410
859	1288
859	1089
859	1098
859	1002
860	913
861	1167
861	1315
861	931
861	1352
861	1482
862	1251
862	1036
862	1438
862	1070
862	875
863	877
863	951
863	1361
864	1493
864	917
865	1463
866	965
866	916
866	1187
866	898
866	1212
866	1410
866	1369
866	1413
866	879
867	1312
867	1149
867	981
868	1248
868	1009
868	1494
868	1376
868	981
869	916
869	1474
869	1161
869	1016
869	1496
869	1429
872	1476
873	1156
873	1205
873	1386
875	1287
875	1251
875	996
875	1428
875	1070
875	896
875	1388
875	1036
875	1438
875	1470
876	973
876	981
876	1269
876	1497
876	1093
877	951
877	1361
878	1454
878	1122
878	1450
878	1143
878	1434
879	916
879	1187
879	1369
880	1101
881	1412
881	1043
881	1336
881	1227
881	1468
882	1402
882	1317
884	973
884	932
884	1425
885	1196
885	930
885	1485
885	1128
885	1499
886	1334
886	1493
886	1209
886	917
886	1221
886	1242
886	1079
886	984
886	971
887	1204
887	981
889	1083
889	1395
889	1250
889	1023
889	1452
889	1235
889	973
889	1342
889	924
889	1239
889	1389
889	1280
889	1153
889	1497
889	908
890	1231
890	1398
890	1106
890	1322
890	1273
890	1197
890	1415
891	1180
891	1334
892	1080
892	978
893	977
893	1332
893	1414
894	1337
894	1196
895	1475
896	1388
896	1470
896	1428
896	1438
897	973
897	1442
897	993
897	1425
897	1466
897	1497
898	1369
898	1410
899	1378
899	924
900	1130
900	1301
900	1274
900	1218
900	1037
901	1321
902	1029
902	991
903	1469
903	1192
904	1092
905	1169
905	1043
905	972
906	1468
906	954
907	1157
907	1181
908	1342
909	1034
909	915
909	1401
909	1254
910	973
910	1151
910	1129
910	1294
911	1075
911	1159
912	999
912	1261
912	1325
913	1252
914	1473
914	1062
914	1395
914	1250
914	1023
914	1426
914	1235
914	973
914	981
914	1389
914	1280
914	1414
914	1497
915	1034
915	1401
915	1254
916	1474
916	1016
916	965
916	1477
916	1183
916	1187
916	1049
916	1161
916	1212
916	1429
916	1296
916	1496
916	1415
916	1369
916	1413
917	1334
917	1493
917	1221
917	1079
917	971
918	1431
918	1449
918	1027
918	1031
918	1384
918	948
918	1264
918	1268
918	1230
919	1262
919	1107
919	1359
920	973
920	1222
920	942
920	1340
921	1023
921	973
921	1062
921	1395
921	1497
921	1235
922	1335
922	1307
922	1463
922	1160
922	980
923	973
923	1253
923	1010
924	960
924	1083
924	1137
924	1378
924	983
925	1348
926	1409
927	1423
927	955
927	1257
928	1044
928	1024
928	1427
928	1163
928	1195
928	952
928	1035
928	1038
928	1105
929	1423
929	1387
929	1087
929	1257
929	1304
929	1207
930	1499
931	1167
931	1486
931	933
931	1315
931	1352
931	1482
931	988
932	973
932	1425
933	1167
933	1486
933	1315
933	1352
933	1482
933	988
934	1353
936	1433
936	1028
936	1464
936	1488
937	1332
937	1425
938	1219
938	945
938	1118
939	1307
940	999
940	1116
940	1261
940	1325
941	1097
941	1058
942	1084
942	1211
942	973
942	1340
942	1437
942	1222
942	1279
944	1116
944	1325
945	1219
945	1118
946	1404
946	1289
947	1068
947	962
948	1431
948	1449
948	1027
948	1031
948	1384
948	1264
948	1268
948	1230
949	1383
949	1408
949	1244
949	1054
950	1124
950	1331
951	1361
952	1044
952	1249
952	1086
952	1423
952	1024
952	1427
952	1270
952	1163
952	976
952	1195
952	1258
952	953
952	1035
952	1038
952	1105
952	1041
953	1086
953	1163
953	1038
953	1249
953	1195
954	1468
955	1423
955	1257
956	1448
956	1278
956	1420
956	1360
957	1262
957	973
957	1275
957	1356
957	1426
957	1010
958	1025
960	1378
960	1006
960	1226
960	1245
961	1480
961	1166
962	1068
963	1045
964	981
965	1187
965	1212
965	1363
965	1369
965	1413
967	1043
967	1035
967	976
967	1041
969	1196
969	1463
969	1134
970	1173
970	1063
970	1161
970	989
970	1289
971	1334
971	1380
971	1493
971	1221
971	1079
972	1169
972	1043
973	1043
973	1395
973	1051
973	1235
973	1239
973	1151
973	1414
973	1153
973	1062
973	1332
973	1250
973	1253
973	1425
973	1426
973	1340
973	1164
973	981
973	1168
973	1437
973	1262
973	1442
973	993
973	1084
973	1269
973	1093
973	1356
973	1275
973	1461
973	1279
973	1280
973	1010
973	1466
973	1473
973	1023
973	1211
973	1294
973	1389
973	1222
973	1129
973	1497
974	1281
974	1229
974	1127
975	1096
975	1349
975	1433
975	1111
975	1230
975	1478
976	1043
976	1035
976	1041
976	1258
977	1332
977	1414
978	1080
979	1126
979	1194
980	1335
980	1015
981	1310
981	1312
981	1399
981	1318
981	1408
981	1149
981	1414
981	1248
981	1250
981	1425
981	1339
981	1164
981	1168
981	1259
981	1081
981	1269
981	1271
981	1093
981	1009
981	1204
981	1110
981	1376
981	1381
981	1385
981	1494
981	1497
982	1430
982	1260
983	1137
983	1378
984	1334
984	1209
984	1221
984	1242
985	1228
985	1472
986	1354
986	1299
986	1414
986	1343
986	1478
987	1034
988	1167
988	1486
988	1315
988	1352
988	1482
989	1063
989	1289
989	1161
989	1297
989	1344
989	1173
989	990
990	1491
990	1458
990	1425
990	1332
990	1161
990	1297
990	1018
990	1344
991	1029
991	1469
992	1474
992	1161
992	1016
992	1175
992	1415
993	1442
993	1425
993	1466
993	1497
994	1379
994	1131
994	1457
994	1139
995	1326
995	1372
995	1215
995	1072
995	1241
995	1465
995	1007
995	1188
995	1283
995	1011
995	1397
996	1287
997	1185
997	1495
998	1196
998	1365
998	1418
998	1152
999	1236
999	1116
999	1325
999	1261
1000	1308
1000	1290
1000	1090
1000	1051
1000	1387
1000	1367
1000	1392
1000	1155
1001	1032
1003	1174
1004	1078
1005	1069
1006	1226
1006	1245
1007	1326
1007	1372
1007	1215
1007	1072
1007	1241
1007	1465
1007	1188
1007	1283
1007	1011
1007	1397
1008	1164
1009	1248
1009	1376
1009	1269
1009	1381
1009	1494
1010	1262
1010	1253
1010	1275
1010	1356
1010	1426
1011	1326
1011	1372
1011	1215
1011	1072
1011	1241
1011	1465
1011	1188
1011	1283
1011	1397
1012	1228
1014	1100
1014	1196
1015	1263
1016	1474
1016	1063
1016	1022
1016	1161
1016	1162
1016	1429
1016	1220
1016	1467
1016	1175
1016	1496
1016	1415
1018	1491
1018	1425
1018	1332
1019	1383
1019	1054
1020	1237
1021	1457
1022	1474
1022	1467
1022	1162
1022	1415
1023	1473
1023	1062
1023	1395
1023	1250
1023	1426
1023	1235
1023	1414
1023	1239
1023	1389
1023	1280
1023	1153
1023	1497
1024	1044
1024	1427
1024	1163
1024	1195
1024	1035
1024	1038
1024	1105
1025	1123
1025	1475
1025	1419
1025	1103
1025	1333
1025	1119
1025	1046
1025	1330
1027	1431
1027	1449
1027	1264
1027	1031
1027	1384
1027	1268
1027	1230
1028	1432
1028	1433
1028	1464
1028	1488
1030	1179
1030	1377
1031	1431
1031	1449
1031	1384
1031	1264
1031	1268
1031	1230
1033	1311
1034	1401
1034	1254
1035	1327
1035	1043
1035	1044
1035	1423
1035	1427
1035	1270
1035	1452
1035	1163
1035	1195
1035	1258
1035	1038
1035	1105
1035	1041
1035	1282
1036	1251
1036	1438
1036	1070
1037	1130
1038	1044
1038	1249
1038	1086
1038	1427
1038	1163
1038	1195
1038	1105
1039	1189
1039	1091
1041	1043
1041	1258
1042	1362
1043	1227
1043	1336
1043	1051
1043	1239
1043	1412
1043	1169
1043	1468
1043	1277
1044	1427
1044	1163
1044	1195
1044	1105
1045	1374
1045	1260
1046	1330
1048	1266
1049	1183
1049	1296
1049	1477
1049	1413
1050	1334
1050	1221
1051	1308
1051	1290
1051	1090
1051	1239
1051	1387
1051	1367
1051	1392
1051	1155
1052	1262
1052	1216
1054	1265
1054	1378
1054	1383
1054	1408
1054	1364
1054	1244
1054	1246
1055	1456
1056	1120
1057	1225
1058	1097
1060	1469
1061	1293
1062	1473
1062	1395
1062	1250
1062	1426
1062	1235
1062	1389
1062	1280
1062	1414
1062	1497
1063	1474
1063	1289
1063	1161
1063	1220
1063	1173
1063	1154
1063	1415
1064	1228
1065	1406
1066	1329
1067	1178
1067	1468
1067	1285
1070	1251
1070	1438
1072	1326
1072	1372
1072	1215
1072	1241
1072	1465
1072	1188
1072	1283
1072	1397
1075	1159
1075	1448
1077	1490
1078	1206
1079	1334
1079	1291
1079	1493
1079	1221
1079	1357
1079	1317
1081	1399
1081	1339
1081	1408
1082	1471
1083	1452
1084	1437
1084	1279
1084	1211
1086	1332
1086	1249
1086	1184
1086	1138
1086	1268
1086	1484
1086	1403
1086	1163
1086	1459
1086	1195
1086	1411
1086	1346
1086	1276
1086	1328
1087	1423
1087	1387
1087	1257
1087	1304
1087	1207
1088	1136
1089	1098
1089	1288
1090	1308
1090	1367
1090	1392
1090	1290
1090	1155
1091	1189
1093	1399
1093	1269
1093	1497
1095	1301
1096	1433
1096	1349
1096	1111
1096	1230
1096	1478
1098	1288
1098	1475
1099	1272
1099	1370
1100	1196
1100	1485
1100	1463
1100	1128
1103	1123
1103	1475
1103	1419
1103	1119
1105	1427
1105	1163
1105	1195
1106	1313
1106	1231
1106	1398
1106	1322
1106	1283
1107	1262
1107	1359
1108	1223
1111	1433
1111	1349
1111	1230
1111	1478
1112	1284
1113	1468
1114	1335
1114	1350
1115	1422
1116	1325
1116	1261
1116	1177
1117	1232
1117	1456
1118	1219
1119	1123
1119	1475
1119	1419
1119	1333
1122	1454
1122	1450
1122	1143
1122	1434
1123	1419
1124	1331
1125	1417
1126	1201
1126	1146
1126	1194
1127	1229
1128	1196
1128	1485
1128	1463
1129	1411
1129	1491
1129	1151
1129	1294
1131	1387
1131	1423
1131	1139
1131	1257
1132	1334
1132	1221
1133	1435
1133	1170
1133	1296
1133	1324
1133	1165
1134	1463
1137	1378
1138	1268
1138	1142
1138	1405
1138	1195
1138	1345
1138	1276
1138	1221
1140	1475
1140	1286
1142	1405
1142	1221
1142	1345
1143	1454
1143	1450
1143	1434
1144	1224
1145	1351
1145	1189
1146	1201
1149	1312
1150	1448
1151	1294
1152	1196
1152	1365
1152	1316
1153	1280
1153	1497
1155	1308
1155	1367
1155	1392
1155	1290
1156	1205
1156	1386
1157	1181
1160	1307
1160	1266
1160	1171
1161	1474
1161	1289
1161	1429
1161	1297
1161	1344
1161	1220
1161	1173
1161	1467
1161	1496
1161	1415
1162	1474
1162	1467
1162	1415
1163	1249
1163	1427
1163	1195
1164	1425
1165	1435
1165	1170
1165	1296
1165	1324
1166	1480
1167	1486
1167	1315
1167	1352
1167	1482
1168	1269
1170	1296
1170	1324
1170	1435
1172	1326
1172	1256
1172	1191
1173	1289
1176	1178
1176	1468
1177	1314
1177	1325
1178	1285
1178	1468
1180	1334
1182	1314
1183	1296
1183	1477
1183	1413
1183	1478
1184	1346
1184	1484
1184	1195
1185	1495
1186	1261
1187	1413
1187	1369
1187	1212
1188	1326
1188	1372
1188	1215
1188	1241
1188	1465
1188	1283
1188	1397
1189	1301
1189	1445
1189	1371
1191	1326
1191	1256
1192	1301
1192	1441
1192	1439
1192	1469
1193	1493
1193	1252
1194	1292
1194	1295
1195	1249
1195	1423
1195	1427
1195	1268
1195	1484
1195	1405
1195	1258
1195	1346
1195	1276
1196	1418
1196	1337
1196	1316
1196	1485
1196	1365
1196	1306
1197	1231
1197	1322
1197	1273
1197	1415
1198	1394
1199	1421
1200	1478
1202	1337
1204	1250
1205	1386
1207	1423
1207	1387
1207	1257
1207	1304
1208	1371
1208	1351
1209	1334
1209	1221
1209	1242
1211	1437
1211	1279
1212	1369
1212	1413
1213	1342
1214	1263
1215	1326
1215	1372
1215	1241
1215	1465
1215	1283
1215	1397
1216	1262
1218	1274
1220	1474
1220	1415
1221	1334
1221	1405
1221	1345
1221	1493
1221	1366
1221	1303
1221	1242
1222	1340
1222	1461
1225	1463
1226	1245
1227	1412
1227	1468
1227	1336
1228	1334
1228	1472
1228	1293
1228	1255
1229	1281
1229	1452
1230	1264
1230	1349
1230	1478
1230	1449
1230	1268
1230	1431
1230	1433
1230	1384
1231	1398
1231	1322
1231	1273
1231	1415
1232	1456
1233	1471
1235	1473
1235	1395
1235	1250
1235	1426
1235	1239
1235	1389
1235	1280
1235	1414
1235	1497
1239	1389
1239	1280
1239	1395
1239	1250
1241	1326
1241	1372
1241	1465
1241	1283
1241	1397
1242	1334
1243	1307
1243	1266
1243	1323
1244	1383
1244	1408
1246	1364
1247	1357
1248	1494
1248	1376
1250	1473
1250	1395
1250	1426
1250	1389
1250	1280
1250	1414
1250	1497
1251	1438
1254	1401
1255	1334
1255	1263
1255	1293
1256	1326
1257	1423
1257	1387
1257	1304
1258	1423
1258	1270
1259	1399
1259	1339
1259	1408
1260	1374
1260	1430
1261	1325
1262	1426
1262	1359
1263	1396
1263	1334
1263	1293
1264	1431
1264	1449
1264	1384
1264	1268
1265	1408
1266	1307
1267	1476
1268	1449
1268	1431
1268	1384
1268	1276
1269	1376
1269	1497
1273	1322
1273	1415
1275	1356
1275	1426
1277	1412
1277	1400
1278	1448
1278	1489
1279	1437
1280	1473
1280	1395
1280	1426
1280	1414
1280	1389
1280	1497
1281	1452
1283	1372
1283	1397
1283	1326
1283	1465
1285	1468
1286	1475
1289	1404
1290	1308
1290	1367
1290	1392
1291	1334
1291	1357
1292	1295
1293	1334
1296	1477
1296	1324
1296	1435
1296	1413
1297	1344
1299	1354
1299	1414
1299	1343
1299	1478
1301	1439
1301	1371
1303	1334
1304	1423
1304	1387
1305	1351
1307	1323
1308	1367
1308	1392
1309	1462
1310	1425
1314	1325
1315	1352
1315	1482
1317	1402
1320	1381
1322	1398
1322	1415
1324	1435
1326	1372
1326	1397
1326	1465
1327	1423
1328	1411
1328	1403
1328	1332
1328	1459
1332	1425
1332	1403
1332	1459
1332	1411
1332	1491
1332	1414
1332	1498
1334	1357
1334	1493
1334	1366
1335	1350
1339	1399
1339	1408
1343	1354
1343	1414
1343	1478
1345	1405
1346	1484
1349	1433
1349	1478
1351	1371
1352	1482
1352	1486
1352	1412
1354	1414
1354	1478
1355	1377
1356	1426
1358	1446
1363	1413
1365	1418
1367	1387
1367	1392
1369	1410
1369	1413
1371	1457
1372	1465
1372	1397
1373	1405
1376	1494
1377	1379
1377	1457
1377	1391
1379	1457
1383	1408
1384	1431
1384	1449
1385	1399
1387	1423
1387	1392
1389	1473
1389	1395
1389	1426
1389	1414
1389	1497
1390	1440
1391	1492
1391	1457
1394	1460
1395	1473
1395	1426
1395	1414
1395	1497
1397	1465
1399	1408
1403	1411
1403	1459
1411	1483
1411	1459
1411	1491
1413	1477
1414	1473
1414	1478
1414	1426
1414	1497
1415	1474
1415	1467
1415	1496
1420	1448
1425	1442
1425	1491
1425	1497
1425	1466
1426	1473
1426	1497
1428	1470
1428	1438
1429	1474
1429	1496
1431	1449
1433	1464
1433	1488
1433	1478
1434	1454
1434	1450
1436	1455
1436	1446
1438	1470
1442	1466
1442	1497
1446	1455
1450	1454
1457	1471
1464	1488
1466	1497
1467	1474
1473	1497
1474	1496
1481	1495
1482	1486
