1	584
1	758
2	699
2	32
2	118
3	72
4	563
4	197
4	510
4	1053
5	267
5	252
5	983
5	986
5	665
6	15
6	510
6	30
6	767
6	678
6	600
6	692
6	711
6	825
6	974
6	975
6	710
6	446
6	193
6	342
6	631
6	329
6	1110
7	954
7	997
7	942
7	1067
7	323
8	1106
8	367
8	767
8	711
8	439
8	729
8	825
8	799
8	295
8	704
8	210
9	205
9	518
9	293
9	719
9	660
9	1017
9	19
9	668
9	819
9	967
9	699
9	356
9	339
9	704
9	1084
9	16
9	931
10	901
10	794
10	809
10	421
11	780
11	415
11	555
11	559
11	87
11	70
11	563
11	644
11	490
11	408
11	853
11	169
11	1001
11	484
11	997
11	800
11	296
11	667
11	105
11	825
11	699
11	996
11	238
11	974
11	726
11	1082
11	896
11	274
11	1036
11	450
11	804
11	1074
11	475
11	417
11	150
11	346
11	125
11	572
11	661
11	445
11	479
11	750
11	514
11	1087
11	1048
11	926
12	193
12	1118
12	510
13	1082
13	572
13	341
13	402
14	997
14	36
14	974
15	30
15	490
15	930
15	35
15	1052
15	346
15	84
15	1044
15	699
15	306
15	413
15	573
15	687
15	975
15	269
15	1001
15	90
15	222
15	471
15	927
15	125
15	882
15	402
15	529
15	702
15	701
15	443
15	329
15	1110
15	390
15	56
15	514
16	699
16	443
16	42
16	1017
16	739
16	402
16	815
17	731
17	847
17	767
17	711
17	678
17	1080
17	600
17	310
17	825
17	1061
17	501
17	893
17	360
17	328
18	1049
18	998
18	1079
18	471
18	681
18	732
18	91
19	185
19	702
19	106
19	424
19	930
19	927
19	490
20	355
21	380
21	1044
21	341
21	762
22	314
22	995
23	1064
23	498
23	470
23	510
23	472
23	825
23	318
23	608
23	297
24	370
24	738
24	430
24	510
24	413
24	404
24	857
24	323
24	1024
24	132
24	894
24	620
25	590
25	353
25	417
25	736
25	389
25	986
25	379
25	94
25	63
25	953
25	412
25	885
25	784
25	1112
26	86
26	1021
26	1006
26	617
26	341
26	875
26	240
26	965
26	1011
26	893
26	27
27	1011
27	167
27	1006
27	809
27	1021
27	94
27	716
28	691
29	278
30	529
30	329
30	701
30	1009
30	334
30	103
30	355
30	707
30	495
30	882
30	222
30	228
31	1115
31	901
31	697
31	381
31	130
31	252
31	1077
32	699
32	159
32	348
32	439
32	205
33	627
34	166
34	484
34	700
35	886
35	262
35	503
35	881
35	1044
35	555
35	90
35	927
35	854
35	395
35	185
35	56
35	376
35	782
35	563
35	687
35	490
35	484
35	667
35	1052
35	269
35	402
35	699
35	443
35	990
35	157
35	930
35	510
35	390
35	705
35	130
35	565
35	346
35	1002
35	125
35	572
35	413
35	197
35	471
35	818
35	578
35	191
35	619
35	878
35	67
35	306
35	514
35	75
35	702
35	1053
35	723
36	119
37	606
37	761
37	589
37	927
37	200
37	843
37	318
37	144
37	882
37	980
37	277
37	281
38	905
38	187
38	422
38	760
38	203
38	1009
38	103
38	327
38	617
38	908
38	773
38	706
38	893
39	906
40	96
40	590
40	63
40	385
41	696
41	825
41	711
42	679
42	730
42	455
42	967
42	417
42	1077
42	665
43	841
43	480
44	626
45	79
45	204
45	818
45	828
45	109
45	328
45	390
45	784
45	555
45	380
45	1035
45	830
45	152
45	471
45	912
45	132
45	974
45	342
45	352
45	997
45	733
45	608
45	1048
45	927
45	516
45	265
45	1004
45	1115
45	721
45	725
45	435
45	346
45	488
45	930
45	238
45	432
45	185
45	189
45	244
45	293
45	413
45	530
45	402
45	340
45	463
45	486
45	125
45	1055
45	685
45	599
45	1074
45	795
45	320
45	673
45	950
45	959
45	517
45	774
45	481
45	1052
45	51
45	50
45	881
45	393
45	546
45	770
45	807
45	1090
45	649
45	510
45	430
45	699
45	149
45	986
45	47
45	836
45	704
45	443
45	529
45	742
45	56
45	842
46	749
46	890
46	262
46	323
47	510
47	79
47	179
47	614
47	352
47	1015
47	883
47	900
47	463
47	924
47	118
47	166
47	1066
47	959
47	538
47	631
47	985
48	834
48	1045
48	174
48	608
48	919
48	377
49	403
49	1117
49	1002
49	551
49	396
49	552
50	525
50	132
50	528
50	293
50	1044
50	704
50	971
50	244
50	365
50	697
50	927
50	625
50	323
50	986
50	56
50	368
50	141
50	687
50	103
50	751
50	414
50	647
50	937
50	997
50	328
50	736
50	320
50	1052
50	402
50	699
50	443
50	996
50	238
50	974
50	353
50	930
50	742
50	390
50	356
50	152
50	838
50	565
50	346
50	533
50	387
50	125
50	297
50	725
50	358
50	511
50	661
50	807
50	828
50	413
50	357
50	370
50	591
50	265
50	259
50	520
50	571
50	586
50	149
50	127
51	297
51	716
51	555
51	117
51	270
51	311
51	233
51	216
51	921
51	1052
51	173
51	251
51	642
51	605
51	445
51	1004
51	687
51	667
51	178
51	118
51	109
51	565
51	157
51	402
51	244
51	1007
51	572
51	393
51	238
51	762
52	648
52	354
52	888
53	346
53	1075
53	320
53	974
53	729
53	150
53	510
53	313
53	800
53	402
53	556
53	125
53	152
53	501
53	238
53	499
54	163
54	148
54	700
54	667
54	950
54	426
54	814
54	115
54	572
54	957
54	364
55	894
55	364
55	704
55	720
55	144
56	1016
56	828
56	639
56	328
56	390
56	651
56	90
56	152
56	830
56	341
56	702
56	471
56	132
56	1086
56	1113
56	974
56	780
56	800
56	768
56	115
56	997
56	387
56	513
56	927
56	118
56	626
56	265
56	394
56	687
56	915
56	565
56	588
56	165
56	721
56	725
56	346
56	98
56	930
56	568
56	238
56	244
56	317
56	279
56	293
56	413
56	408
56	402
56	1106
56	783
56	514
56	125
56	403
56	450
56	1029
56	717
56	1117
56	306
56	638
56	1082
56	1044
56	1052
56	956
56	504
56	231
56	269
56	86
56	955
56	724
56	242
56	954
56	61
56	715
56	807
56	825
56	649
56	490
56	658
56	607
56	430
56	699
56	149
56	986
56	370
56	613
56	852
56	544
56	897
56	704
56	443
56	439
56	742
56	323
57	950
57	397
58	173
58	293
58	565
58	261
58	227
58	752
58	64
58	149
58	775
58	238
58	829
58	471
58	280
59	75
59	372
59	657
59	93
60	190
60	229
60	74
60	393
60	508
60	94
60	469
60	450
60	237
61	443
61	1095
61	346
61	891
61	742
61	568
62	271
62	548
63	1036
63	117
63	355
63	370
63	837
63	459
63	353
63	736
63	204
63	1059
63	235
63	708
63	334
63	307
63	649
63	777
63	443
63	114
63	742
63	1092
63	465
63	590
63	623
64	829
64	1074
64	261
64	490
64	646
64	476
64	580
64	280
64	149
64	173
64	475
64	251
64	387
64	306
64	413
64	445
64	293
64	323
64	70
64	667
64	1079
64	471
64	927
64	125
64	971
64	342
64	572
64	832
64	238
64	227
65	722
65	231
66	1024
66	1048
66	974
66	755
66	693
66	665
67	1004
67	503
67	1080
67	87
67	78
67	720
67	605
67	796
67	808
67	419
67	1112
68	718
68	891
68	215
68	720
68	861
68	873
68	675
68	724
68	364
69	657
69	665
69	252
69	204
69	393
69	986
69	733
69	114
69	685
69	152
69	983
69	818
70	752
70	555
70	127
70	804
70	930
70	341
70	878
70	651
70	1067
70	318
70	1052
70	149
70	274
70	1080
70	165
70	250
70	306
70	596
70	471
70	78
70	649
70	1121
70	402
70	1007
70	141
70	750
70	521
70	723
70	447
70	226
71	864
71	243
71	94
71	1123
71	336
71	879
71	187
71	366
71	621
71	228
71	571
71	1059
71	1038
71	856
71	972
71	813
71	388
71	138
71	688
71	776
72	1062
72	734
73	86
73	877
73	503
73	205
73	313
73	732
73	687
73	1009
74	469
74	190
74	94
75	657
75	109
75	735
75	224
75	93
75	372
75	565
75	214
75	228
76	778
76	699
77	332
77	239
77	970
77	874
77	645
77	954
77	990
77	484
77	306
77	687
77	596
77	569
77	178
77	471
77	402
77	342
77	775
77	1086
77	704
78	986
78	555
78	804
78	646
78	799
78	747
78	1080
78	250
78	687
78	596
78	667
78	90
78	157
78	1001
78	1016
78	728
78	402
78	390
79	320
79	836
79	818
79	108
79	481
79	517
79	380
79	950
79	685
79	508
79	262
79	784
79	463
79	599
79	204
79	710
79	432
79	516
79	189
79	959
79	446
79	486
79	742
79	393
79	770
80	293
80	927
80	1059
80	608
80	940
80	1024
80	1084
80	930
80	823
81	379
81	789
81	838
81	911
82	148
82	1054
83	600
84	322
84	986
84	1115
84	863
84	651
84	1113
84	1031
84	321
84	381
84	649
84	701
84	126
84	592
84	470
84	623
84	329
84	1110
84	1126
85	820
85	1125
86	510
86	715
86	875
86	544
86	877
86	1060
86	341
86	906
86	450
86	95
86	1125
86	87
86	96
86	150
86	825
86	1117
86	893
86	275
86	724
86	473
86	1054
86	815
87	875
87	877
87	142
87	352
87	265
87	1112
87	1125
87	428
87	277
87	150
87	419
87	1094
87	974
87	1048
87	843
87	124
87	896
87	755
87	408
87	652
87	417
87	238
87	680
88	983
88	417
89	700
89	723
89	493
89	166
89	407
89	376
89	484
89	675
89	987
89	1090
89	170
89	932
90	555
90	127
90	490
90	917
90	930
90	1052
90	346
90	645
90	149
90	547
90	156
90	1044
90	699
90	306
90	386
90	413
90	687
90	269
90	667
90	471
90	927
90	125
90	609
90	402
90	702
90	572
90	780
90	144
90	443
90	390
90	514
91	939
91	373
91	732
91	617
91	800
91	442
91	208
91	244
91	125
91	687
91	968
91	645
91	669
91	874
91	846
91	681
92	460
93	372
93	657
94	380
94	355
94	486
94	203
94	138
94	340
94	716
94	508
94	1123
94	469
94	163
94	103
94	379
94	342
94	781
94	856
94	610
94	688
94	742
94	880
94	417
94	184
94	725
94	237
94	806
94	412
94	187
94	994
94	776
94	129
94	571
94	332
94	885
95	877
95	715
96	704
96	590
96	385
97	109
97	780
97	633
97	587
97	199
97	927
97	250
97	311
97	1073
97	411
97	1119
97	776
97	149
97	997
97	721
97	390
98	608
98	698
98	930
98	638
98	1112
98	834
98	500
98	413
98	438
98	852
98	760
98	221
98	529
98	126
98	141
98	131
98	1086
98	694
98	226
99	702
99	121
99	350
100	173
100	817
100	293
100	684
100	747
100	924
100	927
100	667
100	555
100	402
100	800
100	642
100	565
100	775
100	149
100	572
100	1040
101	1115
101	555
101	945
101	846
101	646
101	181
101	170
101	321
101	700
101	442
101	483
101	932
101	697
101	530
101	231
101	748
101	723
101	1126
102	891
103	617
103	355
103	293
103	203
103	881
103	492
103	704
103	244
103	165
103	327
103	697
103	323
103	1034
103	833
103	294
103	163
103	781
103	736
103	699
103	443
103	238
103	701
103	353
103	742
103	390
103	152
103	417
103	356
103	838
103	533
103	310
103	828
103	334
103	1009
103	760
103	352
103	706
103	129
103	773
104	680
104	716
105	1094
105	274
105	1001
105	120
105	1083
105	563
105	150
105	800
105	726
105	777
105	479
105	1036
106	894
106	185
106	908
106	796
106	827
107	746
107	932
107	897
107	1120
107	477
107	605
107	442
107	510
108	495
108	730
108	263
108	818
108	446
109	1115
109	161
109	384
109	117
109	199
109	555
109	649
109	244
109	251
109	429
109	178
109	927
109	733
109	986
109	316
109	530
109	1112
109	863
109	141
109	932
109	687
109	270
109	667
109	1052
109	269
109	402
109	341
109	142
109	721
109	157
109	1090
109	1082
109	438
109	390
109	130
109	565
109	411
109	125
109	826
109	628
109	160
109	725
109	1101
109	572
109	407
109	237
109	171
109	357
109	808
109	748
109	311
109	561
109	1055
109	352
109	801
109	776
109	118
110	593
110	381
110	854
110	398
110	619
110	818
110	130
110	932
110	641
111	1000
111	667
111	891
111	1123
111	1058
111	280
111	423
111	732
112	755
112	693
113	699
114	986
114	983
114	818
114	267
114	665
114	130
114	685
114	860
114	459
114	736
114	204
114	125
114	1101
114	252
114	590
114	152
115	742
115	651
115	1113
115	559
115	279
115	837
115	199
115	667
115	513
115	265
115	782
115	376
115	260
115	658
115	1049
116	302
117	555
117	311
117	491
117	1052
117	687
117	431
117	1031
117	667
117	118
117	178
117	565
117	157
117	773
117	402
117	244
117	777
117	689
117	655
118	793
118	555
118	626
118	179
118	311
118	279
118	1052
118	1044
118	165
118	699
118	883
118	687
118	463
118	893
118	956
118	178
118	643
118	565
118	157
118	721
118	1066
118	960
118	402
118	244
118	408
118	538
118	1008
118	171
118	891
120	460
120	1103
120	413
120	725
120	777
120	766
120	1036
120	1092
121	350
121	474
121	1101
121	125
122	1090
122	386
123	627
123	1013
123	543
123	309
124	680
124	546
124	539
125	309
125	146
125	828
125	474
125	585
125	328
125	390
125	357
125	555
125	152
125	341
125	702
125	471
125	169
125	974
125	445
125	342
125	800
125	997
125	608
125	927
125	626
125	265
125	697
125	905
125	569
125	940
125	687
125	915
125	165
125	1004
125	858
125	725
125	346
125	1112
125	379
125	464
125	930
125	865
125	568
125	572
125	238
125	327
125	203
125	244
125	293
125	413
125	150
125	644
125	402
125	662
125	1101
125	514
125	641
125	1074
125	450
125	717
125	228
125	306
125	609
125	1099
125	1082
125	1044
125	1052
125	313
125	269
125	438
125	761
125	796
125	278
125	720
125	451
125	807
125	490
125	430
125	699
125	149
125	986
125	533
125	704
125	443
125	1078
125	455
126	669
126	1049
126	986
126	769
126	608
126	490
126	1123
126	265
126	407
126	500
126	837
126	150
126	565
126	460
126	641
126	529
126	467
126	855
126	623
126	226
126	694
127	1074
127	829
127	752
127	804
127	930
127	557
127	1052
127	205
127	448
127	161
127	269
127	649
127	231
127	141
127	996
127	1046
128	787
128	537
129	788
129	940
129	555
129	1090
129	603
129	781
129	682
129	754
129	387
129	699
129	920
129	924
129	903
129	541
129	402
129	742
129	749
130	1077
130	986
130	826
130	267
130	1021
130	1113
130	321
130	381
130	932
130	641
130	697
130	593
130	398
130	748
130	503
130	782
131	232
131	429
131	387
131	319
131	430
131	413
131	751
131	852
131	323
131	382
131	857
131	927
131	160
131	777
131	620
131	1086
131	152
132	510
132	404
132	625
132	320
132	265
132	220
132	586
132	387
132	430
132	511
132	413
132	591
132	323
132	571
132	693
132	721
132	857
132	620
132	358
132	238
133	892
133	1027
134	232
134	293
134	1085
134	387
134	315
134	311
134	1079
134	671
134	471
135	365
136	1048
136	415
136	974
136	871
137	1061
138	933
138	439
138	571
138	165
138	856
138	1065
138	1066
138	1123
138	179
138	776
138	241
138	704
138	237
139	779
139	1060
140	1123
140	875
141	438
141	780
141	996
141	638
141	178
141	1080
141	341
141	826
141	160
141	1031
141	930
142	809
142	801
142	246
143	491
144	388
144	812
144	838
144	350
144	187
144	702
144	636
144	555
144	386
144	843
144	813
144	609
144	151
144	704
145	749
145	289
145	627
146	329
146	652
146	342
146	1044
146	244
146	504
147	353
148	465
148	914
148	834
148	1054
148	814
148	658
148	175
148	957
149	250
149	981
149	293
149	780
149	1044
149	156
149	555
149	1043
149	927
149	323
149	986
149	687
149	997
149	1057
149	328
149	1052
149	609
149	402
149	173
149	699
149	443
149	620
149	974
149	238
149	1090
149	930
149	227
149	829
149	390
149	775
149	788
149	152
149	346
149	565
149	387
149	725
149	572
149	807
149	413
149	828
149	1111
149	471
149	671
149	280
149	370
149	261
149	311
149	430
149	265
149	306
149	505
149	514
150	669
150	179
150	1060
150	265
150	800
150	346
150	274
150	531
150	563
150	277
150	870
150	726
150	1094
150	505
150	974
150	1001
150	1071
150	886
150	169
150	960
150	1083
150	402
150	313
150	755
150	1092
150	238
150	152
151	187
151	813
151	810
151	388
151	736
151	353
152	617
152	228
152	796
152	439
152	293
152	203
152	451
152	704
152	665
152	685
152	649
152	165
152	927
152	323
152	986
152	813
152	983
152	393
152	169
152	997
152	800
152	328
152	204
152	736
152	1052
152	402
152	699
152	443
152	238
152	1078
152	974
152	353
152	252
152	930
152	742
152	857
152	390
152	1004
152	356
152	838
152	346
152	533
152	725
152	720
152	627
152	807
152	413
152	828
152	818
152	187
152	265
152	529
152	706
152	749
152	313
152	586
152	761
153	909
154	530
155	803
155	937
155	263
155	923
155	553
155	1043
155	1106
155	367
155	439
155	275
155	925
155	298
155	725
155	244
155	804
155	721
156	173
156	390
156	293
156	780
156	471
157	986
157	555
157	646
157	311
157	352
157	735
157	1052
157	251
157	642
157	484
157	657
157	228
157	667
157	700
157	178
157	565
157	649
157	402
157	529
157	572
157	844
157	782
158	730
158	936
158	512
158	401
158	835
159	699
159	205
160	413
160	927
161	329
161	1077
161	830
161	527
161	847
161	978
161	996
161	231
161	649
161	863
161	251
161	269
161	290
161	829
162	527
163	945
163	1014
163	184
163	688
163	1108
163	705
164	1120
164	605
164	908
164	981
164	796
164	825
164	456
165	804
165	796
165	208
165	179
165	360
165	451
165	878
165	341
165	203
165	450
165	279
165	1044
165	250
165	1004
165	893
165	850
165	720
165	896
165	649
165	617
165	307
165	439
165	704
165	742
166	700
166	723
166	578
166	854
166	562
166	881
166	251
166	376
166	484
166	619
166	1090
166	185
166	170
166	932
167	347
167	632
168	476
169	548
169	830
169	415
169	265
169	278
169	665
169	799
169	476
169	274
169	1044
169	563
169	353
169	1082
169	974
169	471
169	720
169	1017
169	960
169	609
169	572
169	443
169	358
169	238
169	1024
169	288
170	1090
170	646
170	376
170	278
170	1015
170	484
170	768
170	386
170	1063
170	850
170	700
170	483
170	932
170	426
170	530
170	231
170	180
170	410
170	814
170	723
170	1057
171	767
171	877
171	667
171	442
171	825
171	956
171	486
171	1008
171	681
171	682
172	359
173	293
173	261
173	921
173	829
173	238
173	280
174	648
174	608
174	377
175	834
175	484
175	1106
175	783
175	704
175	809
175	700
176	866
176	892
177	193
177	1064
178	555
178	311
178	1052
178	1080
178	1044
178	687
178	667
178	1031
178	565
178	244
178	402
178	227
179	439
179	538
179	1066
179	691
179	883
179	704
179	463
180	821
180	736
180	465
180	615
180	755
180	927
180	426
180	530
180	608
180	601
180	396
180	1112
181	903
181	924
181	555
181	226
181	768
181	1015
181	808
181	369
182	744
182	833
183	481
183	912
183	288
184	640
184	493
184	268
184	688
185	829
185	578
185	802
185	804
185	1090
185	951
185	376
185	878
185	718
185	274
185	705
185	990
185	484
185	700
185	725
185	1002
185	927
185	552
185	619
185	1106
185	191
185	258
185	881
185	723
185	1035
185	503
185	782
186	612
186	443
186	465
186	499
186	964
186	725
187	388
187	838
187	879
187	549
187	1038
187	813
188	412
188	355
189	510
189	320
189	818
189	517
189	481
189	685
189	784
189	463
189	599
189	204
189	432
189	1066
189	193
189	486
189	742
189	393
190	375
190	311
190	521
191	376
191	562
191	782
191	503
192	1047
192	1114
192	1110
192	534
192	742
192	447
192	812
192	793
193	959
193	503
193	830
193	1082
193	510
193	447
193	825
193	408
193	318
193	682
193	463
194	950
194	933
194	1065
194	656
194	355
194	210
194	248
195	749
195	390
195	511
195	323
196	583
196	318
196	671
197	198
197	503
197	510
197	1053
198	732
199	1090
199	796
199	1015
199	279
199	319
199	1004
199	487
199	427
199	721
199	927
199	411
199	620
199	890
199	390
199	776
199	1023
200	606
200	618
200	1121
200	297
200	750
200	281
201	304
201	594
202	565
203	994
203	564
203	374
203	360
203	352
203	355
203	230
203	712
203	825
203	501
203	893
203	223
203	643
203	617
203	806
203	701
203	359
204	355
204	486
204	704
204	665
204	517
204	685
204	556
204	463
204	986
204	983
204	546
204	393
204	320
204	465
204	822
204	481
204	742
204	599
204	725
204	774
204	818
204	334
204	412
204	472
204	703
204	432
204	784
204	577
204	529
205	557
205	720
205	448
205	269
205	752
205	699
205	1052
205	997
205	930
206	581
206	531
207	484
207	1090
207	935
207	1010
207	700
207	970
208	939
208	669
208	804
208	878
208	830
208	800
208	580
208	274
208	277
208	445
208	505
208	373
208	982
208	347
208	441
208	680
209	841
209	513
210	1106
210	367
210	439
210	1060
210	799
210	1114
210	295
211	633
211	1063
211	256
211	470
211	895
211	484
211	603
211	1090
211	1029
212	834
212	974
212	299
212	750
213	447
213	851
214	657
214	1126
214	735
214	224
214	667
214	555
214	565
214	270
214	321
214	228
214	322
215	989
215	218
215	861
215	484
215	635
215	675
215	724
215	509
215	880
216	572
216	555
217	902
217	370
217	607
217	542
217	223
217	455
217	447
217	544
217	403
217	794
217	704
217	360
217	364
217	328
217	1117
218	695
218	229
218	989
218	718
218	729
218	971
218	675
218	880
219	749
219	659
219	301
219	891
219	394
219	927
219	823
220	1100
220	676
221	834
221	760
221	1030
222	882
222	495
222	810
222	701
222	453
223	370
223	611
223	455
223	544
223	284
223	360
223	328
224	529
224	657
224	736
224	797
224	562
224	372
224	568
224	228
225	357
226	826
226	991
226	830
226	651
226	415
226	318
226	800
226	476
226	277
226	924
226	460
226	750
226	786
226	447
227	1074
227	752
227	232
227	490
227	311
227	930
227	633
227	387
227	520
227	369
227	430
227	413
227	293
227	323
227	1079
227	903
227	585
227	857
227	668
227	927
227	391
227	1088
227	402
227	832
227	503
228	946
228	761
228	783
228	930
228	267
228	386
228	657
228	687
228	495
228	667
228	455
228	704
228	807
228	447
229	880
229	695
230	792
230	837
231	559
231	829
231	555
231	1090
231	646
231	376
231	1067
231	413
231	700
231	269
231	483
231	932
231	471
231	671
231	702
231	997
231	996
231	723
231	722
231	998
231	1126
231	514
232	332
232	669
232	311
232	638
232	1123
232	387
232	954
232	430
232	413
232	751
232	1079
232	263
232	460
232	331
232	312
232	694
233	251
233	667
233	572
233	529
234	287
234	548
235	459
236	620
236	390
236	792
236	387
237	913
237	393
237	439
237	986
237	649
237	617
237	968
237	818
238	828
238	690
238	328
238	390
238	380
238	830
238	341
238	937
238	736
238	974
238	934
238	800
238	997
238	387
238	1048
238	927
238	271
238	757
238	265
238	518
238	940
238	968
238	687
238	565
238	721
238	725
238	478
238	346
238	379
238	930
238	627
238	353
238	345
238	847
238	534
238	244
238	293
238	413
238	530
238	644
238	402
238	382
238	590
238	673
238	726
238	356
238	1082
238	1044
238	1052
238	313
238	482
238	838
238	520
238	602
238	829
238	1001
238	807
238	551
238	617
238	490
238	430
238	921
238	699
238	986
238	370
238	280
238	533
238	1024
238	729
238	704
238	443
238	742
238	261
238	323
239	306
239	471
239	1020
242	704
242	923
242	687
243	776
243	972
244	732
244	796
244	439
244	1044
244	704
244	954
244	555
244	608
244	697
244	442
244	340
244	986
244	687
244	342
244	891
244	1052
244	699
244	443
244	974
244	721
244	930
244	390
244	1004
244	874
244	846
244	565
244	297
244	720
244	807
244	471
244	818
244	912
244	311
244	430
244	405
244	645
244	1048
245	293
246	730
247	834
247	1017
247	672
247	323
249	449
249	971
249	779
249	263
249	293
249	366
249	575
249	439
250	804
250	311
250	341
250	1043
250	1044
250	505
250	982
250	293
250	347
250	565
250	609
250	342
250	680
250	423
251	555
251	646
251	796
251	863
251	306
251	1004
251	667
251	565
251	1007
251	777
251	572
251	723
251	1126
252	694
252	665
252	393
252	439
252	1050
252	975
252	818
252	753
253	450
254	1090
255	272
255	974
255	753
255	565
255	830
255	642
255	687
255	555
256	791
256	364
257	653
257	351
257	490
258	1006
258	343
258	364
259	620
259	699
259	670
259	357
259	269
259	297
259	533
260	878
260	723
260	399
261	293
261	1035
261	912
261	829
261	280
262	346
262	503
262	393
262	508
262	735
262	446
262	908
262	950
262	782
262	443
262	486
262	573
262	267
262	710
263	937
263	803
263	742
263	923
263	553
263	1106
263	367
263	461
263	560
263	439
263	275
263	494
263	995
264	648
264	422
265	293
265	780
265	1044
265	954
265	513
265	278
265	927
265	1117
265	986
265	530
265	1016
265	408
265	997
265	793
265	328
265	345
265	1052
265	402
265	341
265	699
265	443
265	974
265	721
265	1082
265	896
265	1113
265	930
265	742
265	830
265	772
265	955
265	390
265	346
265	565
265	387
265	317
265	725
265	651
265	1024
265	807
265	413
265	828
265	1029
265	471
265	370
265	715
265	600
266	463
266	649
267	1077
267	510
267	986
267	983
267	1115
267	526
267	355
267	818
267	381
267	446
267	1064
267	499
267	398
267	748
268	493
268	688
269	448
269	922
269	293
269	670
269	1044
269	927
269	527
269	687
269	490
269	328
269	290
269	978
269	1052
269	402
269	699
269	1077
269	443
269	996
269	847
269	930
269	829
269	390
269	557
269	346
269	413
269	471
269	357
269	752
269	306
269	514
269	702
269	723
270	958
270	342
270	588
270	341
270	794
270	565
270	580
270	804
270	322
270	1100
273	463
273	550
274	804
274	376
274	878
274	800
274	563
274	277
274	726
274	1094
274	505
274	886
274	1092
275	937
275	803
275	923
275	553
275	1106
275	367
275	906
276	1077
277	350
277	490
277	415
277	475
277	511
277	505
277	982
277	974
277	1048
277	347
277	871
277	1001
277	1078
277	760
277	882
277	755
277	980
278	915
278	341
278	339
278	799
278	476
278	812
278	954
278	1117
278	974
278	1016
278	471
278	960
278	772
278	530
278	408
278	704
278	390
279	1120
279	1044
279	678
279	341
279	408
279	1008
279	596
279	804
279	893
280	829
280	626
280	311
280	557
280	763
280	1067
280	430
280	1099
280	687
280	293
280	1079
280	585
280	671
280	529
280	1008
281	606
281	882
281	980
281	589
282	814
283	991
283	337
283	1058
283	830
284	611
285	809
286	349
286	571
286	610
287	304
287	665
287	548
287	725
288	529
288	993
288	655
288	355
288	1109
288	312
288	424
289	749
289	627
289	543
290	1077
290	830
290	756
290	527
290	978
290	334
290	446
290	402
290	635
290	450
290	675
290	1058
291	667
291	387
291	830
291	572
291	863
291	1126
292	909
292	1019
293	818
293	828
293	328
293	948
293	390
293	391
293	471
293	736
293	974
293	997
293	387
293	877
293	927
293	1111
293	339
293	671
293	366
293	518
293	298
293	981
293	565
293	558
293	904
293	725
293	346
293	603
293	379
293	819
293	1084
293	930
293	353
293	413
293	931
293	402
293	553
293	514
293	340
293	557
293	1074
293	1067
293	795
293	306
293	356
293	1052
293	838
293	520
293	438
293	1043
293	680
293	829
293	807
293	971
293	430
293	699
293	986
293	370
293	533
293	1024
293	704
293	443
293	737
293	529
293	323
293	670
294	742
294	877
294	538
294	927
294	430
294	447
294	403
294	843
294	699
294	480
294	930
294	1117
295	1106
295	439
295	471
295	402
295	367
296	974
296	669
297	606
297	608
297	555
297	490
297	796
297	357
297	648
297	1112
297	580
297	500
297	944
297	954
297	737
297	419
297	1004
297	736
297	967
297	618
297	1017
297	1121
297	750
297	771
297	390
298	803
298	923
298	1043
298	367
298	391
298	925
298	520
298	906
299	1126
299	510
300	376
300	379
300	393
300	445
300	420
301	403
301	394
301	823
302	856
302	728
302	333
303	735
303	317
303	785
303	830
303	1086
304	594
304	725
304	548
305	1103
306	646
306	1044
306	555
306	927
306	1088
306	687
306	500
306	490
306	997
306	328
306	667
306	1052
306	402
306	699
306	443
306	847
306	930
306	683
306	438
306	804
306	390
306	968
306	1119
306	346
306	572
306	413
306	531
306	471
306	671
306	1126
306	521
306	514
306	702
307	744
307	733
307	805
307	725
308	796
308	1004
309	627
309	543
309	568
309	650
310	592
310	1014
310	563
310	881
310	825
310	1105
310	669
310	360
311	752
311	555
311	450
311	763
311	557
311	1052
311	387
311	430
311	1099
311	687
311	495
311	1079
311	565
311	585
311	671
311	1088
311	402
311	1057
311	390
312	352
312	511
312	387
312	331
312	413
312	430
312	424
312	1079
312	654
312	846
312	539
313	346
313	1082
313	877
313	974
313	402
313	800
313	1046
313	949
314	811
314	772
314	995
314	1037
314	382
315	384
315	668
316	838
316	370
316	538
316	1006
316	384
316	443
316	552
316	1024
316	431
316	931
317	546
317	555
317	357
317	830
317	651
317	897
317	1113
317	785
317	974
317	955
317	889
317	997
317	780
317	1086
317	631
317	742
317	680
317	1033
318	651
318	470
318	510
318	447
318	750
319	620
319	890
319	387
319	323
320	625
320	818
320	481
320	517
320	586
320	685
320	511
320	591
320	784
320	463
320	599
320	412
320	323
320	571
320	432
320	1075
320	499
320	486
320	1026
320	742
320	393
321	1126
321	381
321	667
321	398
321	826
321	1115
321	697
321	1052
321	1090
321	572
321	740
321	932
322	740
322	1100
322	804
322	565
322	588
323	1017
323	704
323	927
323	625
323	813
323	626
323	1088
323	404
323	668
323	997
323	937
323	693
323	736
323	672
323	834
323	699
323	443
323	620
323	353
323	829
323	857
323	510
323	390
323	356
323	838
323	533
323	387
323	358
323	511
323	828
323	1079
323	413
323	1073
323	370
323	591
323	430
323	424
323	749
323	571
323	586
323	543
324	439
325	620
325	407
325	341
326	880
326	974
326	635
326	682
326	774
327	464
327	905
327	662
327	760
327	357
327	893
327	1101
328	670
328	956
328	704
328	519
328	403
328	927
328	1117
328	986
328	652
328	1001
328	379
328	997
328	1052
328	402
328	341
328	699
328	443
328	996
328	847
328	974
328	930
328	683
328	742
328	390
328	346
328	725
328	1024
328	807
328	828
328	413
328	357
328	815
328	1080
328	424
329	701
329	847
329	342
329	649
329	1110
329	652
329	882
330	501
330	729
331	1079
331	430
331	387
331	736
332	785
332	952
332	1086
333	484
334	417
334	701
334	465
334	1009
334	510
334	402
334	355
334	825
334	777
334	833
334	499
335	678
336	1110
336	776
336	621
336	610
337	1050
337	830
338	502
338	406
338	941
338	351
339	820
339	730
339	518
339	1059
339	574
339	565
339	967
339	699
339	423
339	1107
339	421
340	510
340	1074
340	597
340	795
340	818
340	1032
340	799
340	879
340	484
340	430
340	1004
340	416
340	571
340	720
340	872
340	529
340	997
340	443
340	704
340	631
340	807
340	742
340	1098
340	1023
341	732
341	1044
341	680
341	678
341	347
341	546
341	687
341	875
341	379
341	893
341	609
341	402
341	699
341	620
341	1082
341	360
341	930
341	683
341	799
341	742
341	804
341	1012
341	390
341	783
341	565
341	533
341	635
341	572
341	1024
341	407
341	471
341	878
341	1080
341	505
342	1035
342	617
342	503
342	1044
342	649
342	347
342	982
342	895
342	508
342	652
342	660
342	642
342	379
342	476
342	997
342	609
342	580
342	620
342	588
342	1090
342	830
342	510
342	1012
342	705
342	565
342	455
342	872
342	917
342	413
342	357
342	477
342	1055
342	624
342	918
342	632
342	958
343	374
343	364
343	962
344	495
344	378
344	634
345	559
345	832
345	598
345	830
345	642
346	1044
346	971
346	568
346	927
346	559
346	1117
346	986
346	546
346	687
346	490
346	476
346	997
346	800
346	1052
346	402
346	699
346	443
346	441
346	974
346	939
346	930
346	438
346	1074
346	955
346	390
346	1040
346	725
346	720
346	807
346	828
346	413
346	471
346	445
346	1068
346	717
346	514
346	1087
346	702
346	585
347	982
347	830
347	632
347	506
347	505
347	609
348	699
348	979
348	439
349	730
349	534
349	536
349	383
350	352
350	838
350	702
350	974
350	387
350	1048
350	520
350	992
350	415
350	630
351	941
351	653
351	490
352	546
352	510
352	733
352	908
352	642
352	1113
352	468
352	1047
352	463
352	654
352	725
352	435
352	471
352	617
352	992
352	530
352	780
352	417
352	1046
353	356
353	1060
353	370
353	838
353	699
353	736
353	828
353	533
353	443
353	704
353	590
354	648
354	608
354	771
354	888
355	833
355	834
355	1009
355	701
355	465
355	623
356	937
356	1060
356	370
356	838
356	699
356	852
356	736
356	927
356	828
356	533
356	443
356	704
357	478
357	555
357	847
357	1112
357	425
357	520
357	699
357	751
357	397
357	670
357	1082
357	828
357	1022
357	617
357	841
357	572
357	443
358	1044
358	591
358	456
358	413
358	404
358	857
358	915
358	783
358	852
358	620
359	724
359	728
359	893
359	486
360	529
360	1106
360	370
360	439
360	455
360	544
360	623
360	893
361	465
361	612
361	472
361	830
362	543
362	975
363	1013
363	842
364	1021
364	769
364	1110
364	791
364	450
364	745
364	894
365	697
366	971
366	699
366	552
366	864
366	758
366	575
367	937
367	803
367	923
367	553
367	457
367	1106
367	439
367	799
367	906
368	829
368	438
368	723
369	903
369	1099
369	387
369	924
369	430
369	1088
369	410
369	752
369	585
370	704
370	623
370	403
370	544
370	927
370	1117
370	687
370	937
370	736
370	1052
370	552
370	699
370	443
370	930
370	742
370	565
370	1060
370	387
370	725
370	1024
370	910
371	915
372	735
372	657
373	800
373	669
373	939
374	990
374	669
374	694
376	578
376	802
376	804
376	1090
376	420
376	562
376	484
376	445
376	700
376	561
376	932
376	619
376	529
376	881
376	723
376	503
377	608
379	885
379	911
379	586
379	838
379	978
379	464
379	687
379	412
379	809
379	927
379	1006
379	872
379	455
379	570
379	533
379	534
379	620
379	704
379	393
379	390
379	1024
380	885
380	910
380	836
380	818
380	1123
380	517
380	1044
380	685
380	413
380	784
380	599
380	729
380	432
380	627
380	516
380	455
380	486
380	443
380	704
380	742
380	770
381	593
381	1126
381	667
381	398
381	689
381	1115
381	1007
381	1090
381	572
381	932
382	644
382	387
382	430
382	413
382	974
382	495
382	460
382	471
382	927
382	1017
382	732
382	620
382	1069
382	998
382	390
383	759
384	529
384	438
384	732
384	510
384	402
384	484
384	1101
385	590
385	899
386	946
386	700
386	1063
386	1057
386	555
386	484
386	609
386	920
386	1090
387	927
387	813
387	1099
387	1088
387	546
387	687
387	495
387	668
387	997
387	1026
387	1052
387	609
387	699
387	443
387	620
387	855
387	930
387	829
387	857
387	390
387	1119
387	803
387	557
387	565
387	539
387	725
387	836
387	572
387	661
387	511
387	1079
387	413
387	471
387	671
387	1073
387	890
387	752
387	430
387	1069
387	424
387	749
387	520
387	586
387	543
387	585
388	813
388	1038
389	736
389	623
389	610
390	828
390	702
390	471
390	776
390	974
390	780
390	997
390	927
390	645
390	687
390	915
390	565
390	721
390	725
390	797
390	958
390	628
390	411
390	930
390	668
390	413
390	402
390	514
390	917
390	590
390	1044
390	1052
390	540
390	511
390	1126
390	580
390	807
390	490
390	430
390	699
390	986
390	533
390	620
390	704
390	443
390	826
390	570
391	877
391	520
391	1043
391	927
392	1014
393	486
393	665
393	517
393	685
393	463
393	673
393	508
393	983
393	435
393	642
393	667
393	481
393	742
393	599
393	572
393	950
393	818
393	432
393	710
393	784
393	1055
393	446
394	1017
394	403
394	699
394	613
394	704
394	823
395	990
395	503
396	1117
396	552
396	551
396	736
396	927
397	716
397	455
397	683
397	825
397	1035
397	477
397	912
397	635
398	593
398	807
398	468
398	932
398	641
400	450
400	807
400	409
402	1044
402	555
402	927
402	986
402	687
402	490
402	518
402	997
402	800
402	1121
402	1052
402	699
402	443
402	974
402	930
402	438
402	762
402	565
402	725
402	807
402	828
402	433
402	413
402	471
402	878
402	514
402	777
402	702
403	716
403	544
403	783
403	928
403	542
403	1117
403	463
403	1102
403	927
403	455
403	443
403	704
403	447
403	891
404	1041
404	510
404	430
404	413
404	857
404	867
404	620
406	502
406	941
407	784
407	757
408	510
408	626
408	450
408	954
408	825
408	605
408	1117
408	1094
408	463
408	974
408	1064
408	680
408	447
408	514
409	807
410	430
410	1015
410	607
410	924
410	920
410	768
411	807
411	589
411	927
411	1013
411	842
411	793
411	725
411	1038
411	776
411	721
412	417
412	859
412	822
412	465
412	725
412	885
412	703
413	818
413	828
413	1035
413	1092
413	830
413	702
413	471
413	736
413	1086
413	1113
413	974
413	780
413	456
413	997
413	927
413	687
413	725
413	930
413	627
413	568
413	514
413	557
413	777
413	1044
413	1052
413	857
413	807
413	1090
413	971
413	649
413	510
413	490
413	607
413	430
413	699
413	986
413	729
413	620
413	704
413	460
413	443
413	742
413	1036
414	528
414	803
415	555
415	830
415	800
415	476
415	642
415	563
415	1094
415	974
415	725
415	1048
415	565
415	871
415	1058
415	1121
415	572
415	732
415	750
415	1086
416	742
417	590
417	736
417	730
417	465
417	548
417	1118
417	679
418	773
419	1112
419	967
419	608
419	555
420	879
420	795
420	445
421	901
421	730
421	425
421	423
422	648
422	834
422	760
422	807
422	1030
422	436
423	730
423	599
423	688
423	425
423	732
423	1059
423	1125
424	1069
424	993
424	924
424	683
424	671
424	829
424	585
424	930
424	519
424	620
425	1052
425	730
425	752
425	981
426	723
426	978
426	877
426	615
426	718
426	836
426	510
426	483
426	635
426	699
426	530
426	1090
426	1011
426	957
427	487
427	449
427	1090
427	754
427	918
427	1056
428	555
430	436
430	1044
430	704
430	763
430	555
430	608
430	927
430	986
430	626
430	1099
430	1088
430	687
430	668
430	997
430	620
430	974
430	855
430	930
430	438
430	829
430	480
430	933
430	510
430	857
430	557
430	1054
430	539
430	720
430	807
430	1079
430	471
430	1073
430	890
430	1015
430	752
430	912
430	585
430	1048
431	655
432	488
432	836
432	818
432	481
432	517
432	685
432	784
432	463
432	599
432	516
432	486
432	742
432	770
433	524
434	906
435	960
435	527
435	439
435	787
435	855
435	721
436	540
436	490
436	807
436	1030
436	687
436	608
436	771
437	880
438	606
438	1074
438	1068
438	555
438	626
438	525
438	930
438	921
438	638
438	1052
438	1099
438	687
438	663
438	882
438	997
438	443
439	704
439	649
439	1043
439	463
439	975
439	494
439	986
439	979
439	893
439	825
439	834
439	699
439	721
439	742
439	799
439	696
439	1106
440	641
440	667
440	572
440	830
440	689
441	955
441	680
441	1082
441	580
442	945
442	767
442	763
442	825
442	605
442	1008
442	681
443	818
443	828
443	1092
443	937
443	702
443	751
443	841
443	471
443	736
443	974
443	997
443	927
443	815
443	687
443	565
443	725
443	532
443	930
443	627
443	568
443	755
443	1017
443	783
443	514
443	1074
443	795
443	739
443	1044
443	1052
443	838
443	465
443	1001
443	807
443	510
443	490
443	699
443	1059
443	986
443	533
443	729
443	704
443	529
443	742
444	550
445	537
445	863
445	642
445	726
445	505
445	1048
445	667
445	565
445	1001
445	585
445	871
445	471
445	720
445	1058
445	727
445	755
445	702
445	572
445	1040
445	514
446	1077
446	983
446	545
446	526
446	818
446	1055
446	950
446	508
446	974
446	710
446	1110
447	510
447	945
447	651
447	1117
447	463
447	981
447	872
447	607
447	709
447	534
447	750
447	1126
448	979
448	557
448	520
448	752
448	1052
448	930
449	487
449	982
449	1090
449	568
450	555
450	804
450	544
450	451
450	1021
450	502
450	484
450	825
450	1117
450	667
450	724
450	635
450	691
450	896
450	675
450	701
450	774
450	842
450	503
450	1110
451	1004
451	720
451	796
451	1031
451	1122
452	510
453	810
454	465
454	1006
454	830
455	704
455	713
455	544
455	927
455	1117
455	716
455	1102
455	687
455	1070
455	891
455	620
455	726
455	542
455	930
455	683
455	783
455	872
455	731
455	928
455	807
455	529
455	624
455	1069
455	902
455	794
456	637
456	607
456	702
456	591
456	557
456	1103
456	908
456	752
456	603
456	852
456	620
458	721
459	753
459	665
460	694
460	513
460	777
460	1036
460	1092
461	615
462	787
462	492
462	585
462	986
463	550
463	959
463	486
463	517
463	685
463	538
463	712
463	729
463	883
463	481
463	742
463	510
463	599
463	635
463	818
463	784
463	964
463	908
463	1066
464	1112
464	673
465	830
465	964
465	612
465	472
465	725
466	699
466	1052
466	563
466	642
466	555
467	1047
467	565
467	981
467	742
468	1046
469	508
469	777
469	850
469	521
470	880
470	1113
470	626
470	649
471	960
471	555
471	702
471	912
471	1119
471	974
471	780
471	505
471	608
471	513
471	1048
471	927
471	671
471	476
471	990
471	687
471	967
471	725
471	1079
471	958
471	930
471	572
471	1026
471	514
471	777
471	638
471	609
471	1044
471	1052
471	775
471	546
471	722
471	799
471	490
471	699
471	986
471	836
471	1024
471	742
471	732
472	612
472	893
472	637
472	1064
473	906
474	1101
474	1009
475	853
475	996
475	1001
476	546
476	799
476	580
476	852
476	1082
476	924
476	565
476	1017
476	960
476	530
476	997
477	897
477	605
477	947
477	872
478	1124
478	891
478	520
478	1022
478	539
479	561
479	1001
480	807
480	891
480	520
480	1078
480	841
480	1070
480	930
480	1117
481	818
481	517
481	685
481	784
481	599
481	529
481	486
481	655
481	742
481	912
482	518
482	929
482	520
482	617
483	700
483	886
483	978
483	723
483	1010
483	782
483	912
483	484
483	646
483	1090
483	932
484	509
484	503
484	981
484	704
484	555
484	927
484	616
484	782
484	642
484	1021
484	667
484	1010
484	598
484	1090
484	896
484	768
484	804
484	968
484	783
484	849
484	562
484	596
484	970
484	700
484	619
484	600
484	514
484	723
485	538
486	704
486	517
486	685
486	716
486	770
486	546
486	961
486	893
486	573
486	767
486	742
486	690
486	599
486	836
486	774
486	516
486	818
486	710
486	994
486	784
486	529
486	1033
487	982
487	799
487	1090
487	1044
488	1077
489	699
490	653
490	1044
490	832
490	608
490	927
490	1112
490	687
490	1001
490	1052
490	699
490	581
490	1078
490	726
490	771
490	1082
490	930
490	830
490	1074
490	803
490	511
490	807
490	540
490	750
490	514
490	702
492	787
492	571
492	585
492	986
493	723
493	688
494	807
494	836
495	946
495	701
495	626
495	732
495	998
495	608
495	882
495	1095
495	792
496	1096
497	620
497	720
497	796
497	1004
499	529
499	1075
499	612
499	510
500	698
500	750
500	646
500	543
500	1119
500	930
501	767
501	729
501	1089
501	510
501	819
501	1061
501	893
502	941
503	617
503	886
503	633
503	881
503	854
503	782
503	667
503	552
503	990
503	951
503	510
503	968
503	705
503	565
503	1002
503	635
503	718
503	619
503	1009
503	1106
503	878
503	529
503	1053
505	804
505	812
505	513
505	1044
505	967
505	982
505	886
505	609
505	775
505	722
505	1092
505	680
505	514
506	1090
506	968
507	759
507	742
507	530
507	686
508	982
508	807
508	716
508	649
508	950
508	1055
508	872
508	710
509	675
510	959
510	704
510	1081
510	709
510	929
510	563
510	1064
510	729
510	825
510	805
510	620
510	795
510	605
510	1038
510	682
510	857
510	818
510	894
510	529
510	1008
510	592
510	1053
511	625
511	586
511	591
511	571
511	1079
511	760
511	1078
511	927
511	539
511	702
511	815
511	749
512	730
512	936
512	835
512	548
513	651
513	1113
513	715
513	974
513	722
513	967
514	981
514	1044
514	927
514	1117
514	675
514	687
514	1052
514	825
514	699
514	1082
514	768
514	930
514	1074
514	720
514	1086
514	702
514	585
515	982
516	736
516	599
516	836
516	685
516	770
516	818
516	784
516	517
517	836
517	818
517	685
517	784
517	599
517	742
517	770
518	628
518	986
518	617
518	520
518	885
518	699
518	762
518	543
519	707
519	683
519	930
520	676
520	645
520	1100
520	687
520	1124
520	673
520	1078
520	927
520	617
520	732
520	891
521	804
522	736
523	901
526	818
526	983
527	978
527	1077
529	582
529	707
529	1058
529	1044
529	704
529	763
529	608
529	544
529	546
529	1001
529	997
529	655
529	891
529	694
529	795
529	1074
529	968
529	599
529	774
529	720
529	818
529	1009
529	706
529	777
529	702
530	937
530	1115
530	845
530	846
530	1084
530	733
530	799
530	934
530	726
530	725
530	960
530	772
530	742
531	581
532	553
532	1017
533	915
533	838
533	699
533	687
533	736
533	725
533	627
533	647
533	828
533	617
533	697
533	704
534	590
534	742
535	552
536	730
537	667
537	572
537	642
538	610
538	655
538	900
538	995
538	1066
538	773
538	883
538	931
539	848
539	1099
539	546
539	1088
539	555
539	855
539	1079
539	680
539	585
539	846
539	1124
540	676
540	919
540	608
541	1049
541	940
541	669
541	603
541	1123
541	924
541	1113
542	902
542	1102
542	927
542	544
542	794
542	928
542	783
542	704
542	1117
543	862
543	818
543	975
543	627
543	585
543	720
543	650
543	813
543	628
543	749
544	1060
544	831
544	949
544	794
544	825
544	1117
544	583
544	724
544	902
544	704
546	555
546	830
546	580
546	1082
546	599
546	565
546	1088
546	609
546	997
546	774
546	780
546	1026
546	704
546	588
546	680
547	651
547	1113
547	927
548	665
548	742
548	725
549	1104
550	872
552	736
552	1002
552	599
552	783
552	575
553	937
553	803
553	1043
553	923
553	1106
553	925
553	971
553	1084
554	1100
554	676
554	687
555	585
555	651
555	912
555	1086
555	974
555	780
555	896
555	608
555	559
555	1048
555	1088
555	687
555	967
555	565
555	1004
555	725
555	1112
555	667
555	998
555	930
555	572
555	847
555	644
555	777
555	763
555	804
555	609
555	871
555	1082
555	1052
555	563
555	642
555	680
555	1126
555	1001
555	986
555	882
555	732
556	725
557	1074
557	752
557	930
557	908
557	1052
557	637
557	1099
557	585
557	607
557	702
558	699
558	1112
558	737
559	802
559	1126
559	998
560	816
562	657
562	700
562	723
562	735
562	787
562	782
562	932
563	800
563	705
563	642
563	990
563	700
563	960
565	817
565	830
565	1086
565	780
565	800
565	657
565	735
565	878
565	1040
565	1012
565	687
565	588
565	725
565	958
565	667
565	930
565	572
565	820
565	1055
565	590
565	952
565	782
565	804
565	609
565	1082
565	1052
565	747
565	642
565	646
565	680
565	580
565	1031
565	699
565	854
565	684
566	1096
567	908
567	796
567	768
568	742
568	736
568	627
568	1095
568	644
569	905
569	645
569	687
571	625
571	1123
571	586
571	591
571	729
571	856
571	1026
571	776
572	646
572	1115
572	922
572	1112
572	782
572	863
572	642
572	641
572	952
572	1001
572	667
572	747
572	1052
572	609
572	588
572	726
572	1082
572	1113
572	871
572	930
572	683
572	830
572	1119
572	689
572	1040
572	846
572	836
572	684
572	727
572	1126
572	1007
572	1086
572	674
572	958
572	1048
573	1042
573	731
575	758
576	881
576	729
577	703
577	805
577	725
578	723
578	1036
579	1041
580	958
580	944
580	588
580	680
581	702
581	750
582	629
583	699
583	1060
583	885
585	752
585	986
585	862
585	651
585	763
585	1099
585	924
585	1079
585	671
585	720
585	1088
585	882
585	702
586	1041
586	633
586	591
586	729
586	867
586	625
586	620
587	633
588	830
588	1082
588	607
588	667
589	606
589	807
589	842
589	1038
589	882
589	869
589	980
589	714
590	736
590	721
590	1059
590	708
590	649
590	777
590	953
590	742
591	664
591	625
591	852
592	875
592	825
592	623
592	1014
593	826
593	932
593	705
593	986
595	804
595	796
596	970
596	687
596	804
596	874
598	837
598	700
598	642
599	730
599	836
599	818
599	837
599	699
599	685
599	784
599	691
599	774
599	704
599	742
599	770
600	809
600	767
600	711
600	941
600	678
600	981
600	873
600	876
600	1117
602	927
603	1043
603	877
603	924
603	754
603	1079
603	940
603	1090
603	620
604	891
605	1004
605	1120
605	763
605	746
605	825
605	796
605	1008
605	808
605	932
606	807
606	860
606	1121
606	618
606	750
606	882
606	980
607	751
607	830
607	637
607	1082
607	1018
607	1117
608	1084
608	919
608	704
608	648
608	986
608	940
608	1030
608	1112
608	834
608	620
608	974
608	771
608	1127
608	930
608	803
608	1024
608	912
608	1048
609	804
609	917
609	836
609	830
609	1052
609	642
609	1119
609	1044
609	982
609	687
609	641
609	680
610	1116
610	856
610	842
612	835
612	830
612	725
613	699
613	800
613	704
613	1017
613	823
613	1004
614	631
615	617
615	660
615	868
616	768
617	669
617	1049
617	1090
617	1105
617	730
617	865
617	825
617	1063
617	968
617	881
617	623
618	748
618	702
618	1121
618	750
619	907
619	723
619	854
619	881
619	818
620	633
620	981
620	796
620	1110
620	1088
620	979
620	668
620	663
620	997
620	1026
620	1052
620	771
620	829
620	857
620	804
620	1004
620	783
620	872
620	720
620	890
620	1068
620	1069
621	776
621	1059
622	793
622	732
623	736
623	986
623	881
623	875
624	833
624	1106
624	704
624	1126
626	915
626	1099
626	687
626	1079
626	956
626	828
626	973
627	761
627	729
627	792
627	650
627	704
627	742
627	749
628	862
631	742
631	767
631	889
631	663
631	692
631	825
631	1105
633	1068
633	780
633	840
633	663
633	867
633	951
633	1090
633	804
633	783
635	701
635	774
635	718
635	675
635	818
635	880
636	702
637	751
637	1050
637	1018
637	995
638	722
638	658
638	921
638	997
638	917
641	1086
641	1113
641	763
641	667
641	687
641	1090
641	932
641	880
642	684
642	799
642	747
642	700
642	832
642	782
642	1040
644	736
644	847
644	667
644	753
645	973
645	954
645	732
645	922
645	687
645	874
646	747
646	1119
646	687
646	667
646	700
646	932
646	723
647	915
647	1005
648	842
648	834
648	771
648	888
649	986
649	1090
649	830
649	818
649	863
649	1113
649	982
649	1059
649	664
649	913
649	997
649	1035
649	742
651	715
651	863
651	763
651	1113
651	974
651	955
651	1078
651	882
651	997
651	750
652	690
652	859
653	828
654	980
655	701
656	933
656	688
657	735
657	748
657	797
657	1025
658	917
658	952
658	1086
658	768
659	891
660	721
660	796
660	1004
661	699
661	997
661	687
662	1101
663	804
663	783
663	742
663	1068
664	666
665	986
665	983
665	818
665	1112
665	834
665	685
665	974
665	1048
665	1024
666	966
667	1115
667	922
667	763
667	1031
667	854
667	782
667	863
667	952
667	747
667	896
667	871
667	1113
667	804
667	830
667	689
667	846
667	684
667	1126
667	1007
667	1086
668	927
668	997
669	939
669	1074
669	1049
669	1105
669	730
669	800
669	707
669	743
669	1113
669	726
669	968
669	750
669	694
670	847
670	996
670	683
670	699
671	763
671	927
671	699
671	1052
671	997
672	834
672	943
672	1017
673	784
673	818
674	702
674	683
674	958
674	698
674	930
675	861
675	718
675	873
675	880
675	729
675	724
675	971
675	1096
675	701
675	1097
675	723
675	1035
675	989
676	1100
676	687
677	761
678	700
678	723
678	711
678	729
678	825
679	1076
679	730
679	953
680	804
680	1094
681	1008
681	763
681	767
681	825
682	1105
682	1069
682	960
683	847
683	996
683	699
683	997
683	930
684	1040
684	747
684	817
685	986
685	983
685	836
685	818
685	1050
685	784
685	742
685	770
686	759
686	1044
686	875
686	736
687	874
687	1100
687	702
687	1086
687	942
687	780
687	970
687	877
687	927
687	981
687	930
687	803
687	871
687	1099
687	1044
687	1052
687	775
687	747
687	954
687	807
687	799
687	699
687	973
687	704
687	742
687	922
687	732
688	945
690	716
691	837
692	767
692	825
693	834
693	798
693	755
694	1094
694	755
694	800
694	990
694	786
695	971
695	880
695	904
695	873
696	893
696	825
696	711
697	1077
697	732
697	725
697	881
697	1115
698	930
699	828
699	762
699	702
699	937
699	736
699	974
699	891
699	997
699	927
699	725
699	754
699	930
699	847
699	999
699	1044
699	1052
699	838
699	925
699	778
699	715
699	807
699	996
699	986
699	704
699	742
699	979
699	719
700	1090
700	945
700	783
700	1021
700	747
700	932
700	704
700	723
700	782
701	833
701	1009
701	880
701	760
701	882
701	989
701	1110
702	1044
702	927
702	1052
702	930
702	720
702	752
702	1009
702	750
702	777
703	744
703	822
703	805
703	725
704	828
704	762
704	784
704	1102
704	751
704	823
704	736
704	928
704	974
704	997
704	927
704	915
704	716
704	1106
704	1017
704	783
704	1117
704	902
704	824
704	774
704	794
704	838
704	720
704	1126
704	961
704	807
704	799
704	729
704	742
705	927
705	782
706	760
706	1034
706	1009
709	1117
709	742
710	767
710	950
711	1014
711	729
711	825
713	1028
713	963
713	720
714	807
714	1009
714	1013
714	842
714	725
714	1038
714	997
714	869
715	1113
715	767
715	1123
715	997
715	1029
716	891
716	1123
716	762
716	997
716	1117
717	997
718	989
718	729
718	724
718	880
720	796
720	930
720	818
720	1009
720	1004
720	997
720	807
720	1028
720	891
721	799
721	1044
721	927
721	960
721	753
721	776
722	967
723	895
723	1090
723	1052
723	978
723	922
723	880
723	871
723	932
723	782
724	1096
724	728
724	861
724	825
724	873
724	1117
725	1035
725	732
725	881
725	927
725	963
725	733
725	986
725	997
725	793
725	1052
725	805
725	822
725	974
725	930
725	742
725	807
725	828
725	1106
725	964
725	750
725	744
725	842
725	1086
726	1094
726	1082
726	1001
726	1113
726	1036
727	1001
729	910
729	1044
729	825
729	809
729	1006
729	872
729	806
729	819
729	742
729	1089
729	1024
730	1049
730	752
730	1105
730	818
730	1052
730	1107
730	1059
730	981
730	968
730	820
730	835
731	1051
731	891
731	887
731	949
732	1000
732	830
732	1005
732	1058
732	856
732	1086
732	748
732	881
732	998
732	891
733	968
733	869
734	1062
734	950
736	953
736	927
736	986
736	1112
736	742
736	838
736	828
736	784
739	1017
739	815
740	872
741	912
742	818
742	988
742	781
742	784
742	937
742	872
742	776
742	984
742	809
742	981
742	1054
742	803
742	1117
742	889
742	793
742	807
744	822
744	964
744	963
744	842
744	750
744	997
744	1029
744	805
745	791
745	1021
746	1008
746	1120
747	1040
748	1126
748	1025
748	1115
748	1031
748	932
749	761
749	1018
749	966
749	751
749	927
749	890
750	1074
750	1112
750	834
750	1113
750	1082
750	974
750	927
750	1121
750	771
750	807
751	1018
752	930
752	1052
752	1088
753	974
753	1110
753	1050
753	1024
755	974
755	1048
755	772
755	1024
757	784
760	1034
760	1001
760	1009
760	834
760	1078
761	1038
761	1117
762	986
762	778
762	1123
762	997
763	825
763	768
763	882
763	1088
763	1008
764	929
765	1060
767	1123
767	825
767	1061
767	893
767	956
767	1042
767	941
767	1008
768	1086
768	970
768	796
768	981
768	1015
770	836
770	818
770	784
771	842
771	834
771	1112
772	1037
773	1009
774	989
774	799
775	812
775	1044
776	986
776	1123
776	809
776	927
776	856
776	1054
777	1036
777	830
777	1103
777	855
777	1046
777	1092
778	1060
779	864
780	793
780	1113
780	955
780	1088
780	926
780	1087
780	997
780	891
782	878
782	854
782	886
782	881
783	1068
783	804
783	928
783	1117
783	823
783	1102
783	927
783	1106
784	836
784	818
785	830
785	1086
786	929
786	800
786	924
788	924
790	881
790	916
791	1021
793	889
793	981
794	902
794	1117
795	1074
795	997
795	818
796	829
796	808
796	908
796	954
796	1004
796	987
796	1120
799	940
799	1084
799	803
799	1044
799	960
799	1106
799	832
799	1098
799	1023
800	939
800	974
800	924
800	1001
800	1071
800	820
801	826
803	937
803	836
803	1052
803	1043
803	954
803	981
803	925
803	923
803	1106
804	1044
804	1016
804	896
804	1068
804	1126
804	878
804	1067
804	1080
804	1007
805	822
807	860
807	1013
807	927
807	986
807	1030
807	997
807	1052
807	974
807	930
807	828
807	818
807	882
807	842
808	1004
809	872
813	1038
814	1090
814	918
814	924
815	1017
815	928
815	823
817	856
817	924
818	1115
818	975
818	854
818	986
818	983
818	997
818	1056
818	990
818	1074
818	836
819	931
820	884
820	1125
822	964
823	1017
823	1059
823	928
825	956
825	1117
825	1064
825	952
825	893
825	1014
825	930
825	1008
826	946
826	1090
826	846
827	1039
827	901
828	927
828	986
828	915
828	997
828	1052
828	974
828	930
828	838
828	941
829	1074
829	1021
829	908
829	996
830	1035
830	1058
830	997
830	856
830	1090
830	1082
830	1086
830	991
832	1074
832	927
832	1111
833	1009
834	919
834	1112
834	1045
834	974
834	1017
835	983
836	1052
836	1119
836	855
836	1073
838	911
838	1024
839	840
840	951
840	1108
841	1078
842	964
842	1038
842	1013
842	997
842	869
842	1029
842	980
843	877
843	927
846	1126
846	986
846	1115
846	1090
847	996
847	895
847	997
847	930
850	1091
851	894
854	886
855	1099
855	1073
856	933
856	1123
857	927
861	971
861	873
863	871
866	892
869	980
869	1038
871	1001
871	1086
871	1048
871	974
871	922
872	947
873	1117
873	981
874	922
874	973
875	893
876	941
877	1043
877	927
877	1008
878	1002
879	1004
880	989
880	1097
881	1027
881	990
881	916
881	968
881	1093
881	1035
882	1110
882	980
883	959
883	1066
886	990
886	1092
887	1051
887	949
890	1073
891	1123
891	1070
891	949
891	1117
891	1078
893	1061
893	1033
894	1012
894	1009
894	908
894	929
894	957
895	1090
896	974
897	997
898	990
900	985
901	1008
901	1039
902	1117
903	924
903	920
904	971
905	1019
906	923
907	969
908	1004
908	1120
908	1113
908	1047
910	1117
912	986
912	930
912	974
912	1048
912	1007
912	1035
914	1054
915	974
918	1041
918	977
918	924
920	1015
920	924
921	1031
922	1086
923	937
923	1106
924	940
924	1015
925	1043
926	1087
927	1102
927	937
927	928
927	974
927	997
927	981
927	982
927	930
927	1068
927	1006
927	1074
927	1117
927	1044
927	1052
927	971
927	986
928	1102
928	1117
930	974
930	997
930	1048
930	940
930	981
930	958
930	1084
930	1074
930	1044
930	1052
930	956
930	996
930	1008
930	986
930	1039
931	1084
932	1021
932	1113
934	937
935	1052
935	944
937	1106
937	988
938	988
939	1040
940	1123
940	1084
942	954
942	997
942	1067
949	1051
950	1033
950	1055
950	1117
951	1123
951	1070
952	1086
952	1064
954	1067
954	1117
954	1004
954	974
954	1016
954	997
955	1113
955	1082
955	974
955	997
955	1029
956	1044
958	1082
959	1046
963	997
963	964
964	997
964	1029
966	1018
968	1063
968	1105
968	1049
968	1090
970	1010
971	1068
971	1084
971	1117
974	1113
974	997
974	1048
974	1112
974	1121
974	1094
974	1029
974	1117
974	1080
974	1052
974	986
974	1024
974	1110
974	1078
975	1110
976	1043
978	1077
979	1052
980	1013
980	1038
981	1117
983	986
986	1112
986	997
986	1052
986	1077
986	1048
989	1097
990	1002
991	1058
997	1035
997	1113
997	1026
997	1074
997	1067
997	1029
997	1052
997	1090
998	1126
998	1088
1000	1058
1001	1036
1001	1044
1001	1082
1001	1078
1003	1066
1006	1021
1006	1011
1007	1035
1008	1120
1011	1021
1012	1044
1015	1092
1021	1110
1023	1098
1024	1044
1024	1048
1026	1060
1029	1113
1029	1090
1031	1080
1035	1090
1036	1094
1036	1103
1036	1052
1036	1040
1036	1092
1044	1052
1045	1112
1047	1113
1049	1113
1049	1105
1050	1110
1052	1119
1054	1105
1057	1090
1057	1063
1058	1099
1059	1107
1060	1114
1063	1090
1068	1117
1072	1099
1073	1099
1074	1082
1074	1087
1082	1112
1086	1113
1088	1099
1090	1115
1102	1117
1110	1114
1115	1126
