0	4490
0	4397
1	4463
2	1172
3	2236
4	4913
9	460
9	2408
10	3733
11	3048
11	2035
11	5536
11	2363
11	4486
11	594
11	3067
11	3590
12	2016
12	4657
12	3664
13	4886
13	4985
13	5324
14	3291
16	5574
19	1115
19	699
19	1544
19	5617
19	249
19	4897
19	1739
19	439
19	3207
21	1670
22	3194
22	2553
22	5623
22	1031
23	1464
23	810
23	617
24	4004
24	4517
25	4476
25	1017
25	3717
26	699
26	5092
27	4786
27	2475
27	5948
28	5625
28	269
28	5708
29	5195
29	2947
29	5516
31	293
31	1813
31	2183
31	319
31	4010
31	3382
31	442
31	1018
31	560
35	728
36	5558
36	1587
36	55
36	551
37	4961
37	2016
37	3692
37	4670
37	3563
38	699
38	330
38	2230
39	4138
39	3613
39	965
39	5994
39	2478
39	4643
39	979
39	3001
39	3338
39	1174
39	180
39	2457
39	5558
39	4187
39	5120
39	6021
39	4970
39	1184
39	2631
39	1377
39	3782
39	4695
39	971
39	2971
39	678
39	4189
39	6099
39	1604
39	5751
39	3688
39	2028
39	1601
39	5888
39	5434
39	2318
39	1953
39	3639
39	2931
39	2577
39	1865
39	4428
39	6118
39	3809
39	5031
39	4740
39	4383
39	2940
39	982
39	5655
39	3765
39	2109
39	3094
39	2864
39	4277
39	2039
39	2104
39	5471
39	4254
39	5050
39	5028
39	4520
39	183
39	52
39	4221
39	4170
39	494
39	1329
39	1153
39	3753
39	394
39	805
39	3605
39	4653
39	646
39	5165
39	6152
39	4010
39	5828
39	89
39	731
39	5039
39	185
39	3407
39	3991
39	996
39	2879
39	1131
39	5101
40	699
45	2263
45	610
45	6051
45	2342
45	1689
45	2679
45	6027
45	4719
45	5775
49	2943
49	152
49	6044
49	218
49	1744
49	4167
49	731
50	2510
50	2780
50	4118
51	2928
51	514
51	5481
52	3613
52	5994
52	212
52	4643
52	979
52	3018
52	653
52	1174
52	2929
52	2048
52	4961
52	669
52	2549
52	1184
52	5093
52	4293
52	5478
52	3366
52	3829
52	1377
52	3105
52	6044
52	482
52	686
52	1134
52	4170
52	1524
52	6020
52	4189
52	5050
52	3376
52	5077
52	4351
52	440
52	3863
52	5447
52	4478
52	5876
52	5390
52	4980
52	4452
52	1026
52	3067
52	731
52	629
52	2476
52	3561
52	5028
52	2577
52	1990
52	4504
52	2169
52	241
52	487
52	662
52	2087
52	2039
52	4520
52	183
52	494
52	2635
52	4442
52	5184
52	5794
52	292
52	4486
52	711
52	3266
52	5679
52	4896
52	5795
52	5511
52	1295
53	1174
53	2410
53	3563
55	5558
55	1587
55	551
56	929
56	3590
56	2688
56	5618
57	924
57	879
57	240
57	3790
57	1496
59	3705
60	3759
60	3879
60	582
60	5447
60	209
60	5242
60	2071
61	1679
62	5558
62	850
62	2310
62	523
62	2881
62	889
62	3557
64	2594
64	5374
67	3765
74	3300
74	3733
75	5994
75	212
75	3659
75	4377
75	404
75	4260
75	4336
75	482
75	4189
75	4428
75	3521
75	1026
75	5031
75	2665
75	5807
75	2476
75	5345
75	1675
75	5674
75	494
76	2928
76	4356
76	3656
76	3847
76	4552
76	2161
76	699
76	3870
76	267
76	4238
76	3732
76	5677
76	1286
78	5994
78	2627
81	2928
81	2349
81	3364
81	2178
85	3025
85	2206
85	6028
85	2059
86	2878
86	3230
86	4189
86	4022
86	1476
86	2330
86	5185
88	1383
88	1540
89	4643
89	1761
89	3153
89	5050
89	6142
89	2637
89	962
89	2990
89	2504
89	2087
89	949
90	2838
91	3688
94	4449
95	1132
95	733
95	4280
97	4653
97	2639
97	3831
97	2103
99	3113
99	5234
100	254
100	3931
100	1311
103	5631
103	292
103	5256
105	6096
107	2068
108	5574
109	3145
109	1573
109	3360
109	2102
109	4158
109	1989
113	2296
116	5303
116	2137
116	2903
117	819
119	4189
119	2017
119	1673
119	5639
119	1887
119	1051
119	2521
119	2241
121	1286
122	2966
122	1979
122	3596
122	737
122	4087
122	1199
122	2493
122	4420
122	4116
123	2119
123	4961
123	4745
124	3010
124	2509
126	206
126	2282
127	5686
127	3643
128	2354
128	4847
128	5115
128	6003
128	1932
130	3754
130	1535
131	5558
131	4040
131	2254
131	439
131	3839
133	4170
135	943
135	3604
138	5680
138	443
139	5557
139	4066
139	1445
139	5436
140	606
140	1271
140	4483
140	3588
141	1035
141	3415
144	3105
144	939
144	1026
144	4350
145	2039
147	1723
148	589
150	2552
150	5753
150	4876
150	819
150	5897
150	2820
150	1902
152	3516
152	4541
152	6044
155	918
155	2988
156	5018
157	2524
157	1790
157	1337
157	5394
157	4231
158	1694
158	5916
158	1524
158	5447
158	996
159	5985
160	6085
162	434
162	4405
162	4964
165	2924
165	3176
165	5427
165	2599
165	5521
169	1548
169	2870
170	4859
170	3934
170	2408
171	3630
171	1949
171	3594
171	6007
171	1332
172	5094
172	307
172	938
172	4074
172	5597
174	3683
174	699
174	4168
174	731
174	904
174	2165
176	5613
180	3845
180	5518
180	3001
180	823
180	4899
180	1129
180	1174
180	379
180	2786
180	5471
180	6025
180	4452
180	610
180	3688
180	5434
180	2028
180	2002
180	3143
180	5655
180	4302
180	2104
180	3388
180	3844
180	3765
180	4383
180	1329
180	494
180	245
180	2289
180	704
180	2039
180	4800
180	3240
180	2845
180	5687
180	4254
180	2011
180	1675
180	4260
180	4900
180	2465
180	1184
180	731
180	4277
183	979
183	4336
183	4213
183	5050
183	4520
184	1229
184	3105
184	4820
184	4351
184	996
184	2881
184	4987
184	6117
184	1846
184	2094
185	5994
185	2891
186	421
186	1794
186	4279
186	3977
186	3733
189	4183
190	3957
193	2016
193	4183
193	3563
193	4670
193	6118
194	1704
194	1233
194	2227
194	4358
196	4659
196	4278
197	2153
197	5455
198	5126
198	1477
199	2755
199	2729
200	3674
200	3283
200	3934
200	5455
200	2854
202	2039
204	4208
206	924
206	2743
206	2282
208	1900
208	4505
208	2405
209	3393
209	349
209	3605
209	5447
209	1223
209	4188
209	2336
209	3934
209	5076
209	6124
210	4356
210	5550
210	1725
210	2331
212	2234
212	3613
212	5994
212	2505
212	2881
212	609
212	996
212	614
212	3105
212	939
212	5803
212	1026
212	4221
212	3752
212	2329
212	5558
212	2811
212	5050
212	2891
212	709
212	4761
212	3260
212	1729
212	1184
212	1460
212	3578
212	1009
212	5780
212	4189
212	821
212	3517
212	874
212	1174
212	5345
212	5478
212	5784
212	3605
212	5669
212	4251
212	4293
213	3838
213	1773
213	5695
215	1263
215	5443
215	980
217	2510
217	5016
218	4838
218	484
218	6044
218	5792
219	2928
219	2412
219	1903
219	5550
219	2532
219	3359
219	803
221	2755
221	2297
221	2729
222	4371
222	1819
222	2835
222	307
222	2627
222	5833
222	3825
222	641
223	2179
223	601
223	2151
224	5081
224	6096
225	2777
225	4800
225	1865
225	2318
226	4306
229	1503
229	1480
229	4592
229	5771
230	4836
230	971
232	5650
232	1240
233	5607
233	3222
234	4875
234	4961
234	3364
234	1589
234	731
234	1670
234	1535
234	5628
234	727
234	2770
235	1619
235	1082
236	4189
240	924
240	879
241	3376
241	487
241	4540
243	4745
243	2366
244	4745
244	3402
245	823
245	4899
245	5655
245	4383
245	3765
245	5434
245	1329
245	494
245	2289
246	429
246	1720
246	3320
247	5276
247	3957
247	4616
247	5494
247	536
247	2194
247	3900
247	4960
247	4059
247	3743
247	2645
247	3854
247	1327
247	1805
247	402
248	5039
249	5432
249	4961
249	728
249	5723
249	4081
249	2006
249	440
249	3296
249	3745
249	3411
249	1593
249	3550
249	4767
249	1739
249	731
251	4425
251	3159
251	5368
251	1488
253	1619
253	4889
253	1565
253	3704
254	2523
254	2192
254	3931
254	2086
254	5817
254	855
254	290
254	5322
254	2442
255	5687
256	879
256	660
256	2996
256	2714
256	4350
257	4491
257	2028
258	5905
260	3634
260	4309
261	2962
261	3900
261	2170
261	3846
262	1623
264	2010
265	2461
265	2907
265	2726
266	1333
267	5932
267	4356
267	4168
267	3112
269	3999
269	5625
269	3230
269	4413
269	5708
269	363
269	480
269	5160
269	3265
271	4031
271	4007
276	4745
276	3748
276	1286
276	4328
277	4735
277	6109
277	3090
277	3549
278	654
279	5048
279	3146
279	5026
279	2874
279	763
279	1790
279	5203
279	4536
279	3824
279	1278
279	730
279	2353
279	4231
279	5394
279	6064
281	2792
281	5673
281	5665
285	5012
285	3719
285	5356
285	2775
286	4643
290	5322
290	855
292	5631
292	1441
292	3338
292	4260
292	1184
292	564
292	3153
292	1391
292	971
292	1841
292	2358
292	1604
292	1445
292	5229
292	5256
292	1882
292	4951
292	2038
292	5095
292	494
292	4724
292	1315
292	1990
292	5645
292	5610
292	1675
293	2092
293	5803
296	1365
296	3245
296	1591
296	301
297	819
298	1363
298	3105
298	2616
298	1026
298	2077
298	4099
298	3742
300	2215
300	5455
300	721
300	1963
300	5234
301	365
301	1365
301	523
301	3245
301	5608
301	4153
301	3290
301	2588
301	5734
301	5963
301	6057
301	4743
301	1968
301	539
301	1591
302	3299
302	2552
302	2884
302	4961
302	5693
302	2869
302	5321
302	5332
302	423
302	3364
302	5901
302	1259
302	1839
302	727
303	4431
303	5352
306	4568
306	731
307	5094
307	938
307	4074
307	5597
307	3207
309	2792
309	5267
311	3307
311	3986
314	1896
314	1098
314	4505
314	440
314	3677
314	4313
314	1017
314	945
314	3046
319	3613
319	5666
319	754
319	4428
319	4010
319	974
321	2470
321	5529
321	2508
321	4757
322	1417
326	2510
326	507
326	4544
326	5669
326	4189
326	954
326	3791
326	4238
326	4511
326	3451
326	4561
326	5485
327	5942
327	4126
327	3151
328	5373
328	5293
328	5780
330	5558
330	5784
330	4552
330	4745
330	699
330	4254
330	4351
330	3317
330	2230
330	2805
330	3555
330	5992
331	2119
331	6013
333	2360
333	2375
333	5862
333	1374
333	3067
334	3364
334	4291
336	1942
336	1286
336	5240
337	4327
338	2873
338	4561
339	1282
339	4958
339	4957
339	4376
339	1683
339	5185
339	4920
339	970
339	4857
340	5126
340	1477
341	3872
341	4353
342	4311
342	1801
342	3795
347	4985
349	6052
349	3528
349	1977
350	4690
350	4328
350	1390
350	5060
350	5240
352	5424
352	1463
352	1693
352	3540
352	1753
353	2513
353	910
353	4383
354	2016
354	6118
355	4267
355	4375
355	5270
355	4843
355	3067
355	6083
355	1286
355	1647
355	1339
355	5437
355	6003
356	2510
356	1184
356	1871
356	1096
357	3038
357	4221
357	668
357	4023
357	699
359	1079
359	4938
359	4055
359	2485
359	3598
359	2055
360	485
360	2215
360	5366
361	2828
362	5801
362	449
362	4350
363	3230
363	5160
363	1738
363	5582
364	4306
364	1277
364	463
365	1179
365	452
365	3290
366	4643
366	4746
366	3153
366	4978
366	5256
370	5234
370	1077
372	1681
373	3563
374	954
376	653
376	613
377	594
377	3123
378	1281
378	4868
378	5689
378	2048
378	3829
378	4251
378	731
378	5212
378	6044
378	410
378	878
378	1617
378	2384
378	3396
378	1720
378	5566
378	2250
378	1213
378	5028
378	3069
379	3067
379	4637
379	2011
379	1675
379	4260
383	4838
385	3281
385	5245
385	3993
385	3270
387	3680
390	3514
390	3046
393	1397
393	2058
393	3665
393	3934
393	4859
393	2408
393	1873
393	5013
393	2698
393	3222
393	2860
393	5455
393	5992
393	3947
394	456
394	5968
394	3191
394	4251
395	4836
395	5447
395	4168
395	2130
395	1491
395	3939
395	1364
395	2072
395	3508
395	5132
395	6085
397	2606
397	5054
399	5590
399	5891
399	5862
399	4990
399	6047
399	732
399	1773
399	1509
400	5404
402	5276
402	3900
402	2194
403	2039
404	4336
404	1656
404	4046
404	634
404	4106
404	4350
404	3378
404	6066
404	4439
405	4837
407	4356
407	5848
409	2510
409	5278
409	914
409	2900
409	1744
410	4251
410	731
411	1932
418	2475
418	6153
419	668
421	2119
421	2821
421	3977
421	4279
422	1455
422	2617
422	2068
422	1681
423	5332
423	4452
423	2577
423	3574
423	1259
423	1839
425	1615
425	1676
425	2609
427	5304
427	3760
427	4256
427	2249
428	536
429	1720
429	3320
430	2119
430	699
430	5180
430	5901
431	4476
431	4922
433	5871
433	4095
433	4042
434	879
435	4302
439	5558
439	4961
439	4099
439	2349
439	3026
439	2039
439	3207
440	4643
440	2552
440	1896
440	3153
440	4745
440	6020
440	1098
440	5068
440	4452
440	2577
440	4505
440	3677
440	4313
440	3046
440	3637
440	3024
440	5199
440	3455
440	2972
440	2879
440	5406
440	727
441	3377
441	759
442	2416
442	1351
443	5680
443	4998
443	1284
443	2970
443	5221
445	2484
446	5271
449	5994
449	2701
449	823
449	3338
449	761
449	3105
449	519
449	537
449	5844
449	5202
449	2358
449	5801
449	5687
449	3068
449	3605
449	879
449	593
449	2737
449	5050
449	2480
449	939
449	4383
449	2195
449	5457
449	3923
449	468
449	2330
449	4917
451	3168
451	4935
451	3354
452	1179
455	653
456	4653
456	1517
456	2821
456	2991
456	1146
456	5846
456	4864
456	4976
456	1555
456	4880
456	3563
456	3191
456	4251
456	5968
460	1076
460	4410
460	616
460	3934
460	2671
460	1298
460	2408
462	5102
462	5493
462	777
462	4711
462	3160
462	2957
462	5895
462	4463
462	4306
462	3996
462	1114
462	5200
462	1528
462	5629
462	2161
462	6067
462	3611
462	3259
462	4206
462	619
462	990
462	3642
462	3885
462	1826
462	3051
462	5333
462	2444
462	3617
462	904
462	801
462	850
462	5423
463	1277
466	5803
468	2701
468	3923
468	5457
470	1488
470	5368
471	2010
477	532
477	5050
477	2891
478	5092
478	3739
479	1350
479	4731
479	5455
479	2860
479	5524
479	3934
480	3230
482	3613
482	5994
482	1174
482	5517
482	2476
482	4189
482	4368
482	2911
482	3561
482	5028
482	4971
482	2415
482	4428
482	3056
483	1059
483	2915
483	2288
484	5932
484	3346
484	2362
484	5792
484	5992
485	2215
485	5366
487	3376
491	825
491	5001
491	3590
493	3990
493	2526
493	3934
493	4870
493	2408
493	2896
494	5631
494	5994
494	823
494	4899
494	1174
494	816
494	2048
494	1184
494	5478
494	4461
494	3829
494	1377
494	5255
494	3105
494	3671
494	1604
494	1134
494	4170
494	4021
494	1524
494	5655
494	4221
494	6099
494	2199
494	3724
494	5769
494	5050
494	3863
494	4383
494	3765
494	5256
494	5434
494	2564
494	4733
494	4188
494	1329
494	2028
494	3363
494	6082
494	3574
494	5556
494	3551
494	1990
494	2289
494	1557
494	731
494	3055
495	3605
495	2881
496	5050
498	2179
498	1434
498	5784
498	2837
499	971
499	4951
501	903
503	5942
503	699
503	4582
503	4223
503	2169
504	5611
504	5313
505	2048
507	1377
508	652
509	630
509	2205
509	3491
510	1395
510	1051
511	1954
513	5907
513	4114
514	2928
514	5481
514	1692
515	4742
515	2277
516	4746
517	3215
517	3338
517	2595
517	2004
517	2048
517	1788
517	4978
517	2400
517	3599
517	4935
517	1930
517	5863
517	2037
517	5471
517	5313
517	2540
517	1329
517	3848
517	5509
517	2195
517	2502
518	5905
523	5549
523	3167
523	850
523	3006
523	5477
523	4099
523	695
523	2310
523	4153
523	4881
523	4270
523	3290
523	1545
523	2346
523	3535
524	5271
525	847
525	5160
525	1738
525	1476
525	3230
528	3957
529	3941
529	2652
530	727
530	2518
530	2123
530	3477
530	2161
532	609
532	2160
532	6138
532	2114
532	3194
532	5446
532	5050
532	2891
532	2614
532	3605
533	2010
533	4899
533	2235
533	3746
533	879
533	2480
533	1447
533	5088
533	5515
533	2642
533	3266
533	5295
534	996
534	3364
534	1658
534	1251
534	731
536	5382
536	2033
536	1123
536	1260
536	2882
537	2108
537	3219
537	4437
537	3105
537	3068
537	5202
537	2358
537	939
537	639
537	2667
537	2369
537	4884
537	4528
542	2039
543	699
543	3973
544	5942
544	5801
544	699
544	850
544	6017
544	1037
545	5687
545	4383
547	3001
550	4285
550	4711
551	1587
553	926
554	3613
554	776
558	1097
558	3590
558	2955
559	3270
559	911
560	1461
560	1813
560	982
560	3963
560	2629
560	1018
560	3981
560	3922
562	5168
564	1143
564	4912
564	5610
564	4951
564	4928
564	3153
564	1524
564	996
564	4978
564	2037
564	1785
564	695
564	2193
564	3914
571	5163
571	3238
571	4524
575	5613
577	5994
577	2703
577	1913
581	941
581	3816
581	1681
581	4696
581	5914
581	2932
581	2068
581	3263
581	2918
581	2657
582	3879
583	2714
584	3576
584	910
585	731
585	662
586	1723
587	4486
587	612
587	2476
587	1286
587	1647
587	3590
589	4019
589	2800
589	2088
589	6014
589	3310
589	2118
589	1649
589	2068
589	3902
590	5853
590	3100
590	5637
594	3048
594	4448
594	1266
594	827
594	5863
594	3154
594	3123
594	1774
594	5018
594	1719
595	3724
595	1566
601	2179
605	5029
605	2485
606	4483
606	1271
606	3625
606	4042
606	4096
609	4895
609	2158
609	1704
609	1129
609	614
609	1990
609	981
609	1604
609	3364
609	978
609	2505
609	2881
609	996
609	4452
609	3574
609	4653
609	2460
609	2929
609	3937
609	1049
609	993
609	5471
609	2090
609	5743
609	2657
609	5655
609	4961
609	5784
609	3605
609	2549
609	4978
609	4859
609	5992
609	2039
609	4592
609	4189
609	3934
609	5478
609	5558
610	3842
610	3338
610	1174
610	2182
610	2759
610	2263
610	2168
610	1933
610	2028
610	3326
610	3774
610	5418
610	954
610	1689
610	3688
610	5434
610	4800
610	5028
610	4913
610	5380
610	5707
610	5877
610	4486
610	3590
610	4767
610	5439
610	2289
610	5433
610	5687
610	5397
610	646
610	5830
610	1889
610	5391
610	6027
610	6051
610	2342
610	2679
610	4719
610	5775
610	4315
612	4486
612	1647
612	2476
612	1286
612	3590
614	3759
614	2037
614	2505
614	2881
614	996
614	3223
616	3001
616	3338
616	2058
616	4410
616	4204
616	1941
616	4961
616	5418
616	5195
616	5655
616	4859
616	2671
616	1298
616	2238
616	4383
616	3765
616	4974
616	3934
616	4089
616	2408
616	1301
616	5434
616	1991
616	4373
616	3043
616	4505
616	3563
616	1076
616	1294
616	5076
617	1464
617	810
618	1378
618	3745
619	4206
619	3259
619	990
619	3642
619	3885
619	1826
621	2557
621	6042
623	4574
628	693
628	5456
629	2048
629	5628
629	4971
630	2179
630	1727
630	4552
630	4315
630	699
630	2328
630	1053
631	3038
631	699
631	2406
632	3846
633	2775
634	4106
635	1150
635	4537
635	1454
635	5334
636	1952
636	2308
636	3322
636	731
637	2274
637	3020
637	4231
638	1404
638	2760
641	4371
641	1819
642	2319
642	4814
646	3613
646	2478
646	2016
646	1950
646	954
646	1689
646	5397
646	3688
646	4670
646	2845
646	1329
646	981
646	5726
646	3563
646	6027
646	2289
648	4210
648	3029
649	3018
650	2158
650	2679
650	1807
650	1689
650	3574
652	4389
653	3613
653	5994
653	4643
653	1464
653	3338
653	4238
653	1184
653	4024
653	5050
653	2476
653	5397
653	4336
653	713
653	3105
653	4971
653	5275
653	3266
653	4486
653	3065
653	4961
653	1788
653	2358
653	6118
653	3563
653	5558
653	3088
653	3364
653	5478
653	1174
653	2549
653	2169
653	5028
653	1134
653	3935
653	5727
653	4468
653	3768
653	5516
653	2284
653	3153
654	5853
654	2039
655	5291
658	2991
658	4978
658	1518
660	879
661	1699
661	3555
662	4643
662	4961
662	5050
662	2087
662	731
663	4839
663	1968
667	5994
668	4671
668	1761
668	4148
668	3823
668	5051
668	699
668	4221
668	3673
668	2487
668	5763
668	801
668	4023
668	4234
668	3934
668	5421
669	2234
669	961
669	4838
669	2548
669	4238
669	2259
669	3293
669	1085
669	3292
669	2775
669	2600
669	2213
669	3120
669	5876
669	4170
669	4442
669	5184
669	5447
669	6044
671	1621
671	3131
671	3903
671	1776
671	779
671	2863
671	2339
671	2111
671	6123
671	2620
671	5813
671	5641
671	2977
671	2508
671	4757
671	4056
672	2039
673	1869
673	4823
676	4166
677	5234
678	1174
679	5518
679	2653
681	2797
681	5849
683	5558
685	4490
686	2635
687	3685
687	3957
687	4985
690	5781
690	2680
692	4266
692	4914
692	4042
692	2125
692	4647
692	3188
693	699
693	1646
693	3315
693	2909
694	3018
694	4478
695	3912
695	3167
695	4099
695	4928
695	4184
696	3829
696	4021
696	996
699	3038
699	3613
699	5994
699	4671
699	2928
699	4961
699	6073
699	2549
699	3468
699	3683
699	1727
699	4085
699	4315
699	4745
699	3817
699	5051
699	5092
699	1096
699	2385
699	5312
699	5979
699	3096
699	4351
699	3065
699	1053
699	4168
699	731
699	904
699	2406
699	5421
699	5948
699	4221
699	3934
699	4328
699	2230
699	4023
699	5815
699	1023
699	4301
699	3844
699	5154
699	5446
699	3284
699	4165
699	3051
699	6041
699	4223
699	1037
699	4463
699	5301
699	1762
699	2873
699	3973
700	5012
700	3725
700	3544
703	3058
703	2183
703	5449
703	5749
705	4811
707	2756
707	4978
707	2037
708	830
708	3685
708	3051
709	3613
709	1174
709	5558
709	1184
709	2811
709	4221
709	2329
709	4189
709	5050
709	4761
709	2891
709	3260
709	1729
709	1460
709	3578
709	1009
709	5780
709	821
709	3517
709	874
711	5994
711	5390
711	4486
711	3266
712	5701
712	858
713	3613
713	871
713	4326
713	5558
713	3105
713	4971
713	3088
713	4717
713	4046
717	5225
717	996
717	3479
717	1356
717	2015
720	2346
720	3780
721	5455
724	1443
725	1727
725	2363
725	3619
725	1053
727	2552
727	5539
727	2869
727	1345
727	2610
727	5620
727	6127
727	3364
727	4291
727	2518
727	5406
727	3792
727	4600
727	2471
727	2230
727	1572
727	3696
728	5432
728	731
728	3171
728	5539
730	5048
730	2874
730	4536
730	1278
730	6064
730	4231
731	5994
731	756
731	5432
731	2943
731	2929
731	2048
731	4961
731	6073
731	1184
731	3192
731	4047
731	3683
731	4568
731	2265
731	3829
731	3396
731	6044
731	2308
731	5510
731	878
731	5212
731	4351
731	996
731	4670
731	4251
731	4165
731	904
731	5256
731	1720
731	2250
731	2873
731	3322
731	3349
731	2891
731	5794
731	5566
731	5028
731	3069
731	1617
731	3647
731	5039
731	4024
731	3350
731	1213
731	1744
731	4167
731	2067
731	2384
731	1952
731	4168
731	2722
731	5567
732	4990
732	6047
733	1132
733	4280
737	3596
737	1979
737	4420
737	2966
737	4087
737	1199
737	2493
737	4116
742	3105
742	1468
742	3987
743	5583
744	1229
744	3099
744	2392
745	1407
745	2399
745	5722
750	850
751	4654
751	3605
751	4653
751	1699
754	3613
754	4428
754	4010
755	5985
755	3551
755	2618
756	2722
756	3647
759	3377
759	2068
760	4951
760	5116
761	2330
762	2923
762	3733
763	5026
763	983
763	4231
765	4095
765	4013
767	1668
767	5832
767	4096
769	1498
769	1019
769	4909
771	4643
773	6037
773	2510
773	1172
773	4015
773	2412
773	4221
773	2956
773	6009
773	4351
773	6039
773	1748
773	4301
773	3868
773	1003
773	863
773	1762
773	2484
773	1357
773	5922
776	3613
778	5241
778	2039
778	5889
779	1621
779	3131
779	5641
779	1776
779	3903
779	2863
779	2339
779	2111
779	6123
779	2620
779	5813
779	2977
779	2508
779	4757
779	4056
780	2039
782	5882
784	1601
785	4400
785	3177
785	6114
785	4978
788	5979
788	1869
788	4581
788	4823
789	2653
790	4004
795	4728
795	5447
795	2866
799	3338
799	1622
799	4935
800	5516
801	3823
801	5228
801	5333
801	5763
803	2928
803	5550
803	3359
803	2496
809	5279
809	2016
809	5445
809	4440
810	1464
811	5948
813	3128
814	965
814	5360
814	1478
814	3669
815	4516
815	4136
815	3703
816	4295
816	3105
816	939
816	6099
816	5364
817	3934
817	3605
817	3750
818	5050
819	5460
819	4847
819	5897
819	2273
819	1731
819	2377
819	5260
819	6063
819	2449
819	2050
819	1192
821	3613
821	1174
821	5558
821	1184
821	2811
821	4221
821	2329
821	4189
821	5050
821	4761
821	3260
821	1460
821	3578
821	1009
821	2891
821	5780
821	3517
821	874
821	1729
822	5328
822	2817
823	939
823	3105
823	5655
823	4899
823	3765
823	4383
823	5434
823	1329
823	2289
823	2306
823	6083
823	4170
824	5102
824	4187
824	4010
824	1759
824	850
825	5001
827	1774
828	1005
828	4127
829	1673
829	5392
829	2363
829	2305
830	3685
830	1869
830	3051
831	5179
832	1326
832	2016
832	4670
832	3563
836	4231
837	1174
841	3338
841	1622
841	2819
841	4935
841	5619
841	2638
841	5297
841	1402
841	1445
841	1425
845	4748
845	3411
847	3230
847	5160
847	1738
847	1476
849	2077
849	5014
849	1226
850	2234
850	3613
850	5590
850	5102
850	3202
850	5942
850	2119
850	4187
850	893
850	4010
850	4189
850	1480
850	5050
850	5486
850	4238
850	2310
850	1759
850	2329
850	4561
850	5862
850	1773
850	2165
850	2375
850	3056
850	1507
852	1197
854	4742
854	2277
855	1628
855	3442
855	3933
855	5978
855	3843
855	5322
855	3480
855	2181
855	2442
855	5449
858	5701
861	2188
861	2325
861	1268
861	5736
862	5195
863	2510
863	1003
863	4015
863	4189
863	2956
864	4449
864	1268
864	4382
865	5471
866	918
866	5508
868	5563
868	2781
868	4979
869	5072
869	904
869	3571
872	3272
872	4865
872	1630
872	1470
873	2174
873	3276
874	3613
874	1174
874	5558
874	1184
874	2811
874	4221
874	2329
874	4189
874	5050
874	4761
874	3260
874	1460
874	3578
874	1009
874	2891
874	5780
874	3517
874	1729
875	3680
875	4095
875	5858
877	5129
877	2905
879	2010
879	4899
879	4593
879	2119
879	4041
879	2235
879	3746
879	924
879	3105
879	3605
879	2002
879	4254
879	3135
879	939
879	2480
879	3724
879	5088
879	2881
879	996
879	2653
879	5955
879	5515
879	2642
879	1680
879	2068
879	2613
879	3877
879	6025
879	1447
879	2768
879	4302
879	4350
879	3266
879	4592
879	5295
879	5913
879	2737
879	4199
880	2039
881	5005
881	3703
882	5558
882	5650
882	2881
882	1645
884	4822
884	2693
884	4763
885	1465
886	4838
886	4452
886	2915
886	1053
886	6091
886	4315
886	6085
888	5202
888	3540
888	3002
888	3374
888	2379
889	4643
889	2881
889	3557
890	1153
890	5736
890	5595
893	5590
893	1773
893	2165
895	4428
895	4036
895	1006
900	3281
900	2759
900	4306
900	2907
900	5885
900	1837
900	3270
900	2925
901	4557
903	3163
903	5368
903	4764
904	3683
904	5072
904	3666
904	3518
904	3151
904	2612
904	5333
904	4168
904	3571
905	4650
905	3940
906	5917
906	4476
906	4922
906	996
907	5102
907	1257
907	3553
907	2329
907	1521
907	3542
909	3257
909	3491
909	5443
909	2328
910	1588
910	2513
910	4726
910	3554
910	2988
910	1436
910	3576
910	5911
910	1766
910	1804
910	3143
910	3240
910	2845
910	3688
910	5471
910	2052
910	1223
910	2991
910	4978
910	5825
910	5304
910	2286
910	2284
910	5269
911	3270
913	5823
913	1055
914	4661
918	1714
918	5508
918	3751
918	1856
918	2503
918	1674
918	4758
922	2119
922	3548
924	1548
924	3417
924	2743
924	2282
924	5488
924	1936
924	2301
924	5521
924	3173
924	5823
925	3364
926	4700
926	3202
926	5072
926	2960
926	6085
926	5862
926	1942
926	4533
926	2738
926	4632
926	4342
928	992
928	5992
929	2688
929	5618
930	1464
930	4745
931	4377
931	2873
931	5948
932	4452
933	1723
933	5273
935	3299
935	5693
937	3613
937	4238
937	4552
937	4745
938	5094
938	4074
938	5597
939	2108
939	2041
939	1189
939	3219
939	3338
939	4899
939	3105
939	5844
939	5202
939	2358
939	5687
939	3068
939	3605
939	4254
939	2480
939	2002
939	3135
939	5803
939	1026
939	960
939	4428
939	4590
939	2195
939	4350
939	2362
939	4383
939	4592
939	4917
941	2495
941	1874
941	1290
941	3431
941	4696
941	5914
941	2932
941	2906
941	3102
941	6136
941	3827
943	1288
943	4452
943	3604
943	4848
943	4989
947	3646
947	1299
950	4879
950	5849
950	4416
950	1099
951	4244
951	981
953	2698
953	5258
954	5697
954	5418
954	3240
954	3437
954	4189
954	4452
954	1041
954	1689
954	3688
954	981
954	5726
954	2068
954	3424
957	3930
958	5323
959	1813
960	5994
960	3105
960	4428
960	1026
961	2234
961	2680
961	2360
961	2211
961	5125
961	4552
962	2637
965	1478
965	3669
965	5235
965	3041
965	5216
965	5945
965	5360
965	4746
965	2316
965	5828
965	3075
965	2731
965	4643
967	2301
968	5322
970	1282
970	4958
970	4957
970	4376
970	1683
970	5185
970	4920
970	4857
971	2478
971	4643
971	4836
971	5905
971	3153
971	1865
971	4263
971	2940
971	4951
972	5234
972	2845
972	5471
972	5010
973	5303
973	5514
978	1604
978	3364
978	981
978	1990
979	5050
979	4520
980	1263
980	5443
981	3321
981	1373
981	1604
981	4244
981	6085
981	3688
981	3364
981	1990
981	5726
981	3563
981	3143
981	5630
982	5994
982	4695
982	1813
982	1953
982	4399
982	3490
982	5926
982	2573
982	3981
982	4985
982	4686
982	4365
982	3979
982	4428
982	3814
982	3753
982	1210
982	2069
982	2538
982	5904
982	2492
986	4189
986	5106
986	5992
986	1824
989	3662
989	2792
989	1007
989	4986
989	2013
989	3968
989	2848
990	4206
990	3259
990	3642
990	3885
990	1826
992	5992
993	2460
994	5966
996	2478
996	4836
996	1189
996	5916
996	4912
996	1174
996	1228
996	3829
996	4324
996	1524
996	2505
996	5917
996	5150
996	4476
996	5225
996	3072
996	1865
996	2881
996	5088
996	2653
996	4922
996	4533
996	3479
996	3087
996	2015
996	1356
996	1860
996	4906
996	2037
996	2565
996	4251
997	4010
999	1865
999	1377
999	4428
999	5434
999	3724
999	3266
999	4230
999	1693
1000	4767
1001	2010
1003	2956
1003	4015
1004	3724
1005	4127
1005	5218
1005	6100
1006	4428
1006	4036
1007	3662
1007	2792
1007	4265
1007	4965
1007	3968
1007	2848
1008	3145
1008	1989
1009	3613
1009	1174
1009	5558
1009	1184
1009	2811
1009	4221
1009	2329
1009	4189
1009	5050
1009	4761
1009	3260
1009	1460
1009	3578
1009	2891
1009	1729
1009	5780
1009	3517
1016	3669
1016	4335
1017	4476
1017	4922
1017	3717
1017	4027
1019	1498
1019	4909
1020	5429
1020	5489
1021	4204
1023	5815
1023	3500
1026	1287
1026	2234
1026	5994
1026	1363
1026	5916
1026	5413
1026	4293
1026	3105
1026	1134
1026	3414
1026	3605
1026	5669
1026	4428
1026	3521
1026	3606
1026	5390
1026	4251
1026	5803
1026	4350
1026	2616
1026	5345
1026	3563
1026	5031
1026	4732
1026	4486
1026	3781
1026	2574
1026	3284
1026	3065
1028	1865
1028	1953
1028	2476
1028	3809
1031	4168
1032	3934
1033	5368
1033	2218
1034	5547
1034	5234
1035	1885
1035	4393
1041	5697
1041	4452
1042	2182
1043	3500
1045	3816
1045	2068
1045	1681
1049	1346
1049	4895
1049	3937
1051	1887
1051	1395
1051	5639
1053	1542
1053	2119
1053	4961
1053	1727
1053	2834
1053	4099
1053	2363
1053	3084
1053	3619
1055	5823
1059	5762
1059	1689
1059	2915
1059	6019
1059	4333
1059	2288
1059	3928
1060	2567
1060	4618
1061	4321
1061	3085
1065	5487
1065	1186
1065	4030
1067	2010
1067	4756
1067	3985
1068	2760
1069	2760
1070	2039
1075	1174
1075	4188
1075	3105
1076	4410
1076	2671
1076	1298
1076	1991
1076	3934
1076	2408
1077	1685
1077	5234
1077	5471
1078	4575
1078	2408
1078	3785
1079	3429
1079	2018
1079	5653
1079	2150
1079	6071
1079	3598
1079	2055
1079	4055
1079	2485
1079	4938
1079	5960
1080	5516
1082	1619
1083	2119
1085	2259
1085	3898
1085	2363
1085	3293
1087	2016
1087	1599
1087	4173
1087	3170
1087	1817
1087	5770
1088	5762
1090	5994
1090	4486
1096	3198
1096	4004
1096	4315
1096	2385
1096	5312
1096	5333
1097	3590
1098	1896
1098	1900
1098	5208
1098	3823
1098	5228
1098	4505
1098	3677
1099	4879
1099	5849
1099	4416
1100	2158
1100	4767
1100	5359
1101	2327
1101	1118
1101	4086
1101	4393
1101	6150
1101	1545
1101	3364
1101	4043
1101	5718
1101	1387
1101	3079
1102	1251
1102	2998
1102	2518
1103	2078
1103	2362
1103	4513
1107	3935
1111	2510
1112	4023
1113	4095
1113	2592
1113	1443
1114	5200
1114	1528
1115	1544
1118	2327
1118	5718
1118	4086
1118	4393
1118	6150
1118	3364
1118	4043
1118	1387
1118	3079
1118	1545
1123	1260
1126	2558
1126	4902
1127	4847
1129	2786
1129	5471
1129	2039
1129	6036
1129	2628
1130	5628
1131	5101
1132	5225
1132	1753
1132	2217
1132	2379
1132	4280
1132	4203
1134	3613
1134	5994
1134	3001
1134	2332
1134	1174
1134	2549
1134	1184
1134	2594
1134	4321
1134	5285
1134	4978
1134	2476
1134	4486
1134	4189
1134	5397
1134	3513
1134	6075
1134	5050
1134	5028
1134	3270
1134	5273
1134	5966
1134	4592
1134	3688
1134	5655
1134	5390
1134	3284
1134	3065
1135	5905
1135	3105
1135	5304
1136	4648
1136	5242
1139	4896
1140	4978
1140	2037
1140	1996
1141	3613
1141	5558
1141	5478
1142	4170
1142	4705
1143	3613
1143	4583
1143	2167
1143	2556
1143	4240
1143	1165
1146	2991
1146	1517
1146	2821
1147	1703
1150	1795
1150	5290
1150	4537
1153	2623
1153	5736
1153	5595
1153	3753
1153	3809
1154	4682
1154	4843
1154	5393
1155	2045
1155	5721
1155	5694
1158	5050
1162	3599
1162	1930
1165	4583
1165	4240
1167	3569
1167	3934
1167	4430
1170	3688
1172	2961
1172	3401
1174	3613
1174	5994
1174	2478
1174	2928
1174	1464
1174	4064
1174	2116
1174	2595
1174	3563
1174	2048
1174	3965
1174	1483
1174	3124
1174	4821
1174	3688
1174	5434
1174	2028
1174	2462
1174	4593
1174	5667
1174	2002
1174	5120
1174	3639
1174	2931
1174	2577
1174	1865
1174	4428
1174	1377
1174	4221
1174	1204
1174	2329
1174	6099
1174	5558
1174	2811
1174	5050
1174	2891
1174	4761
1174	3260
1174	1729
1174	1184
1174	1460
1174	3578
1174	5780
1174	4189
1174	3517
1174	2016
1174	1200
1174	2415
1174	2549
1174	2169
1174	5028
1174	5985
1174	5478
1174	4478
1174	4486
1174	1601
1174	3605
1174	3326
1174	3105
1174	2476
1174	1762
1174	3011
1174	5753
1174	3191
1174	3529
1174	5767
1174	4740
1174	5655
1174	3266
1174	6068
1174	1524
1174	3935
1174	4188
1175	2137
1178	3018
1178	4971
1179	6135
1179	5820
1179	5386
1179	2322
1179	3506
1179	2850
1181	4350
1182	1676
1183	2345
1183	4935
1184	3613
1184	5994
1184	4643
1184	2928
1184	3001
1184	2572
1184	3229
1184	5558
1184	2048
1184	4961
1184	2039
1184	4592
1184	2531
1184	4238
1184	3906
1184	4024
1184	4452
1184	4221
1184	2811
1184	5050
1184	2891
1184	2329
1184	4761
1184	3260
1184	1729
1184	1460
1184	3578
1184	5780
1184	4189
1184	3517
1184	5720
1184	2415
1184	5999
1184	3065
1184	4922
1184	1616
1184	2997
1184	3500
1184	1584
1184	1534
1184	3829
1184	2318
1184	5784
1184	4486
1184	2594
1184	3605
1184	4428
1184	5435
1184	1590
1184	6144
1184	1742
1184	1699
1184	5028
1184	4978
1184	3688
1184	5655
1184	1197
1184	4225
1184	4476
1184	3136
1184	4254
1185	2835
1186	5487
1186	4030
1188	5050
1188	4603
1189	4836
1189	3105
1189	1645
1189	2881
1189	3336
1189	5586
1189	2653
1189	5772
1189	3399
1189	2285
1191	5050
1191	2237
1191	4603
1193	5790
1193	4638
1195	5037
1197	4274
1197	4238
1197	2039
1198	3880
1199	3596
1199	1979
1199	2966
1199	4087
1199	2493
1200	2928
1200	2182
1200	5667
1200	5434
1202	4284
1203	5907
1204	2116
1204	4221
1204	2329
1204	6099
1204	3191
1204	3529
1204	5767
1205	3703
1208	3376
1210	3753
1213	5212
1213	4251
1213	2250
1213	5566
1216	1681
1221	4745
1221	3221
1221	5901
1223	6124
1223	2845
1224	1673
1224	4987
1226	5014
1227	4961
1227	2016
1227	3563
1228	5225
1228	3479
1229	4351
1229	3099
1229	2392
1232	3280
1232	4452
1233	1704
1233	2227
1233	4358
1234	1628
1234	1676
1239	2301
1239	1548
1239	2870
1239	2808
1240	5650
1242	1689
1242	6027
1243	5262
1243	3230
1243	2546
1243	4985
1243	6113
1245	4389
1245	3946
1245	4662
1245	4554
1245	1641
1245	5406
1245	1792
1246	3765
1250	5475
1250	2421
1250	5462
1251	2518
1251	5368
1251	1658
1251	3906
1251	2998
1254	1548
1254	3417
1257	3613
1257	5994
1257	4921
1257	2363
1257	3553
1257	5452
1258	5173
1258	2204
1258	1364
1259	5332
1259	1839
1263	5443
1266	3557
1266	5863
1266	6130
1268	2188
1268	4449
1268	2325
1268	5736
1268	4382
1268	2760
1270	4584
1270	5106
1270	4526
1270	5992
1271	4483
1272	3613
1272	5933
1272	1416
1273	4601
1273	4870
1276	3846
1277	4306
1278	5048
1278	2874
1278	4536
1278	6064
1278	4231
1280	5818
1280	5780
1281	2885
1281	4868
1281	1661
1281	4122
1281	3010
1281	3473
1281	4157
1281	1516
1281	5689
1281	4852
1281	2566
1282	4958
1282	4957
1282	4376
1282	5185
1282	4920
1282	4857
1282	1683
1284	2970
1285	3280
1285	1334
1286	3656
1286	1673
1286	5497
1286	4486
1286	1942
1286	2476
1286	4843
1286	3067
1286	5037
1286	1647
1286	3590
1286	4328
1286	5240
1287	4486
1287	5994
1288	4452
1289	5368
1289	3159
1289	4262
1294	1991
1294	2408
1296	3411
1297	1577
1297	6067
1297	4123
1298	4410
1298	4204
1298	1941
1298	2671
1298	2408
1298	3934
1298	1715
1298	1991
1298	4373
1298	4089
1299	1619
1299	4742
1299	6050
1301	2058
1301	3934
1301	2408
1302	3850
1302	3590
1303	4064
1304	3457
1304	2879
1304	4183
1306	4042
1306	3869
1308	2119
1308	5333
1308	4215
1308	3443
1314	1853
1315	1445
1315	5256
1315	5645
1316	5100
1316	6126
1316	5863
1318	4377
1320	4910
1320	5399
1326	2016
1326	5161
1326	3226
1326	5576
1326	4670
1326	3563
1326	6118
1327	5494
1327	3743
1327	4059
1327	2645
1327	3854
1327	1805
1329	2478
1329	3001
1329	3338
1329	4899
1329	2929
1329	1851
1329	4760
1329	3240
1329	3984
1329	5687
1329	5655
1329	2400
1329	4254
1329	1865
1329	3688
1329	4383
1329	3765
1329	2540
1329	5434
1329	4302
1329	5313
1329	2845
1329	1551
1329	3143
1329	2289
1329	5471
1329	2109
1329	4547
1329	2864
1329	2039
1329	1774
1330	3426
1330	2048
1330	5354
1331	4136
1332	6007
1332	3084
1333	1938
1333	5656
1333	5558
1334	3280
1336	6076
1336	1594
1337	2524
1337	1790
1337	5583
1337	4231
1337	5394
1338	2928
1338	5434
1338	3933
1338	2281
1338	2044
1340	1628
1340	4284
1340	5817
1340	4037
1340	2447
1340	3071
1340	3149
1341	2607
1345	3364
1345	2518
1346	3937
1346	4895
1350	4731
1350	5455
1351	2416
1356	5225
1356	3479
1356	2015
1357	5922
1359	1673
1359	4549
1363	2616
1364	5173
1364	4836
1364	2204
1364	2072
1365	3245
1365	1591
1366	4206
1366	3090
1367	5885
1372	3134
1372	1797
1372	4653
1372	2624
1373	6018
1373	1395
1373	2025
1377	3613
1377	5994
1377	2478
1377	2048
1377	4047
1377	4189
1377	1865
1377	3266
1377	5050
1377	4428
1377	5434
1377	3724
1377	4230
1377	1693
1377	1990
1377	5827
1377	6118
1377	3563
1377	4740
1377	3753
1377	2971
1377	3863
1377	3809
1379	4187
1381	1476
1383	5558
1383	2437
1383	5764
1383	1928
1383	3934
1383	4463
1383	5171
1383	1466
1383	5195
1383	1540
1383	1553
1383	2959
1383	1666
1383	3206
1384	5964
1384	5050
1387	2327
1387	4086
1387	4393
1387	6150
1387	1545
1387	3364
1387	4043
1387	3079
1387	5718
1388	4187
1388	5396
1388	4010
1390	5423
1390	5604
1390	4099
1391	5631
1391	3338
1391	2595
1391	3334
1391	2963
1391	2000
1391	5471
1391	1601
1391	5190
1391	5676
1391	5256
1391	2783
1391	5645
1391	2358
1391	5095
1391	4966
1392	5102
1392	5942
1392	4306
1392	3014
1392	5180
1392	1521
1392	4486
1394	4973
1394	4919
1395	3323
1395	4967
1395	4932
1395	4275
1395	2628
1395	4750
1395	2731
1395	2025
1395	4814
1395	3499
1395	2319
1395	6018
1395	4858
1397	5992
1397	3934
1397	6041
1397	5339
1398	4835
1398	4450
1398	2891
1398	2231
1398	2476
1402	3338
1402	1622
1402	1445
1402	4935
1407	2399
1407	5722
1408	2828
1415	2137
1416	3613
1416	5933
1417	5994
1417	4486
1417	2476
1418	2760
1420	3590
1420	3481
1421	3970
1423	3194
1423	3089
1423	5446
1423	5154
1424	2335
1424	5108
1425	4935
1426	1741
1426	5491
1428	2510
1428	3346
1428	2901
1428	2949
1428	4202
1428	3923
1431	3334
1431	5190
1433	3605
1433	3934
1434	2179
1435	2158
1436	1732
1436	1611
1436	2988
1436	3576
1436	5911
1436	1766
1436	1804
1436	2239
1437	2207
1441	1841
1441	4951
1442	5479
1442	1735
1443	3340
1443	4312
1443	6097
1445	3338
1445	5557
1445	1622
1445	4066
1445	4803
1445	4935
1445	5645
1445	5256
1445	4398
1445	4837
1445	3270
1447	2235
1447	2480
1447	2068
1447	3130
1447	5515
1447	5288
1448	4356
1448	3684
1449	3145
1449	2102
1449	2553
1449	2003
1449	1989
1449	4798
1451	3634
1451	2016
1451	2451
1451	5442
1452	2936
1452	2379
1454	5174
1454	5273
1455	5288
1459	3364
1460	3613
1460	5558
1460	2811
1460	4221
1460	2329
1460	4189
1460	5050
1460	4761
1460	3260
1460	2891
1460	1729
1460	3578
1460	5780
1460	3517
1463	3540
1464	4745
1464	2549
1464	1695
1464	5085
1465	4031
1465	4032
1465	1928
1465	1852
1466	2437
1467	5285
1467	6073
1468	3105
1468	3987
1469	5455
1470	3272
1470	4865
1470	1630
1471	2513
1473	4838
1473	4315
1473	5532
1475	5863
1475	5679
1476	2878
1476	3230
1476	5160
1476	4189
1476	1738
1476	4502
1476	4022
1476	2330
1476	5185
1477	4266
1477	2472
1477	5126
1478	3669
1479	1703
1479	4075
1479	5563
1479	2781
1480	4133
1480	2158
1480	4189
1480	1507
1480	1503
1480	4452
1480	3574
1480	4592
1480	5771
1481	5168
1481	1671
1481	2319
1482	3933
1484	3270
1484	1723
1484	3678
1486	1949
1486	5821
1488	5368
1491	3939
1491	5132
1491	2788
1494	4452
1494	2915
1495	5545
1498	4909
1499	3685
1502	2465
1503	4592
1503	5771
1504	2404
1504	1605
1507	2158
1507	4166
1507	3574
1510	3435
1510	2197
1511	3841
1511	3411
1513	5994
1513	2627
1513	5261
1513	5691
1514	4623
1514	4350
1517	2991
1517	2821
1518	4267
1518	1851
1518	4978
1518	4688
1518	3475
1518	2991
1518	1985
1518	2845
1518	4822
1518	5471
1521	5102
1521	5942
1521	3553
1521	2329
1521	2497
1521	5180
1523	4847
1524	5916
1524	4912
1524	5795
1524	5077
1524	4896
1524	5511
1528	5200
1534	4024
1535	5628
1535	5876
1535	5863
1535	3455
1535	2173
1535	1670
1537	5195
1537	3934
1538	2549
1538	5492
1538	2313
1538	2959
1542	2834
1542	3369
1542	1673
1542	3708
1542	3162
1542	5785
1542	3234
1542	2363
1542	3796
1542	5164
1542	3119
1545	2327
1545	5549
1545	4086
1545	4393
1545	6150
1545	3290
1545	5718
1545	3364
1545	4043
1545	3079
1548	5183
1548	3417
1548	2301
1548	2870
1548	5488
1548	1936
1548	3015
1548	2808
1550	3010
1550	2509
1551	4593
1555	4864
1555	2991
1556	4745
1557	2199
1557	6082
1558	1676
1560	2792
1560	5558
1560	5664
1560	5343
1560	5307
1562	5547
1562	5504
1563	5040
1565	1619
1565	4889
1565	3704
1566	3724
1569	5856
1569	2330
1570	3771
1572	5539
1572	5620
1572	3696
1573	3145
1573	2928
1573	4350
1573	3112
1573	1989
1573	2102
1574	2363
1576	2474
1576	2905
1577	3202
1577	4718
1577	6067
1577	4123
1579	5471
1582	1587
1582	4463
1584	3500
1585	4370
1585	1693
1585	4409
1586	3338
1586	1604
1587	5558
1587	5367
1587	3839
1587	5455
1587	4463
1587	2313
1588	2991
1589	3364
1590	6144
1590	1742
1591	3245
1593	5723
1593	2006
1593	3745
1594	5779
1594	6076
1595	5203
1595	4664
1598	5655
1599	2016
1599	4173
1599	3170
1599	1817
1599	5770
1601	3338
1601	2595
1601	3782
1601	2358
1601	2028
1601	5888
1601	3688
1601	5434
1601	2318
1602	5625
1604	5631
1604	3338
1604	2048
1604	4970
1604	5478
1604	4800
1604	2358
1604	1990
1604	5689
1604	3376
1604	3364
1604	5556
1604	3574
1604	3724
1604	3551
1604	5256
1604	5134
1604	4383
1604	6099
1604	5751
1604	3688
1604	5902
1605	2404
1606	6085
1606	2037
1609	5238
1609	3634
1609	5324
1611	2239
1611	3576
1611	1804
1611	2988
1615	1676
1616	4922
1617	3829
1617	5275
1617	5212
1617	4251
1617	5566
1617	5538
1617	3350
1617	2384
1619	4889
1619	3704
1619	4742
1619	6050
1619	4614
1619	5136
1619	1937
1621	3903
1621	3131
1621	1776
1621	2863
1621	2339
1621	2111
1621	6123
1621	2620
1621	5813
1621	5641
1621	2977
1621	2508
1621	4757
1621	4056
1621	5170
1622	3338
1622	4935
1623	3688
1623	4592
1623	2039
1623	5028
1624	1760
1624	1902
1625	2096
1625	3792
1625	4328
1626	3688
1627	6064
1628	2627
1628	4283
1628	2037
1628	6025
1628	1676
1628	4386
1628	5786
1628	4788
1628	3843
1628	5978
1628	4411
1629	5487
1630	3272
1630	4865
1631	6051
1631	1689
1631	2679
1633	3336
1634	4238
1634	6025
1639	3688
1641	4389
1641	4662
1641	5406
1641	1792
1643	6058
1643	2182
1643	4978
1643	3177
1643	6114
1643	4400
1645	5558
1645	5650
1645	2881
1645	3336
1646	3315
1647	4486
1647	2476
1647	3590
1652	2145
1652	5225
1652	1939
1652	2333
1652	5381
1653	5994
1655	4859
1655	2469
1656	4046
1657	5788
1657	2039
1658	1797
1658	6132
1658	5635
1661	4852
1661	2566
1662	2119
1666	2959
1666	3206
1668	5832
1668	4096
1670	1963
1670	2386
1670	5628
1671	5168
1671	2319
1673	3234
1673	2363
1673	2305
1673	5392
1673	2710
1673	3708
1673	3162
1673	5785
1673	2017
1673	4549
1675	4260
1675	6044
1675	5354
1675	5256
1675	2665
1675	2011
1675	5863
1676	1811
1676	3412
1676	2077
1676	1835
1676	3128
1676	4386
1676	2191
1676	2037
1676	1869
1676	6025
1676	2609
1677	3246
1677	5050
1678	5368
1679	5423
1679	2795
1681	5779
1681	3746
1681	5539
1681	3816
1681	3268
1681	4006
1681	6147
1681	3263
1681	2407
1681	5758
1681	6090
1681	2068
1681	4082
1681	5674
1681	2918
1681	2657
1682	5102
1682	4187
1682	3331
1682	4428
1682	4010
1682	6054
1682	5167
1683	4958
1683	4957
1683	4376
1683	5185
1683	4920
1683	4857
1686	3643
1689	4133
1689	3613
1689	5220
1689	2158
1689	2263
1689	2549
1689	1950
1689	1807
1689	6051
1689	2342
1689	4811
1689	5687
1689	5176
1689	5762
1689	4592
1689	3574
1689	4238
1689	6027
1689	1848
1689	3907
1689	2915
1689	4452
1689	6019
1689	2289
1689	1990
1689	2679
1689	4268
1689	4518
1689	3364
1689	4915
1689	4291
1689	4719
1689	5775
1689	3688
1689	3529
1690	5870
1690	5127
1690	3307
1690	4435
1690	4231
1691	2468
1692	2928
1693	4370
1693	5424
1693	5202
1693	4854
1693	3540
1693	1753
1693	4409
1694	5092
1695	5085
1697	4306
1697	5037
1698	6104
1698	2786
1699	2928
1699	4961
1699	3602
1699	5882
1699	3605
1699	4189
1699	4653
1699	4099
1699	4592
1699	3500
1699	5760
1699	2415
1699	4561
1699	2476
1699	4238
1699	5992
1699	3934
1699	3555
1699	2039
1700	4040
1700	3839
1700	3319
1703	4075
1703	5563
1703	2781
1704	2227
1704	4358
1704	3605
1704	2308
1704	4961
1704	5655
1704	5784
1704	2549
1704	4978
1704	4859
1704	5992
1704	2039
1704	4592
1704	4189
1704	3934
1704	5478
1704	5558
1705	3847
1705	3590
1708	3784
1708	2697
1708	4985
1708	5072
1708	3571
1710	4037
1710	3833
1710	5387
1711	4306
1711	3590
1711	4677
1712	2176
1715	4410
1715	1941
1715	3934
1716	3548
1716	2119
1717	3067
1717	5471
1718	3602
1718	1796
1718	2930
1718	3135
1718	5678
1720	1745
1720	3421
1720	3396
1720	5425
1720	3320
1721	5892
1721	5803
1723	3709
1723	2216
1723	4973
1723	3993
1723	3944
1723	3524
1723	5273
1723	4866
1723	5270
1723	3644
1723	5117
1726	3364
1727	2119
1727	4961
1727	5531
1727	3547
1727	4170
1727	5739
1727	4871
1727	2363
1727	3619
1727	3739
1727	5298
1727	2205
1727	3084
1727	4099
1729	3613
1729	5558
1729	2811
1729	4221
1729	2329
1729	4189
1729	5050
1729	4761
1729	3260
1729	1762
1729	3578
1729	2891
1729	5780
1729	3517
1731	5460
1731	2273
1732	2988
1732	3576
1732	1804
1735	5516
1736	2654
1736	4761
1738	3230
1738	5160
1738	5582
1739	3380
1740	3685
1741	2907
1741	5491
1741	3950
1742	6144
1744	2943
1744	6044
1744	2900
1744	4167
1745	3421
1745	5425
1745	4961
1745	2016
1745	4670
1751	4590
1753	5424
1753	3540
1753	5791
1753	2217
1753	2379
1753	4280
1756	1849
1756	3667
1757	3124
1757	3714
1759	5102
1759	4187
1759	4010
1759	3347
1760	1902
1761	4148
1762	5065
1762	2484
1762	6094
1762	3840
1762	4880
1762	2956
1762	5092
1764	1796
1766	3576
1766	5911
1766	1804
1766	2988
1768	2293
1768	5801
1773	5590
1773	3838
1773	4990
1773	2165
1773	4099
1773	5273
1773	5513
1773	4000
1773	5695
1774	5590
1774	4760
1774	4254
1774	4990
1776	3131
1776	3560
1776	5641
1776	2508
1776	3903
1776	2863
1776	2339
1776	2111
1776	6123
1776	2620
1776	5813
1776	2977
1776	4757
1776	4056
1776	2419
1785	3153
1785	4951
1788	3338
1788	2595
1788	2358
1788	6118
1788	3563
1788	5509
1788	4935
1788	2195
1790	2524
1790	4231
1790	5203
1790	5394
1792	4389
1792	4662
1793	5516
1794	3977
1795	5290
1795	4537
1796	3602
1796	2443
1796	2093
1796	3135
1797	5882
1797	4653
1797	2991
1798	5985
1799	5818
1799	2891
1799	5780
1801	3795
1802	3146
1802	5203
1802	3824
1802	4231
1802	4898
1802	6064
1804	3576
1804	5911
1804	2239
1804	2988
1804	3141
1804	2403
1805	5494
1805	3743
1805	4059
1805	2645
1805	3854
1807	4133
1807	5220
1807	2158
1807	2679
1807	3574
1807	4268
1809	2149
1811	2077
1811	2037
1813	4068
1814	2563
1814	2557
1816	4986
1816	4738
1816	2287
1816	2337
1817	2016
1817	4173
1817	3170
1817	5770
1818	4643
1818	2210
1819	4371
1820	2016
1820	4657
1820	2643
1822	5090
1826	4206
1826	3885
1826	3642
1826	3259
1827	2314
1827	4303
1827	2490
1827	2068
1827	4195
1828	5994
1831	4185
1831	2664
1833	3613
1833	5994
1833	4552
1833	4189
1833	2476
1837	3281
1837	2907
1837	3811
1837	5780
1837	2925
1837	3270
1837	5192
1837	6096
1837	3778
1837	5686
1837	2559
1838	4880
1839	2119
1839	4961
1839	5332
1841	5740
1841	4951
1843	3847
1843	5333
1843	1942
1845	4108
1848	2158
1848	5176
1848	6027
1849	3667
1850	3935
1851	4267
1851	5471
1851	2845
1851	4486
1851	5055
1852	4031
1852	4032
1852	1928
1853	4899
1856	3751
1856	2503
1860	5150
1860	4906
1862	5516
1865	3613
1865	5994
1865	2478
1865	2929
1865	2777
1865	5120
1865	4047
1865	4800
1865	2940
1865	6152
1865	3724
1865	4189
1865	4428
1865	3266
1865	5434
1865	1953
1865	2476
1865	3809
1865	2318
1865	3639
1865	2931
1865	2577
1865	5827
1865	6118
1865	3563
1865	5031
1865	4740
1865	4251
1865	4383
1866	4539
1866	2877
1867	3134
1867	3791
1869	4339
1869	3679
1869	3412
1869	3685
1869	4021
1869	3969
1869	5978
1869	5979
1869	2760
1869	3051
1869	4581
1869	4823
1869	2547
1871	2510
1873	3665
1873	5013
1874	2495
1874	6136
1874	3431
1878	3359
1881	5655
1882	5256
1882	5645
1885	4393
1886	3461
1886	3882
1886	4930
1887	4650
1887	5639
1889	5830
1889	4767
1892	3364
1892	2838
1896	4505
1896	3677
1896	4313
1899	5916
1899	3724
1900	3823
1900	5208
1900	5228
1900	4870
1900	2526
1900	3934
1900	3497
1900	4505
1900	3043
1900	2405
1902	5590
1902	2956
1903	2532
1904	2149
1913	2703
1915	4971
1918	5985
1928	4031
1928	4032
1928	3934
1928	5764
1929	2398
1930	3215
1930	4185
1930	4978
1930	3599
1930	2037
1930	5471
1930	2845
1930	5434
1930	2771
1931	4914
1931	2016
1931	4670
1932	4847
1933	4642
1933	3502
1934	5992
1935	3239
1937	4742
1938	5979
1940	2068
1941	5526
1941	4410
1941	4204
1941	3934
1941	4971
1941	3605
1941	2408
1942	4700
1942	3202
1942	3847
1942	5862
1942	5333
1942	4342
1942	5240
1944	4492
1944	5516
1947	2991
1949	3630
1949	3594
1949	5821
1950	4643
1950	6027
1950	2289
1950	4518
1952	2308
1952	3322
1953	4695
1953	2971
1953	6152
1953	4428
1953	5031
1953	2476
1953	3809
1954	2649
1963	2215
1963	5863
1963	2386
1966	2973
1966	6028
1966	3770
1968	4142
1968	4839
1968	2295
1968	4743
1970	2354
1970	2028
1970	3688
1971	3906
1971	5368
1973	5447
1974	2174
1977	6052
1977	3528
1978	3958
1978	4668
1978	2689
1979	3596
1979	2966
1979	4087
1979	2493
1979	4420
1979	4116
1980	6132
1980	5368
1981	3145
1981	3360
1985	4978
1985	2940
1985	4822
1985	5498
1989	3145
1989	3031
1989	3360
1989	2102
1989	5060
1989	4158
1989	4798
1989	5240
1990	5631
1990	4260
1990	3671
1990	3724
1990	5050
1990	3376
1990	5628
1990	5876
1990	3364
1990	5256
1990	3966
1990	2476
1990	5134
1990	3555
1990	4850
1990	3574
1990	5689
1990	5556
1990	3551
1990	4504
1990	5902
1991	4410
1991	2671
1991	2408
1991	4373
1991	3934
1992	2895
1992	5024
1995	5364
1995	2061
1995	5404
1996	2756
1996	4978
1996	2862
1996	2037
1996	3273
1996	5103
1999	4592
2000	3338
2000	3334
2000	2963
2000	5471
2000	5256
2000	2783
2002	4899
2002	4267
2002	4593
2002	3105
2002	4254
2002	5667
2002	3135
2002	5471
2002	2845
2002	5434
2003	2553
2004	3338
2004	3848
2004	5509
2005	6152
2005	6090
2006	5723
2006	4081
2006	4767
2006	3745
2008	5904
2008	2351
2010	3985
2010	4756
2010	5614
2010	5124
2013	4986
2015	4324
2015	5225
2015	3479
2015	2379
2015	2565
2016	5994
2016	4914
2016	3634
2016	4961
2016	4670
2016	3563
2016	3692
2016	4173
2016	3170
2016	5770
2016	2451
2016	5538
2016	5822
2016	6118
2016	3045
2016	3348
2016	5161
2016	3226
2016	5576
2016	2845
2016	5471
2016	2109
2016	4047
2016	4588
2016	4657
2016	2643
2016	5810
2016	4293
2016	4230
2016	3664
2016	5279
2016	5445
2016	4440
2018	3429
2021	5882
2025	3323
2025	4967
2025	6018
2025	2229
2026	4321
2026	2473
2027	5050
2027	4843
2028	4064
2028	3338
2028	2182
2028	3441
2028	2747
2028	2354
2028	5255
2028	3782
2028	5418
2028	5985
2028	4170
2028	4491
2028	3688
2028	2102
2028	5888
2028	5434
2028	3326
2028	2318
2028	3774
2028	3050
2028	2781
2029	2478
2029	4370
2029	5244
2029	4189
2035	4893
2035	4486
2035	3503
2035	3611
2035	4980
2035	2258
2037	3215
2037	3759
2037	4835
2037	5025
2037	2756
2037	3330
2037	4978
2037	2505
2037	3599
2037	2077
2037	3474
2037	2862
2037	6085
2037	3763
2037	4386
2037	3072
2037	5434
2037	5471
2037	2845
2037	6025
2037	3273
2037	5103
2038	4197
2038	5256
2038	4724
2038	5645
2038	5247
2039	4593
2039	3582
2039	5558
2039	4697
2039	4961
2039	4970
2039	2549
2039	5784
2039	5478
2039	5907
2039	3105
2039	4800
2039	4978
2039	5355
2039	5655
2039	4221
2039	6099
2039	5853
2039	3652
2039	3605
2039	4274
2039	2464
2039	4189
2039	4859
2039	5050
2039	5788
2039	3133
2039	4099
2039	6036
2039	2390
2039	5241
2039	3674
2039	4477
2039	2104
2039	3688
2039	5591
2039	3765
2039	4592
2039	5434
2039	2746
2039	4238
2039	2531
2039	6103
2039	3073
2039	3934
2039	4710
2039	5889
2039	2476
2039	2109
2039	3094
2039	2047
2039	2864
2039	5028
2039	5426
2039	5471
2039	2304
2039	5992
2039	4277
2039	4660
2039	5711
2039	2228
2039	4112
2041	4590
2043	3685
2043	5854
2045	5721
2045	5694
2046	3364
2047	5434
2047	2304
2048	3613
2048	5244
2048	3338
2048	2929
2048	6092
2048	3978
2048	2719
2048	2067
2048	5863
2048	3829
2048	4251
2048	5212
2048	6044
2048	5769
2048	3863
2048	3192
2048	5655
2048	3965
2048	5354
2048	5039
2051	4064
2052	5471
2053	4820
2053	2817
2054	5669
2054	4238
2054	2362
2054	4561
2055	4938
2055	4055
2055	2485
2055	3598
2056	5084
2056	6023
2056	4971
2057	3613
2057	2549
2057	4221
2057	2329
2057	4245
2057	4592
2057	2379
2058	4974
2058	2408
2058	3934
2058	4859
2058	4204
2058	4636
2058	3715
2059	3025
2059	2206
2059	6028
2060	2183
2061	5404
2061	5364
2062	2759
2062	4745
2062	4328
2064	2068
2065	4004
2066	2424
2066	4490
2068	5779
2068	4041
2068	3816
2068	3130
2068	3263
2068	2714
2068	3150
2068	6014
2068	2118
2068	2617
2068	2918
2068	2657
2068	2898
2068	5578
2068	4350
2068	5288
2069	3753
2070	5790
2070	4223
2070	5416
2071	3759
2071	3014
2071	5242
2071	5451
2072	4836
2073	5905
2077	4099
2077	3742
2078	2362
2078	4513
2079	4336
2080	2337
2081	4525
2086	5817
2086	2760
2086	5915
2087	4643
2087	2928
2087	4961
2087	3153
2087	4745
2087	5050
2089	4146
2089	2186
2089	5368
2090	2460
2091	3733
2093	2443
2093	6048
2093	2851
2102	3145
2102	3441
2102	3360
2102	3050
2102	2781
2102	4158
2102	4798
2103	4653
2103	2639
2103	3831
2104	2439
2104	6044
2104	5655
2104	6099
2104	4508
2104	4189
2104	4859
2104	2109
2104	4592
2104	2864
2104	3765
2104	3688
2104	3094
2104	4277
2104	5076
2104	4302
2104	5148
2109	5655
2109	6099
2109	4189
2109	3688
2109	3765
2109	4592
2109	2864
2109	3094
2109	4277
2109	5148
2109	3563
2109	4547
2111	3131
2111	5641
2111	2508
2111	2863
2111	2339
2111	4056
2111	3903
2111	6123
2111	2620
2111	5813
2111	2977
2111	4757
2114	5102
2114	6138
2114	3568
2114	2160
2114	3194
2114	5446
2114	4428
2116	4221
2116	2329
2116	6099
2118	3381
2118	2479
2118	6014
2119	2234
2119	4377
2119	4108
2119	4961
2119	4745
2119	2821
2119	4942
2119	5412
2119	2169
2119	3548
2119	2699
2119	6013
2119	3084
2119	4099
2119	3105
2119	4166
2119	5901
2125	4474
2125	2664
2125	4647
2125	4042
2126	3590
2127	3324
2130	5447
2130	4168
2131	2703
2131	3600
2132	4828
2137	5303
2137	3218
2137	2903
2137	3458
2138	3958
2138	3230
2138	5160
2141	5992
2144	4064
2144	5643
2145	2333
2149	3105
2149	5052
2149	6131
2149	5487
2149	2188
2149	4732
2149	4413
2150	5653
2150	6071
2152	3680
2152	3490
2153	5455
2153	3540
2154	4864
2154	3277
2154	2991
2154	2776
2154	4242
2155	5029
2158	4133
2158	3613
2158	5220
2158	4561
2158	4238
2158	6027
2158	4452
2158	3574
2158	4767
2158	5359
2158	4349
2158	5470
2158	3266
2160	5102
2160	6138
2160	3568
2161	3847
2161	4306
2161	4238
2161	3732
2161	5629
2161	6067
2161	3611
2161	2315
2161	3112
2162	4064
2162	5985
2165	5590
2165	2680
2166	4566
2166	2619
2166	4574
2166	5352
2166	4150
2166	4649
2167	3613
2167	2549
2167	4189
2167	4804
2167	2922
2167	3434
2167	3056
2167	2556
2168	2759
2168	5380
2168	3081
2168	4254
2169	3613
2169	5994
2169	5942
2169	2549
2169	4582
2169	3548
2169	5050
2169	4223
2170	2962
2170	3900
2170	3846
2173	5628
2174	5166
2174	3067
2174	3276
2174	2321
2174	2355
2176	5478
2176	5050
2176	3901
2176	4182
2176	3879
2176	3688
2178	2928
2178	3364
2179	4315
2179	5784
2179	3909
2179	4424
2182	2513
2182	3338
2182	3326
2182	3774
2182	5418
2182	5434
2182	4978
2182	2311
2182	4491
2182	3688
2183	2472
2183	3058
2183	5624
2183	5786
2183	5449
2183	5749
2186	5368
2188	3105
2188	2325
2188	5736
2190	5779
2190	3603
2191	3128
2193	4928
2194	5276
2194	4616
2194	4095
2194	3900
2194	4459
2195	3338
2195	2595
2195	3105
2197	3435
2197	5028
2198	3364
2198	4845
2199	6082
2200	5174
2203	2651
2203	4793
2203	4034
2204	5173
2206	3025
2206	6028
2207	4244
2207	2970
2207	2485
2207	2760
2208	3685
2208	3713
2209	5238
2209	3466
2209	3680
2209	3707
2209	2551
2210	5851
2210	4643
2210	2248
2211	2360
2211	2680
2212	4306
2213	3120
2214	3280
2215	5366
2215	5863
2216	4639
2216	4799
2216	5270
2217	5225
2217	2379
2217	4280
2217	4203
2218	5368
2220	4516
2220	3068
2220	3605
2220	4189
2220	3934
2220	2847
2220	5992
2220	2675
2224	5024
2224	4579
2224	4083
2226	4350
2227	4358
2228	4970
2228	4221
2228	6099
2230	3364
2230	2471
2231	4835
2233	5141
2234	3605
2234	5669
2234	5803
2235	5515
2235	2480
2236	5882
2237	5050
2237	4603
2238	4410
2238	4859
2238	3934
2239	3576
2239	2988
2240	2928
2241	3048
2241	4170
2241	4953
2241	2315
2241	5187
2241	4328
2241	4486
2244	3613
2244	3105
2244	2577
2245	3634
2246	2529
2246	6114
2246	3111
2246	2641
2247	2510
2247	2344
2248	5851
2249	5304
2249	3760
2249	4256
2250	5212
2250	4251
2250	5566
2251	3839
2251	2966
2253	3153
2253	4951
2254	2677
2254	4040
2254	4156
2254	4736
2254	3839
2254	2359
2258	4486
2259	3293
2259	5091
2260	2588
2262	3366
2262	4769
2262	3401
2263	6027
2263	6051
2263	2342
2263	2679
2263	4719
2263	5775
2269	3338
2273	5460
2274	3020
2274	4231
2276	3835
2277	4742
2277	4832
2277	4071
2279	5291
2281	3933
2281	3620
2282	2743
2284	4643
2284	3153
2285	3399
2286	5046
2287	4738
2287	4986
2288	2915
2288	3928
2289	3001
2289	4899
2289	3552
2289	5418
2289	5687
2289	5655
2289	5141
2289	3688
2289	4383
2289	4452
2289	3765
2289	5434
2289	5455
2289	6027
2289	3116
2293	3746
2293	5801
2294	4007
2295	4142
2296	2510
2296	5574
2296	5275
2296	5538
2297	2755
2297	2729
2297	4570
2298	2301
2298	3453
2301	5183
2301	2870
2301	3015
2301	2808
2301	3453
2304	5434
2305	5392
2305	2363
2306	3105
2308	5526
2308	3605
2308	3322
2308	3350
2308	2891
2312	3802
2312	4864
2312	3430
2312	4653
2312	2991
2312	3064
2313	3613
2313	5916
2313	5992
2313	4463
2315	2892
2315	3048
2315	4953
2315	5037
2315	4052
2315	2653
2315	3065
2315	3112
2315	3266
2315	3285
2315	4486
2315	4277
2318	2777
2318	5784
2318	3782
2318	4800
2318	3688
2318	4383
2318	5888
2318	5434
2318	2476
2318	3051
2319	4967
2319	5168
2319	4814
2319	3499
2321	2355
2321	5166
2322	6135
2322	5820
2322	5386
2322	3506
2322	2850
2324	5031
2325	4254
2325	5736
2326	5994
2327	5718
2327	4086
2327	4393
2327	6150
2327	3364
2327	4043
2327	3079
2328	3257
2328	3491
2328	5443
2329	5697
2329	3613
2329	3202
2329	6108
2329	5558
2329	3752
2329	2549
2329	2811
2329	3553
2329	4221
2329	6099
2329	5641
2329	5780
2329	2956
2329	3994
2329	2476
2329	4637
2329	3361
2329	5050
2329	5964
2329	2891
2329	4761
2329	3260
2329	3578
2329	4189
2329	3517
2329	3108
2329	4592
2329	3738
2329	2948
2329	4561
2330	5856
2330	5213
2330	2878
2330	3230
2330	4189
2330	4022
2330	5185
2331	5779
2332	5397
2332	2594
2335	4744
2335	2995
2335	5108
2336	4188
2339	3131
2339	5641
2339	2508
2339	2863
2339	3903
2339	6123
2339	2620
2339	5813
2339	2977
2339	4757
2339	4056
2342	6051
2342	6027
2342	2679
2342	4719
2342	5775
2343	3795
2344	2510
2345	4935
2346	3167
2346	3780
2349	3026
2349	3918
2349	3364
2351	5904
2353	4231
2354	4836
2354	3057
2354	2748
2354	6085
2354	3688
2355	5166
2356	2549
2356	4254
2356	4452
2356	4592
2356	4486
2356	5155
2358	5631
2358	3338
2358	2595
2358	2777
2358	3105
2358	3782
2358	4800
2358	5190
2358	5202
2358	5645
2358	5256
2358	5095
2358	4383
2358	6099
2358	5751
2358	3068
2358	6118
2358	3563
2358	3688
2359	3839
2360	2375
2360	5862
2360	2680
2361	4037
2361	2634
2362	5932
2362	4899
2362	5625
2362	4295
2362	3105
2362	4254
2362	5669
2362	2480
2362	4238
2362	4561
2362	4513
2362	3346
2363	5697
2363	5536
2363	5392
2363	3898
2363	3369
2363	4921
2363	2753
2363	3619
2365	5516
2366	4745
2367	5291
2369	4884
2372	2905
2375	5102
2375	3105
2375	5177
2375	5862
2375	3056
2378	3613
2378	5757
2379	4324
2379	5225
2379	4245
2379	4280
2379	2936
2379	4203
2379	3152
2381	5907
2383	2510
2384	5212
2384	4251
2385	4315
2385	5312
2390	4593
2390	3133
2392	3099
2393	4746
2394	4838
2394	5540
2394	2412
2394	5675
2394	3415
2398	5478
2398	5054
2398	3061
2399	5722
2399	4313
2399	3153
2400	2540
2402	4569
2403	3576
2403	2988
2404	4356
2404	2979
2404	4927
2405	4505
2406	3038
2406	4085
2406	5092
2406	5421
2408	3001
2408	4410
2408	4204
2408	4575
2408	5655
2408	4859
2408	2671
2408	5836
2408	4974
2408	5234
2408	5434
2408	3990
2408	2526
2408	2698
2408	3934
2408	5455
2408	2806
2408	4373
2408	4870
2408	2896
2408	3404
2408	5258
2409	5655
2411	5115
2412	6037
2412	4838
2412	5540
2412	4015
2412	5032
2412	5675
2412	4825
2412	3415
2415	5994
2415	3605
2415	4189
2415	4428
2415	2476
2415	3934
2419	4056
2420	6099
2420	3094
2422	3680
2422	4985
2423	5370
2423	5524
2424	4490
2424	5330
2428	5303
2428	4028
2428	5909
2428	5609
2428	5639
2434	2581
2434	2760
2437	5171
2439	4859
2439	4217
2439	4562
2439	5331
2440	4170
2442	5322
2443	6048
2444	4306
2444	5333
2445	3921
2445	3067
2445	4734
2447	4037
2449	6063
2449	5260
2451	3634
2454	4150
2457	5165
2460	4653
2461	2726
2461	2907
2464	2746
2464	2877
2468	4032
2468	4104
2469	4859
2469	3705
2470	2508
2470	5529
2470	4757
2471	3364
2472	4266
2472	2795
2472	4986
2472	3882
2472	2648
2472	3731
2473	4321
2474	2905
2474	4411
2474	5517
2475	4181
2475	5948
2475	6153
2476	3613
2476	5994
2476	4835
2476	4260
2476	5784
2476	4293
2476	2594
2476	4450
2476	4221
2476	3652
2476	6152
2476	4254
2476	4189
2476	5050
2476	5397
2476	4428
2476	4592
2476	4486
2476	3561
2476	4238
2476	2891
2476	5780
2476	4561
2476	3067
2476	4660
2476	5028
2476	3809
2476	3590
2476	3266
2476	4024
2477	3364
2478	5244
2478	4370
2478	4189
2478	5120
2478	3639
2478	5434
2478	2931
2478	2577
2478	3563
2478	6118
2478	4428
2478	4740
2478	4251
2478	4800
2478	3688
2478	2631
2478	2623
2478	3685
2478	5854
2478	5655
2479	3381
2480	4899
2480	4295
2480	3105
2480	3605
2480	4254
2480	5515
2483	5994
2483	4189
2484	5641
2484	2956
2485	4938
2485	4055
2485	2760
2485	3598
2485	5920
2485	2859
2487	4221
2487	4023
2489	4095
2489	2649
2489	2729
2490	4303
2491	4871
2491	5577
2492	5904
2493	3596
2493	4420
2493	2966
2493	4087
2493	4116
2495	6136
2495	3431
2496	3066
2497	4354
2497	5180
2497	5021
2498	4064
2499	3338
2499	5434
2499	3688
2502	5471
2503	3751
2505	2881
2508	3131
2508	5170
2508	3560
2508	5641
2508	5529
2508	4757
2508	3903
2508	2863
2508	6123
2508	2620
2508	5813
2508	2977
2508	4056
2509	3010
2509	4727
2509	2663
2509	2522
2510	5994
2510	4777
2510	4044
2510	4985
2510	5972
2510	3680
2510	4252
2510	6039
2510	4202
2510	6041
2510	5485
2510	5423
2510	4118
2510	2780
2513	5687
2513	4383
2513	4760
2513	3554
2513	3688
2514	4808
2514	3771
2514	2636
2514	4490
2516	3057
2517	5762
2517	3733
2517	5954
2517	3300
2518	3364
2518	2998
2521	3237
2521	6028
2522	3010
2524	5394
2524	4231
2524	4876
2526	5268
2526	3990
2526	4870
2526	2896
2526	3934
2528	2792
2529	4515
2529	6114
2529	3111
2531	4592
2531	4238
2531	5426
2538	5330
2538	4686
2538	5926
2540	5313
2541	5397
2545	3578
2546	3230
2546	6113
2548	4238
2549	3613
2549	5994
2549	2928
2549	5558
2549	4961
2549	4148
2549	2922
2549	4189
2549	5537
2549	2915
2549	4452
2549	4486
2549	4254
2549	4592
2549	4221
2549	5050
2549	5028
2549	4929
2549	3605
2549	3284
2549	3105
2549	5655
2549	5784
2549	4978
2549	4859
2549	5992
2549	3934
2549	5478
2551	5238
2551	3466
2551	3680
2551	3707
2552	5753
2552	3364
2552	2869
2552	5406
2556	3613
2556	3935
2557	2991
2557	2563
2557	3932
2557	2577
2557	6042
2558	5642
2558	4902
2559	6096
2560	3719
2560	5142
2563	4058
2564	4170
2564	6082
2564	4733
2564	5626
2565	5225
2565	3479
2566	4852
2567	4618
2569	6003
2572	4185
2572	5140
2572	4382
2573	5926
2574	5413
2574	5002
2574	4207
2577	3613
2577	5120
2577	3105
2577	3124
2577	6020
2577	4452
2577	5434
2577	2972
2577	3639
2577	3574
2577	2931
2577	5746
2581	2760
2588	5734
2590	2763
2592	4095
2594	5994
2594	5397
2594	4486
2594	6075
2594	3270
2594	5374
2595	3338
2595	5190
2595	3782
2595	5434
2595	3688
2595	3334
2595	2777
2597	3613
2597	5102
2597	3196
2597	4010
2598	3771
2598	4490
2598	4391
2598	4273
2599	5521
2600	2775
2605	6085
2606	5054
2607	5260
2608	4892
2610	5102
2610	4561
2610	3684
2610	4238
2610	3364
2610	5139
2612	3299
2612	3518
2614	3605
2616	3659
2616	5652
2616	5031
2616	3703
2618	3551
2619	4150
2619	5352
2619	4649
2620	3131
2620	5641
2620	2863
2620	4056
2620	6123
2620	4757
2620	3903
2620	5813
2620	2977
2623	3685
2623	5854
2623	4740
2623	5595
2624	3134
2624	4653
2625	3546
2625	4394
2626	3064
2627	5994
2627	3456
2627	3719
2627	5050
2627	3500
2627	4486
2627	4283
2627	5261
2627	3051
2627	3825
2629	3963
2629	3922
2634	5303
2634	4037
2636	4808
2636	3771
2636	4490
2638	5297
2638	4935
2638	5949
2639	4653
2639	3831
2641	3111
2642	5088
2642	5515
2643	4657
2645	5494
2645	3743
2645	4059
2645	3854
2649	4095
2649	4656
2649	2729
2649	2848
2651	4793
2651	2915
2651	5878
2651	4034
2652	3941
2653	3048
2653	5164
2653	3324
2653	3605
2653	4419
2653	4111
2653	5088
2653	2881
2653	6028
2653	3065
2654	5156
2654	4761
2655	4593
2657	3816
2657	3263
2657	5743
2659	5213
2659	3230
2663	3010
2663	4727
2664	4185
2664	4474
2664	4042
2665	4260
2666	3542
2666	2900
2667	3219
2667	3105
2667	3068
2667	4102
2667	4528
2670	5516
2671	4410
2671	4373
2671	3934
2675	5992
2677	4156
2677	4736
2677	3839
2679	5220
2679	6051
2679	3574
2679	6027
2679	4719
2679	5775
2680	5012
2680	5781
2680	3555
2688	5618
2689	3958
2689	4668
2690	5779
2693	4822
2693	4763
2696	5258
2697	4985
2698	5258
2698	3934
2699	4377
2701	5457
2701	3923
2703	5742
2703	2978
2703	4141
2703	3600
2711	4542
2711	4285
2712	5713
2712	5174
2714	2996
2714	4350
2719	2929
2719	5655
2719	3978
2721	3613
2722	3647
2725	3984
2725	4715
2725	3956
2726	2907
2727	4659
2729	2755
2729	4095
2731	4643
2731	4967
2735	3688
2735	3326
2737	5913
2738	4700
2738	4632
2739	4805
2739	3590
2739	3385
2742	5050
2747	4064
2748	3057
2752	4870
2753	3228
2753	4552
2753	3524
2753	3039
2753	3481
2756	2862
2756	4978
2756	3273
2756	5103
2756	3072
2759	5697
2759	4745
2759	4306
2759	4315
2760	5817
2762	4024
2762	5069
2763	3868
2768	3877
2769	4035
2774	5863
2775	5012
2775	3719
2775	5356
2776	4242
2777	3338
2777	4800
2777	5434
2777	3836
2777	3688
2777	5190
2777	5485
2778	5471
2781	3441
2781	4075
2781	5563
2781	5451
2781	3050
2781	5887
2781	4979
2781	2871
2782	3686
2782	5457
2783	5256
2783	5471
2783	5676
2786	5981
2786	6104
2786	4650
2786	5471
2792	3662
2792	3968
2792	2848
2792	3133
2792	6148
2792	5267
2792	5673
2792	5665
2792	4136
2793	3048
2793	4953
2793	4913
2793	4892
2795	5423
2795	4986
2795	3726
2797	4413
2797	3068
2797	5717
2797	5849
2805	4877
2805	4253
2806	3934
2806	3404
2808	2870
2811	3613
2811	5558
2811	4221
2811	5050
2811	2891
2811	4761
2811	3260
2811	3578
2811	5780
2811	4189
2811	3517
2812	4926
2812	5291
2812	4216
2817	5328
2817	4820
2819	4935
2819	5619
2820	4876
2820	3921
2821	2991
2821	3050
2822	3527
2822	4767
2828	5880
2828	5608
2829	3688
2834	5012
2834	3051
2835	5833
2837	5784
2838	3796
2838	3364
2840	5717
2845	3338
2845	4267
2845	3240
2845	5687
2845	3599
2845	4254
2845	5547
2845	3688
2845	4670
2845	5234
2845	5434
2845	5471
2845	3143
2845	3563
2846	3685
2846	5736
2846	5258
2847	3802
2847	3042
2847	3068
2847	3605
2847	4584
2847	5106
2847	3934
2847	5992
2848	3662
2848	4656
2848	3968
2850	6135
2850	5820
2850	5386
2850	3506
2851	6048
2854	3674
2854	3283
2854	3934
2854	5455
2855	4428
2855	4458
2855	5873
2856	5655
2856	5455
2860	5455
2860	3222
2861	5717
2862	5025
2862	4978
2862	3273
2862	5103
2863	3131
2863	5641
2863	3903
2863	6123
2863	5813
2863	2977
2863	4757
2863	4056
2864	5655
2864	6099
2864	4189
2864	3688
2864	3765
2864	4592
2864	3094
2864	4277
2864	5148
2864	4547
2866	4728
2866	5447
2869	3364
2873	5932
2873	2929
2873	5163
2873	3605
2873	3112
2873	4561
2873	3065
2873	3640
2873	4591
2874	5048
2874	6064
2874	4536
2874	4231
2877	4539
2878	5213
2878	4022
2878	4189
2878	3230
2878	5185
2879	4643
2879	4183
2879	4951
2881	5558
2881	5586
2881	3605
2881	5650
2881	5088
2881	3557
2881	3336
2882	5382
2883	3196
2883	3158
2884	5321
2884	4915
2884	3364
2885	3010
2885	4157
2886	5905
2887	5994
2887	3611
2887	3105
2891	3613
2891	4835
2891	5558
2891	3685
2891	3746
2891	4450
2891	5818
2891	4221
2891	4189
2891	5050
2891	5003
2891	5397
2891	4761
2891	3260
2891	4486
2891	3578
2891	3086
2891	6025
2891	5780
2891	3517
2891	3733
2891	3572
2891	3350
2896	3990
2896	3934
2896	4870
2898	4904
2898	3364
2898	5291
2898	5578
2900	3542
2901	2949
2901	5076
2901	3346
2903	5303
2905	5129
2906	3102
2907	3281
2907	3270
2907	3672
2907	3950
2908	3364
2911	4189
2912	5229
2912	3364
2912	5388
2914	3751
2914	5430
2915	3613
2915	4793
2915	5762
2915	4452
2915	3907
2915	6019
2915	4349
2915	4333
2915	3928
2918	3816
2918	3263
2922	3613
2922	4189
2922	4804
2922	4592
2922	3434
2922	3056
2925	5569
2926	5100
2928	5481
2928	4452
2928	3688
2928	3143
2928	5434
2928	5667
2928	4350
2928	3112
2928	5558
2928	4592
2928	5050
2928	5028
2928	3364
2928	4593
2928	3500
2928	5767
2928	4302
2929	3978
2929	4653
2929	5163
2930	3602
2930	3135
2931	5120
2931	5434
2931	3639
2932	4696
2936	3886
2940	5905
2940	5498
2940	4263
2941	4306
2941	3590
2943	6044
2943	4167
2947	5195
2947	5516
2949	3346
2956	5590
2956	6106
2956	4015
2956	4221
2956	4351
2956	4301
2956	5780
2956	6009
2956	3353
2957	5895
2959	3206
2961	3401
2961	4924
2962	3900
2962	3846
2963	3338
2963	3334
2963	5471
2964	4238
2966	3596
2966	4420
2966	3839
2966	4087
2966	4116
2967	3364
2971	3753
2973	4693
2973	5072
2973	6044
2973	6028
2973	3770
2973	3700
2973	5654
2975	6014
2977	3131
2977	5641
2977	4056
2977	6123
2977	4757
2977	5813
2977	3903
2981	4592
2981	3067
2984	5885
2985	5362
2985	4315
2987	5932
2987	5992
2988	3576
2988	5911
2991	3759
2991	3802
2991	4978
2991	4864
2991	4976
2991	4653
2991	3972
2991	5846
2991	4812
2991	4880
2991	5256
2991	3934
2992	3105
2993	3223
2993	5184
2995	5801
2995	5108
2995	6101
2996	4350
3001	5994
3001	5434
3001	5655
3001	5687
3001	5418
3001	3552
3001	5471
3001	5028
3001	4592
3001	4978
3001	3688
3001	4255
3002	3540
3003	5994
3006	3535
3007	5683
3008	6118
3008	4220
3008	3563
3010	4122
3010	4727
3010	4157
3010	6083
3014	4486
3014	5451
3014	5242
3018	4527
3018	4617
3018	3605
3018	4971
3018	4221
3018	4947
3018	5478
3018	4978
3018	4478
3020	3146
3020	4231
3020	5203
3024	3046
3025	6028
3029	4210
3030	4985
3030	3267
3033	3724
3033	3574
3038	4745
3038	4023
3039	3228
3040	3688
3040	5434
3040	5986
3041	5235
3041	5216
3041	5945
3042	5992
3042	4584
3043	4505
3043	3497
3045	4914
3045	5822
3045	4670
3045	6118
3045	5538
3045	3563
3046	4643
3046	5068
3046	3514
3048	4953
3048	4913
3048	3154
3048	3065
3048	4328
3048	3195
3048	4486
3050	3441
3050	5985
3050	3551
3051	5994
3051	3656
3051	3685
3051	5784
3051	5012
3051	5655
3051	5650
3051	3969
3051	4702
3051	4802
3051	4829
3051	5987
3051	5978
3051	6067
3051	5803
3056	5102
3056	3434
3056	3291
3057	5696
3058	5449
3058	5749
3061	5478
3061	5054
3065	5994
3065	4961
3065	3719
3065	3605
3065	4653
3065	4351
3065	5390
3065	4024
3065	3394
3065	3284
3067	3366
3067	5497
3067	4189
3067	5040
3067	4099
3067	3921
3067	4592
3067	6083
3067	4561
3067	3590
3067	4843
3067	5037
3067	4734
3067	5166
3068	4961
3068	3105
3068	5844
3068	5202
3068	5992
3068	3605
3068	3934
3068	4102
3068	4413
3069	5212
3069	4251
3069	5566
3069	5028
3076	3803
3079	4086
3079	4393
3079	6150
3079	3364
3079	4043
3079	5718
3081	5558
3084	4099
3084	3676
3084	3742
3085	5783
3085	4321
3085	5506
3085	4720
3086	3763
3087	5225
3087	3479
3088	5558
3089	5446
3090	4206
3093	4593
3094	4697
3094	3105
3094	5655
3094	6099
3094	5788
3094	3688
3094	3765
3094	4277
3096	5979
3099	5812
3100	5853
3100	5637
3104	4377
3104	3428
3104	4050
3104	3736
3105	3613
3105	5994
3105	3219
3105	3338
3105	4899
3105	5905
3105	4437
3105	4295
3105	4254
3105	3135
3105	5803
3105	5202
3105	5844
3105	3605
3105	4428
3105	4350
3105	4383
3105	5687
3105	4592
3105	4971
3105	4102
3105	6099
3105	5304
3105	4111
3105	5586
3105	4820
3105	3987
3105	4528
3105	3862
3105	5177
3105	5862
3105	4170
3105	4188
3105	4917
3105	4413
3107	3194
3107	5446
3108	4221
3111	6114
3112	5932
3112	4350
3112	4168
3113	5234
3118	4779
3118	3392
3118	4441
3118	6112
3118	4096
3123	4637
3124	4821
3124	3915
3124	3714
3124	4451
3124	5554
3124	5746
3124	4481
3126	3905
3126	4306
3128	3685
3129	4899
3129	5655
3131	3560
3131	5641
3131	3903
3131	6123
3131	5813
3131	4757
3131	4056
3132	3613
3133	4593
3133	6148
3134	4653
3134	3791
3134	3792
3134	5481
3134	4561
3135	4899
3135	3602
3135	4254
3135	5284
3135	5678
3137	6014
3141	5273
3142	4349
3142	4997
3143	3321
3143	3240
3143	3688
3143	6025
3143	3834
3143	5471
3145	4158
3145	3360
3145	4798
3146	5394
3146	3824
3146	5203
3146	4231
3146	6064
3146	4898
3147	3724
3147	5050
3147	4603
3151	5942
3151	3666
3151	4126
3151	3880
3153	4643
3153	4746
3153	5229
3153	5256
3153	4745
3153	4928
3153	5050
3153	4951
3153	5610
3153	4313
3158	3196
3159	4425
3159	5368
3159	4262
3160	4711
3160	3165
3162	3708
3163	5368
3167	4099
3168	4935
3168	3354
3170	4173
3170	5770
3171	5539
3173	5823
3173	5521
3176	5427
3177	6058
3177	4978
3177	4400
3177	6114
3183	5028
3184	4329
3187	6095
3189	3364
3189	5586
3191	5968
3191	4251
3191	3529
3191	5767
3194	5446
3194	5154
3196	3613
3196	5102
3196	4010
3198	5333
3202	4700
3202	5862
3202	4342
3202	4561
3202	5965
3202	3336
3202	3451
3202	4718
3203	5405
3203	4980
3203	3765
3204	5106
3204	3411
3210	5558
3211	3258
3211	4857
3215	4978
3215	3599
3215	5471
3218	3458
3219	4528
3219	3384
3220	4202
3221	4745
3221	5901
3222	5607
3222	5455
3223	3759
3223	5184
3226	5161
3226	5576
3227	3272
3227	4767
3230	5213
3230	3958
3230	5262
3230	4502
3230	4022
3230	4189
3230	5185
3230	6113
3230	5582
3230	5160
3230	3265
3230	3335
3230	4747
3230	3773
3230	4429
3230	4985
3234	5785
3237	6028
3239	5713
3240	3688
3240	5471
3240	5687
3240	4254
3240	5397
3243	5516
3246	5050
3246	5135
3248	3864
3248	5441
3248	4767
3251	5762
3251	6019
3254	5985
3257	3988
3257	5422
3258	4857
3259	4206
3259	3885
3259	3642
3260	3613
3260	5558
3260	4221
3260	4189
3260	5050
3260	4761
3260	3578
3260	5780
3260	3517
3263	3816
3264	6073
3265	5160
3266	3613
3266	5994
3266	5470
3266	5405
3266	5275
3266	4221
3266	3724
3266	4189
3266	4428
3266	3285
3266	5390
3266	4980
3266	4592
3266	4486
3266	5434
3266	4276
3266	4230
3266	5028
3266	4349
3266	5429
3266	5679
3267	4985
3270	3281
3270	5404
3270	5885
3270	5245
3270	3520
3270	5364
3270	3970
3270	3678
3270	5273
3270	4398
3270	4837
3270	5166
3270	3357
3272	4767
3272	4865
3273	4978
3273	5103
3277	5453
3280	4452
3280	3834
3281	5364
3281	5404
3281	3970
3281	5245
3283	3674
3283	3934
3283	5455
3284	3613
3284	5994
3284	5390
3286	4590
3287	4238
3290	5549
3296	4292
3296	4394
3296	3550
3299	3518
3299	5693
3299	4961
3300	5762
3300	3733
3307	5127
3307	3986
3307	4435
3307	4231
3313	3412
3317	4745
3319	4040
3319	3839
3324	5164
3326	3338
3326	5418
3326	3688
3326	3774
3327	4351
3327	4745
3328	3590
3330	3474
3330	5434
3331	5102
3331	4187
3331	4428
3331	4010
3331	6054
3331	5167
3334	3338
3334	5471
3334	5190
3336	5965
3338	5631
3338	5471
3338	5190
3338	5645
3338	5256
3338	5095
3338	6099
3338	4970
3338	5751
3338	3688
3338	5863
3338	3774
3338	5418
3338	3782
3338	5434
3338	6118
3338	3563
3338	4935
3338	5547
3338	5297
3338	3848
3338	5509
3338	4383
3340	4312
3342	4693
3342	6044
3343	4343
3343	4210
3343	5455
3348	4914
3350	5566
3352	5478
3352	5054
3354	4935
3359	5550
3360	4158
3361	5558
3361	4221
3363	6082
3364	3613
3364	4961
3364	5478
3364	4086
3364	5586
3364	4393
3364	6150
3364	4099
3364	5718
3364	4043
3364	4915
3364	4291
3364	3819
3364	3440
3364	4845
3364	5928
3364	5406
3364	4968
3364	5388
3366	5925
3366	4769
3366	3401
3366	5050
3374	3540
3376	5968
3376	5689
3385	4805
3385	3590
3388	3844
3388	5434
3390	6025
3392	4779
3392	6112
3392	4441
3392	4096
3393	3997
3393	4742
3397	5932
3397	5423
3397	4902
3397	4143
3398	4074
3398	4344
3401	4769
3402	4745
3404	3934
3406	4916
3406	4095
3407	3991
3409	5803
3411	3841
3411	4716
3411	3745
3411	5660
3411	4703
3411	4748
3411	6079
3412	5419
3412	4633
3412	4147
3414	3606
3415	4838
3415	5540
3415	5675
3415	4238
3416	3695
3421	5425
3422	5738
3422	3625
3428	4377
3428	3736
3428	4050
3431	6136
3436	6031
3436	5443
3437	3688
3442	5449
3442	3480
3443	5333
3443	4215
3450	4251
3450	5646
3450	4928
3451	3847
3451	4315
3451	3791
3451	4561
3452	5234
3452	5471
3455	5628
3455	5199
3456	5994
3456	5261
3460	4133
3461	3882
3461	4930
3462	5994
3466	5238
3466	3707
3466	3680
3467	5368
3474	4978
3474	5434
3474	4290
3475	4688
3475	3486
3475	5037
3475	5471
3478	3847
3479	4324
3479	5225
3479	4251
3480	5449
3481	3524
3481	3590
3483	4824
3483	4495
3483	3703
3486	5037
3486	5471
3490	3680
3490	4428
3490	4399
3490	4910
3491	5443
3491	4329
3497	4505
3499	4814
3500	5994
3500	4225
3501	4144
3501	4985
3501	5028
3502	4642
3503	4486
3503	3611
3503	4980
3506	6135
3506	5820
3506	5386
3510	5526
3510	3605
3511	5558
3513	4321
3516	4541
3517	3613
3517	5558
3517	4221
3517	4189
3517	5050
3517	4761
3517	3578
3517	5780
3520	5545
3520	5885
3521	5994
3521	4189
3524	4973
3524	4909
3524	3530
3526	3946
3526	6022
3526	4389
3526	5406
3526	4662
3527	4767
3528	6052
3529	5767
3530	4828
3537	5383
3537	4500
3540	5424
3540	5202
3540	5791
3540	4587
3540	4854
3542	5102
3544	5012
3544	5397
3544	3725
3546	4394
3547	4170
3547	5531
3549	6109
3551	5985
3551	3724
3551	3574
3551	5556
3552	5655
3552	5687
3552	5418
3553	5697
3553	3568
3555	5628
3555	5876
3555	4850
3557	5437
3560	5641
3561	5028
3563	3845
3563	5916
3563	4914
3563	4961
3563	4047
3563	4568
3563	5275
3563	5822
3563	4670
3563	4251
3563	6118
3563	5031
3563	3934
3563	4220
3563	5471
3563	5827
3563	5538
3563	5973
3568	5102
3571	5072
3572	3746
3572	6025
3574	3724
3574	3872
3574	4452
3574	4592
3574	4238
3574	5556
3576	5145
3576	5911
3576	5724
3578	3613
3578	5558
3578	4221
3578	4189
3578	5050
3578	4761
3578	5780
3579	3824
3579	5583
3579	4231
3582	5591
3585	5229
3585	3921
3585	5447
3589	4742
3589	4614
3590	5683
3590	3847
3590	4306
3590	4805
3590	5387
3590	4486
3590	5634
3590	4677
3590	5443
3590	5323
3590	3850
3590	5541
3594	3630
3596	4087
3598	4938
3598	4055
3599	4978
3599	5471
3603	5779
3603	5650
3605	5526
3605	3613
3605	3802
3605	4654
3605	5932
3605	4410
3605	5558
3605	4961
3605	5784
3605	5478
3605	4617
3605	5418
3605	5300
3605	4978
3605	5275
3605	5655
3605	5992
3605	4189
3605	3934
3605	4653
3605	4971
3605	4527
3605	5669
3605	5803
3605	4024
3605	4929
3605	4378
3605	3750
3605	4419
3605	4111
3605	4284
3605	6128
3605	4859
3605	4592
3605	6130
3611	5994
3611	4486
3611	6067
3611	5629
3613	5697
3613	4189
3613	4221
3613	3794
3613	4970
3613	5994
3613	4368
3613	5537
3613	5992
3613	4516
3613	4238
3613	4024
3613	4552
3613	5757
3613	5050
3613	5397
3613	3907
3613	4452
3613	4971
3613	4804
3613	4428
3613	6118
3613	5558
3613	4761
3613	5780
3613	4592
3613	3765
3613	5434
3613	5471
3613	4254
3613	5478
3613	5028
3613	3935
3613	4351
3613	4486
3613	4929
3613	4010
3613	5933
3613	5102
3613	5276
3613	5390
3614	4254
3620	3933
3625	4042
3625	4096
3625	5738
3625	4817
3625	5114
3625	5992
3634	5238
3634	5404
3634	5324
3634	4309
3634	5442
3639	5120
3639	5434
3641	4336
3642	4206
3642	3885
3643	5686
3648	3766
3648	5331
3652	4189
3652	5992
3654	5994
3658	5114
3659	5994
3659	5031
3659	4670
3662	3968
3664	4657
3665	5013
3667	4892
3667	3783
3669	5360
3670	4479
3671	3966
3673	4221
3673	4023
3674	3934
3674	5455
3675	4643
3675	4951
3677	4505
3677	4313
3679	4021
3679	5908
3680	5238
3680	3707
3680	4428
3680	4985
3680	5972
3680	4952
3680	5428
3680	3795
3680	4095
3680	5858
3680	5286
3683	4168
3684	5697
3684	5102
3684	4356
3684	4561
3684	4238
3685	4529
3685	5084
3685	4653
3685	5854
3685	5736
3685	3957
3685	4985
3685	5258
3685	5661
3685	5097
3685	5223
3685	4823
3685	3713
3685	3733
3685	4284
3685	4740
3686	5697
3686	4356
3686	4592
3686	5457
3688	5994
3688	4593
3688	4970
3688	3782
3688	4800
3688	5418
3688	5190
3688	4978
3688	5687
3688	5655
3688	6099
3688	4254
3688	5439
3688	5751
3688	4452
3688	5888
3688	5434
3688	5471
3688	3765
3688	4277
3688	5986
3688	3836
3688	5028
3688	4592
3690	5330
3692	5770
3692	5279
3693	4024
3695	3765
3696	5539
3696	5620
3699	5901
3703	5005
3703	4136
3703	4152
3704	4889
3705	4859
3707	5238
3709	3993
3715	4636
3717	4476
3719	5994
3719	5012
3719	5356
3719	5142
3724	5916
3724	4428
3724	5434
3724	5556
3724	5088
3724	5050
3724	4603
3724	5225
3724	6141
3725	5012
3729	6082
3729	4705
3732	3847
3732	4238
3733	5762
3733	5271
3733	4011
3733	5954
3733	3977
3736	4377
3736	4050
3738	5697
3738	4221
3739	5298
3739	5092
3742	4099
3743	5494
3743	4059
3743	3854
3743	4485
3745	5723
3746	6025
3746	3877
3746	5801
3746	5539
3749	5784
3749	3890
3750	3934
3751	5430
3752	4221
3752	5641
3752	5322
3752	4394
3752	5701
3752	5028
3753	3809
3753	4686
3755	5863
3759	4978
3759	5242
3759	6085
3760	5905
3760	5304
3760	4256
3760	5417
3763	4835
3763	4209
3763	4533
3763	6025
3763	4386
3765	3845
3765	4899
3765	5405
3765	5418
3765	5655
3765	6099
3765	4254
3765	4508
3765	5788
3765	4383
3765	4390
3765	4277
3765	5434
3765	5471
3765	5039
3765	6134
3765	3813
3766	5331
3770	6028
3771	4808
3771	4490
3773	3958
3773	5160
3774	5418
3778	6096
3782	5888
3782	5434
3785	4575
3791	4561
3792	6127
3794	4221
3794	4189
3794	5689
3795	5428
3796	5164
3801	6004
3801	5835
3801	4127
3802	4864
3802	4653
3802	5992
3803	4490
3808	4428
3809	6152
3809	5031
3816	4006
3817	5948
3823	5208
3823	5228
3823	5763
3824	5203
3824	5394
3824	4231
3824	6064
3824	4898
3824	5583
3827	6136
3829	4251
3829	5212
3829	6044
3829	4995
3830	5179
3830	4365
3831	4653
3833	5387
3834	5418
3835	5903
3835	4743
3836	5434
3838	5695
3839	4040
3839	4736
3839	5455
3839	4156
3840	5065
3840	6094
3843	5978
3844	5591
3844	4301
3844	5434
3844	4900
3846	3900
3846	4012
3847	4238
3847	5333
3847	4315
3847	4306
3848	5509
3849	4394
3850	4131
3850	4401
3854	5604
3854	5494
3854	4059
3858	5050
3858	4479
3863	5769
3864	4767
3864	5441
3869	4042
3870	4552
3870	4238
3870	5677
3872	4353
3880	5090
3880	5707
3882	5499
3882	4500
3882	4930
3882	4857
3885	4206
3890	5784
3894	4914
3900	5276
3900	4616
3901	5050
3901	4182
3903	5641
3903	4056
3903	6123
3903	4757
3903	5813
3904	4711
3905	4306
3906	5368
3906	4238
3907	4452
3909	5784
3911	4710
3912	4184
3913	5882
3918	4178
3918	4447
3921	5229
3921	4734
3921	5447
3922	3963
3923	5457
3923	5936
3925	4738
3925	5814
3929	5471
3930	5885
3933	5784
3933	5389
3934	5526
3934	4671
3934	4410
3934	5558
3934	4204
3934	4961
3934	5784
3934	5478
3934	4978
3934	5339
3934	5195
3934	5051
3934	5655
3934	4221
3934	4189
3934	4859
3934	4592
3934	5516
3934	4971
3934	3990
3934	5992
3934	4089
3934	4870
3934	5764
3934	5455
3934	5258
3934	5076
3934	4430
3934	5894
3935	5994
3935	5276
3935	5050
3935	4351
3936	5571
3936	5577
3936	4359
3937	4895
3937	4037
3941	4515
3946	4389
3946	5193
3946	5406
3946	6022
3946	4662
3947	5455
3955	4643
3956	3984
3957	4985
3957	4960
3958	5526
3958	4971
3958	4668
3958	5160
3958	4747
3958	4429
3965	5102
3965	5644
3965	4187
3965	4010
3970	5404
3970	5364
3972	4978
3972	4812
3977	4279
3978	6092
3979	4686
3979	4365
3984	5757
3985	4756
3988	5422
3990	4870
3994	5780
3996	5493
3996	4306
3996	4463
3997	4742
3999	4413
4003	5273
4004	4517
4007	4031
4009	5717
4009	4594
4010	5102
4010	5644
4010	4187
4010	6152
4010	4189
4010	4428
4010	6054
4010	5167
4010	4807
4011	5271
4011	5838
4013	4095
4015	6037
4021	4170
4021	4486
4022	5213
4022	4189
4022	4259
4022	5185
4022	5483
4023	4221
4023	4099
4023	4234
4023	5421
4024	5994
4024	4568
4024	4238
4024	5069
4028	5639
4028	5909
4030	5487
4031	4032
4032	4388
4032	4592
4032	4104
4034	4793
4035	5345
4035	5162
4036	4428
4042	4914
4042	4474
4042	4096
4042	5114
4043	4086
4043	4393
4043	6150
4043	5718
4046	4717
4046	4971
4047	4588
4047	4173
4047	4670
4048	5948
4050	4377
4051	4703
4055	4938
4056	5641
4056	6123
4056	5813
4056	4757
4059	5494
4064	5985
4064	5643
4065	5303
4066	5557
4066	4803
4071	4742
4073	4336
4074	5094
4074	4344
4074	4772
4074	5597
4075	5563
4080	4738
4081	4767
4083	5024
4083	4579
4085	5421
4086	5718
4086	4393
4086	6150
4089	5195
4090	4968
4095	5871
4095	5858
4095	4459
4095	4916
4095	4499
4096	4643
4096	4779
4096	4441
4096	6112
4096	5832
4096	4183
4096	5039
4099	5423
4099	6023
4099	4711
4099	4849
4099	4953
4099	4590
4102	4121
4111	4654
4111	4419
4114	5907
4116	4420
4119	4875
4121	4613
4126	5942
4127	6004
4129	4978
4129	6085
4133	5220
4136	5558
4141	5742
4143	4902
4143	5455
4148	4592
4150	4566
4150	4574
4150	5352
4150	4649
4150	5597
4153	5477
4153	4270
4153	4881
4155	5694
4155	5054
4156	4736
4159	5352
4160	5690
4160	5368
4164	5558
4165	6073
4167	6044
4168	5932
4168	5447
4170	5093
4170	5255
4170	6044
4170	5531
4170	6082
4170	4733
4170	5626
4170	4221
4170	5876
4170	4442
4170	5184
4170	5447
4170	4486
4170	4188
4170	4705
4173	4588
4173	5770
4181	6153
4182	5050
4185	5140
4185	4382
4187	5102
4187	5644
4187	4428
4187	6054
4187	5167
4187	6152
4189	5213
4189	5994
4189	4516
4189	4370
4189	5102
4189	5244
4189	5558
4189	4961
4189	4970
4189	5784
4189	5478
4189	4552
4189	4978
4189	5517
4189	5655
4189	4221
4189	4561
4189	4592
4189	4238
4189	5780
4189	5106
4189	5992
4189	4505
4189	4660
4189	4486
4189	4428
4189	5050
4189	4368
4189	5537
4189	5031
4189	5827
4189	6116
4189	4761
4189	5185
4189	4859
4197	4724
4197	5247
4203	5225
4203	4280
4207	5002
4208	5234
4208	4774
4209	4835
4210	4343
4210	5455
4211	5164
4213	4336
4215	5333
4216	4926
4216	5291
4217	4562
4217	5331
4220	6118
4221	5697
4221	4671
4221	6108
4221	5558
4221	4970
4221	5051
4221	5780
4221	4971
4221	6099
4221	5050
4221	5964
4221	5641
4221	4761
4221	4592
4221	6009
4221	4351
4221	4234
4221	5302
4223	5942
4223	4582
4223	5790
4223	5416
4223	6041
4225	4476
4225	4922
4231	5048
4231	4876
4231	5026
4231	5203
4231	5127
4231	4536
4231	5583
4231	5394
4231	6064
4231	4898
4231	4435
4235	4643
4238	5102
4238	6004
4238	4552
4238	4544
4238	5853
4238	4274
4238	5669
4238	5050
4238	6127
4238	4592
4238	5126
4238	5486
4238	5466
4238	4561
4238	6025
4238	5677
4238	5311
4238	5992
4240	4583
4250	5455
4251	5916
4251	6044
4251	5586
4251	5968
4251	5212
4251	4928
4251	5646
4251	5566
4251	5028
4252	4985
4254	4899
4254	5558
4254	4295
4254	4760
4254	4538
4254	5687
4254	5028
4254	4486
4254	4452
4254	4592
4254	5500
4254	5397
4254	5434
4254	5471
4254	5050
4256	5304
4259	5483
4260	5256
4260	6044
4260	5354
4262	5368
4267	5471
4267	5434
4267	5270
4270	5477
4270	4881
4275	4967
4276	5401
4276	4486
4276	5429
4277	5655
4277	6099
4278	4659
4280	5225
4281	4767
4281	4800
4285	4711
4285	4542
4290	4978
4293	5994
4293	4670
4295	4899
4299	5203
4299	4664
4300	5994
4301	6106
4302	4593
4302	5655
4302	5434
4303	5306
4305	5102
4305	4517
4306	5493
4306	4463
4306	4843
4306	5037
4306	4677
4306	5541
4306	5333
4306	4486
4306	5735
4313	4505
4314	5932
4314	5992
4315	4838
4315	5362
4315	5862
4315	5312
4315	5532
4315	4923
4315	6091
4315	6085
4320	5050
4321	5783
4321	5294
4324	5225
4324	4533
4324	4386
4327	5304
4336	4377
4336	5948
4342	4700
4342	5862
4343	5455
4344	4772
4347	5040
4347	4659
4349	5470
4349	4997
4350	4369
4350	5910
4350	4623
4351	5994
4351	4552
4351	4745
4351	5050
4351	6009
4351	6117
4351	5028
4354	5180
4354	5021
4355	4985
4356	5697
4356	5550
4356	4592
4356	5848
4356	5558
4356	5050
4357	4489
4357	6004
4357	4831
4357	4379
4357	4797
4359	5571
4359	5577
4363	5223
4365	4686
4367	4766
4367	5050
4368	5994
4369	5910
4370	5244
4370	4409
4376	4958
4376	4957
4376	5185
4376	4920
4376	4857
4377	5031
4377	6091
4377	5948
4378	5300
4379	4489
4379	6004
4379	4831
4382	5140
4382	4449
4383	4899
4383	4760
4383	4800
4383	5418
4383	5687
4383	5655
4383	6099
4383	5751
4383	5434
4383	4390
4386	4835
4386	6025
4388	4592
4389	4576
4389	4662
4389	4554
4389	5406
4389	6022
4389	5448
4389	5970
4389	5193
4390	5687
4390	6134
4393	5718
4393	6150
4394	5322
4397	4490
4398	4837
4400	6058
4400	4978
4400	6114
4401	5037
4409	5628
4410	5195
4411	5517
4416	4879
4416	5849
4425	5368
4428	5994
4428	5102
4428	5434
4428	6118
4428	5873
4428	4458
4428	6054
4431	5352
4435	5127
4440	5445
4440	5279
4441	4779
4441	6112
4442	6044
4442	5447
4442	5876
4442	5184
4443	5225
4450	4835
4452	5697
4452	4742
4452	6020
4452	6025
4452	4486
4452	4592
4452	6027
4452	5898
4458	5873
4461	6082
4463	5493
4463	5558
4463	5301
4471	4711
4476	5917
4476	4922
4478	5478
4479	5050
4481	4821
4484	4710
4486	5994
4486	5285
4486	5275
4486	5050
4486	5397
4486	5390
4486	4980
4486	4592
4486	5966
4486	6075
4486	5028
4486	5273
4486	5429
4486	4892
4489	6004
4489	4831
4489	5756
4489	5066
4490	4808
4490	5674
4491	5050
4491	4603
4492	5516
4495	4824
4500	4857
4500	5661
4500	5383
4503	5203
4504	5050
4505	4970
4505	5106
4505	5992
4507	5985
4516	5106
4516	5992
4516	5517
4517	5102
4518	6027
4520	5050
4525	6132
4526	4584
4526	5106
4526	5992
4527	4617
4527	4971
4533	4835
4533	5225
4536	5048
4536	6064
4541	5291
4544	5669
4544	5641
4547	5655
4549	5824
4552	5994
4552	5677
4552	4592
4552	5125
4553	5558
4555	6132
4556	4738
4556	6023
4556	4730
4557	5536
4558	5112
4558	4980
4561	5102
4561	5669
4561	5862
4561	4592
4561	4591
4562	5331
4566	4574
4566	5352
4568	6118
4568	5256
4569	5376
4569	4648
4569	4631
4574	5352
4576	5448
4576	5406
4578	4978
4579	5024
4581	5979
4581	4823
4582	5942
4584	5106
4584	5992
4584	4887
4592	5697
4592	5994
4592	5558
4592	4961
4592	5784
4592	5478
4592	4978
4592	5655
4592	4859
4592	6131
4592	5827
4592	5677
4592	5771
4592	5028
4592	5992
4593	5905
4593	5667
4593	5418
4593	5869
4593	5304
4593	4978
4594	5717
4596	4730
4601	4870
4603	5050
4605	4643
4614	4742
4616	5276
4617	4971
4618	4838
4627	5339
4627	5229
4627	5104
4631	4648
4632	4700
4635	5978
4637	5457
4638	5790
4639	4799
4639	4873
4643	4745
4643	5050
4643	4961
4643	5039
4643	4746
4643	5256
4643	4951
4646	5142
4646	5222
4648	5242
4649	5352
4650	5981
4653	4654
4653	4864
4653	5882
4653	5024
4653	5988
4657	5279
4662	5193
4662	5406
4662	6022
4664	5203
4670	5994
4670	4914
4670	4961
4670	5275
4670	5822
4670	5538
4670	6118
4670	5471
4670	5992
4671	5278
4671	6115
4671	5051
4682	4843
4682	4892
4685	5478
4686	5926
4688	5471
4693	6044
4696	5914
4697	5711
4699	5650
4699	5486
4700	5862
4700	6091
4703	4716
4705	6082
4711	4849
4717	4971
4719	6051
4719	6027
4719	5775
4720	5506
4722	6132
4722	5368
4724	5256
4724	5645
4724	5247
4728	5447
4730	5613
4730	6023
4731	5983
4731	5455
4732	5487
4733	6082
4733	5626
4738	5814
4738	4986
4740	5854
4742	6050
4742	5136
4742	5898
4742	4832
4743	5903
4745	4961
4745	5901
4745	6014
4747	5160
4749	5851
4750	4967
4750	4858
4753	5516
4755	5155
4757	5170
4757	5641
4757	5529
4757	6123
4757	5813
4758	5811
4760	5687
4761	5558
4761	5050
4761	5780
4763	4822
4764	5368
4766	5050
4767	5666
4767	4800
4767	4865
4767	5441
4767	5830
4767	4943
4767	5359
4778	5382
4779	6112
4786	5948
4788	5786
4789	5907
4793	5878
4800	6099
4800	5751
4800	5028
4800	5434
4802	5987
4803	5557
4812	4978
4814	4967
4822	4978
4823	5979
4825	6037
4825	5675
4825	5032
4828	5868
4828	5117
4831	6004
4835	6025
4836	5772
4836	6085
4836	4978
4837	5713
4837	6096
4837	5036
4837	5166
4838	5540
4838	5675
4838	5532
4843	5037
4848	4989
4850	5628
4850	5876
4853	5303
4854	5202
4857	5499
4857	4958
4857	4957
4857	5185
4857	4920
4858	4967
4858	5050
4859	5856
4859	5905
4859	5558
4859	4961
4859	5784
4859	5478
4859	4978
4859	5304
4859	5655
4859	5455
4859	5076
4859	5992
4864	5846
4864	4976
4866	5273
4868	5689
4870	5268
4871	5739
4875	4961
4879	5849
4880	5992
4881	5477
4886	4985
4886	5324
4887	6041
4896	5077
4896	5795
4898	5203
4898	6064
4899	5655
4899	5434
4899	5295
4899	5515
4899	4951
4899	5992
4902	5455
4904	5291
4906	5150
4913	4953
4914	5538
4914	5822
4914	6118
4919	4973
4920	4958
4920	4957
4920	5185
4922	5917
4926	5291
4928	5646
4928	4969
4929	5655
4929	6130
4935	5297
4935	5619
4935	5949
4935	5509
4951	5116
4951	5740
4951	5610
4952	4985
4953	5187
4957	4958
4957	5185
4958	5185
4961	5579
4961	5558
4961	5992
4961	5050
4961	5912
4961	5225
4961	5901
4961	5454
4961	6014
4961	5655
4961	5784
4961	4978
4961	5478
4967	6018
4968	5406
4968	5133
4970	5106
4970	5992
4970	6099
4970	5751
4970	5028
4971	5526
4971	5994
4976	5846
4978	5994
4978	6058
4978	5025
4978	5558
4978	5784
4978	5478
4978	5471
4978	6085
4978	6114
4978	5103
4978	5028
4978	5655
4978	5992
4979	5563
4980	5050
4980	5112
4982	5455
4985	5574
4985	5972
4985	5028
4985	5324
4990	5590
4990	6047
4992	5397
4992	5267
4997	5470
4998	5221
5003	5050
5010	5234
5010	5471
5012	5356
5015	5447
5021	5180
5022	5437
5024	5988
5028	5994
5028	5574
5028	5418
5028	5655
5028	5212
5028	5050
5028	5566
5031	5994
5031	5517
5031	5652
5032	6037
5032	5675
5034	5545
5036	5713
5036	6096
5037	5471
5037	5429
5039	5558
5039	6021
5039	5464
5039	5434
5048	5581
5048	6064
5050	5697
5050	5994
5050	5558
5050	5912
5050	5641
5050	5486
5050	5397
5050	5964
5050	5780
5050	5182
5052	6131
5054	5478
5054	5694
5060	5240
5065	6094
5066	5756
5076	5919
5077	5795
5081	6096
5088	5955
5088	5515
5092	5421
5094	5597
5095	5631
5095	5256
5095	5645
5100	6126
5100	5863
5102	5697
5102	5942
5102	5180
5102	6054
5102	5167
5102	5644
5104	5339
5104	5229
5106	5517
5106	5992
5118	5591
5120	5434
5126	6004
5126	6127
5129	5225
5141	5455
5145	5724
5148	6099
5154	5446
5155	5647
5160	5582
5161	5576
5167	6054
5174	5713
5174	5273
5177	5862
5180	5942
5181	6132
5184	6044
5184	5655
5184	5447
5184	5876
5184	5455
5188	5933
5190	5434
5193	6022
5195	5516
5203	5394
5203	6064
5208	5228
5212	6044
5212	5566
5216	5235
5216	5945
5220	6027
5220	5687
5226	5364
5229	5339
5229	5447
5229	5256
5234	5547
5234	5836
5234	5471
5235	5945
5238	5324
5241	5889
5242	5451
5244	5769
5251	5516
5256	5631
5256	6085
5256	5676
5256	5471
5256	5645
5256	5610
5258	5854
5258	5736
5260	6063
5261	5994
5265	5713
5267	5397
5270	6003
5273	5966
5273	5513
5273	5868
5275	5574
5275	5538
5278	6115
5279	5445
5285	6073
5285	5974
5293	5373
5293	5780
5295	5515
5297	5949
5303	5609
5304	5905
5304	5417
5306	5882
5307	5558
5307	5664
5307	5343
5313	5611
5339	5992
5343	5558
5343	5664
5364	5404
5367	5558
5368	5690
5368	6132
5370	5524
5373	5780
5382	5512
5386	6135
5386	5820
5390	5994
5394	6064
5397	5994
5397	5687
5397	5500
5397	6075
5397	5611
5404	5774
5406	6022
5406	5448
5416	5790
5418	5655
5418	5687
5423	5932
5429	5489
5434	5655
5434	5667
5434	5888
5434	5471
5434	5986
5436	5557
5443	6031
5447	6044
5447	5876
5447	5794
5449	5749
5451	5887
5455	5983
5455	5687
5455	5655
5455	5524
5462	5475
5462	5516
5464	6021
5467	6100
5471	5484
5471	5687
5471	5547
5471	6036
5471	5676
5478	5558
5478	5784
5478	6069
5478	5655
5478	5992
5486	5650
5504	5547
5510	5794
5511	5795
5516	6065
5517	5994
5517	5992
5521	5823
5521	5602
5534	5639
5538	5574
5538	5822
5538	6118
5539	6147
5539	5620
5540	5675
5545	5670
5558	5697
5558	5650
5558	5656
5558	5780
5558	5664
5558	5655
5558	5784
5558	5992
5571	5577
5580	5717
5595	5736
5610	5631
5611	5687
5611	5940
5613	6023
5625	5708
5626	6082
5628	5876
5629	6067
5631	5645
5635	6132
5637	5853
5639	5909
5641	5964
5641	6123
5641	5813
5648	5825
5650	5655
5653	6071
5655	5994
5655	5784
5655	5687
5655	6099
5655	5992
5657	5762
5657	6019
5665	5673
5669	5803
5674	5994
5675	6037
5679	5863
5684	6140
5684	6047
5684	5735
5687	6027
5694	5721
5713	6096
5718	6150
5735	6140
5735	6047
5736	5854
5751	6099
5762	6019
5762	5838
5775	6051
5775	6027
5780	5994
5780	5818
5782	5825
5784	5992
5788	6099
5790	6033
5803	5994
5803	5892
5807	5994
5813	6123
5820	6135
5822	6118
5827	6118
5835	6004
5863	6126
5876	6044
5932	5992
5938	6018
5948	6091
5966	6073
5992	6000
5992	6128
5994	6118
5994	6075
6004	6127
6027	6051
6044	6062
6047	6140
6058	6114
6083	6095
6085	6091
6090	6152
6099	6108
