0	63
0	664
0	1268
0	1509
0	1553
0	1693
0	1935
0	2011
0	234
0	305
0	420
0	433
0	634
0	1148
0	1271
0	1864
0	1613
0	1709
0	680
0	791
0	716
0	58
0	299
0	380
1	255
1	451
1	177
1	1171
1	904
1	941
1	681
1	744
2	289
2	2140
2	60
2	187
2	1860
2	446
2	902
3	1730
3	592
3	1797
3	794
4	84
4	1540
4	570
4	960
4	395
4	533
4	381
4	1400
5	1885
5	340
5	1117
5	2288
5	472
6	589
6	166
6	68
6	1335
6	1219
6	867
6	2106
6	1146
6	1886
6	1726
6	947
6	506
6	2192
6	1263
6	1894
6	984
6	1776
6	474
6	2320
6	2048
6	1624
6	1398
6	1941
6	478
6	1544
6	30
7	845
7	1038
7	499
7	2313
8	1365
8	267
8	920
8	1976
8	2224
9	2175
9	508
9	661
9	415
9	614
10	1914
10	2248
10	501
10	1409
10	804
10	462
10	298
10	600
10	845
11	520
11	593
11	1563
11	667
11	89
11	431
11	1649
11	1890
11	711
11	15
11	2225
11	2319
11	295
11	1543
11	2123
11	185
11	648
11	544
11	332
11	2011
11	1129
11	660
11	620
11	1594
11	1326
11	1131
12	1047
12	1592
12	2084
12	993
13	1297
13	1939
13	496
14	1026
14	1341
14	1895
14	82
14	946
14	1250
14	2264
14	2041
15	89
15	1890
15	1594
15	711
15	544
16	346
16	430
16	878
16	1379
16	1800
17	102
17	207
18	603
18	845
18	1038
19	1365
19	267
19	433
19	729
19	1472
19	1866
19	1175
19	459
19	1778
20	877
20	319
20	1939
21	1792
21	1698
21	2117
22	104
23	1087
23	1235
23	868
23	1092
23	1898
23	695
24	1209
24	1306
24	2257
24	450
24	2193
24	1039
24	1622
24	2251
24	989
24	2240
24	291
24	1345
25	190
25	1669
25	1261
25	550
25	1702
25	752
26	180
26	290
26	609
26	927
26	1177
26	1331
26	1891
26	331
26	1150
26	1460
26	1642
26	1697
26	1872
26	201
26	1984
26	2028
26	2029
26	666
26	864
26	1106
26	1299
26	1799
26	248
26	1121
26	182
26	1359
27	258
27	768
27	1026
27	1108
27	1895
27	1420
27	965
27	1488
27	973
27	1048
28	624
28	1046
28	594
29	1560
29	1606
29	1282
29	986
29	1289
29	2138
29	2211
29	942
29	1846
29	340
29	113
29	1117
29	2288
29	903
29	1762
30	1886
30	1219
31	912
31	1045
31	1598
31	2099
31	658
31	269
31	371
31	2230
31	2042
32	1285
32	1288
32	140
32	1251
32	598
32	822
32	1565
32	74
32	1795
32	174
32	1372
32	1461
32	1927
32	1343
32	1725
32	1195
32	1086
32	406
32	1022
32	1557
33	1408
33	1428
33	812
33	1804
33	678
33	1858
33	1101
34	897
34	1393
34	1451
34	1625
34	2243
34	253
34	1880
34	1386
35	98
35	104
35	843
35	2036
35	2103
35	2169
35	219
35	551
35	721
35	2246
35	1967
35	1199
35	1833
36	814
36	1239
36	1925
36	1819
36	1505
36	1880
36	1736
36	218
37	1043
37	2169
37	273
37	932
37	1031
37	2262
37	1054
37	1344
37	2090
37	1254
37	1118
38	364
38	1273
38	655
38	2323
38	1871
39	109
39	1570
39	1629
39	972
39	1832
40	678
40	1830
40	980
40	1858
40	1875
41	1602
41	2015
41	1519
42	2058
42	1522
42	2141
42	1813
43	514
43	1727
43	677
43	1252
43	1711
43	2035
43	426
43	1552
44	2052
44	444
44	892
44	671
45	1749
45	590
45	2258
45	848
45	493
45	510
45	2255
45	1136
46	697
46	1484
46	1588
46	1120
46	860
46	1075
46	2063
46	1839
46	1661
46	717
46	383
46	440
46	1805
46	574
46	1268
46	809
46	672
47	1005
47	242
47	1116
47	1626
47	1963
48	1982
48	1837
48	787
48	1709
48	2088
49	1823
49	284
49	917
49	1701
49	566
49	455
50	1618
50	2161
50	1154
50	193
51	1245
51	716
51	885
51	990
51	1509
51	244
51	649
52	1907
52	1464
52	286
52	1407
52	1912
52	586
53	628
53	1808
54	674
54	212
54	965
54	2194
54	1048
54	1488
55	1309
55	112
55	1754
55	728
55	772
55	1467
55	1532
55	1635
55	1501
56	1097
56	1053
56	549
56	2290
57	430
57	1697
57	744
57	681
58	63
58	717
58	1268
58	1693
58	433
58	680
58	791
59	288
59	2227
59	401
59	1170
59	135
59	314
59	1971
60	289
60	2140
60	1860
60	446
60	902
61	207
61	491
61	1822
61	229
61	536
61	178
61	465
62	1570
62	1670
63	1271
63	1935
63	234
63	791
63	634
63	1709
63	380
63	1613
63	1268
63	680
63	433
63	1693
64	1838
64	1781
64	528
64	370
65	2134
65	1130
66	205
66	100
66	288
66	1998
67	247
67	278
67	290
67	453
67	1723
67	304
67	675
67	83
67	1882
67	1274
67	125
67	1550
67	2112
67	2017
67	1810
67	197
67	245
67	1426
68	1335
68	1886
68	1263
68	947
69	1203
69	301
69	2215
69	243
70	206
70	467
70	1337
70	1814
70	1081
71	1616
71	2114
71	1490
71	1483
71	856
72	1174
72	1433
72	1873
72	736
72	1112
72	754
72	1468
72	1960
72	374
72	1236
73	1701
73	2235
73	1523
73	1455
73	455
74	174
74	1461
74	1195
74	1251
74	1372
74	406
75	558
75	1562
75	2055
75	110
75	240
75	78
75	317
75	1925
75	945
75	637
75	218
75	1150
75	1121
75	1391
75	2195
75	2263
75	227
75	581
75	2095
76	1529
76	501
76	81
76	1696
76	1807
76	293
76	356
77	1168
77	555
77	2104
77	1256
77	213
77	2283
77	2079
77	2186
77	254
77	923
77	1581
77	220
77	1395
77	1021
77	1860
77	651
77	1659
77	884
77	759
77	998
77	1520
77	1786
78	1150
78	317
78	227
78	240
78	945
78	2095
79	1034
79	1481
79	2314
79	545
79	876
79	117
79	1197
79	668
79	1724
79	1458
79	936
79	2023
79	537
79	1470
80	1262
80	2191
80	1691
80	975
80	378
80	2039
80	1397
80	955
80	632
80	1255
81	1529
81	356
81	421
81	2124
81	293
81	501
81	1807
81	1696
81	1089
81	1302
82	1895
82	1250
82	2264
83	278
83	1723
83	197
83	1274
83	675
83	2017
83	1426
84	570
84	1540
84	960
84	395
84	533
84	642
84	381
84	1400
84	1643
85	963
85	501
85	337
85	192
85	1394
85	296
85	355
85	1443
85	2072
86	1570
86	2218
86	816
86	399
86	877
86	1869
86	577
86	2289
87	705
87	1719
88	1018
88	893
88	1604
88	2016
88	1879
88	722
89	1679
89	544
89	711
89	1594
89	1915
89	1890
90	504
90	552
90	407
90	836
90	1256
91	1162
91	1243
91	1925
91	1860
91	861
91	2108
91	503
91	1880
91	1006
91	218
92	869
92	994
92	1790
92	1720
92	386
92	2036
93	452
93	2280
93	2238
94	1051
94	515
94	1213
94	1093
95	1895
95	318
96	2001
96	394
97	292
97	1644
97	1817
97	1824
98	2169
98	104
98	721
98	1833
99	1335
99	2043
99	947
99	136
100	205
100	288
100	1998
101	2057
101	2169
101	1109
101	1054
101	1742
101	2030
101	667
101	711
101	866
102	207
103	678
103	1858
103	1212
103	1986
104	2169
104	721
104	1833
105	646
105	896
105	1336
105	185
105	494
105	1981
105	2077
106	738
106	805
106	1085
106	2325
106	726
106	1055
106	1615
106	1780
106	228
106	1477
106	842
106	1253
106	1423
106	1149
107	1192
107	841
107	452
107	509
107	2109
107	222
107	1416
108	701
108	1047
108	1977
108	181
108	267
108	691
108	964
108	1125
108	1774
108	2127
108	499
108	582
108	996
108	1217
108	1782
108	2286
108	1284
108	1298
108	1075
108	328
108	1236
108	754
109	972
109	1629
109	1832
110	2055
110	1925
110	2195
110	218
110	581
110	2263
111	1329
111	1448
111	739
111	1546
111	961
111	1014
111	1877
111	1931
111	689
112	1309
112	772
112	1635
112	1467
112	1532
112	1754
112	728
112	1501
113	1560
113	942
113	1117
113	2138
113	1606
113	1282
113	986
113	1289
113	2211
113	1846
113	340
113	2288
113	903
113	1762
114	1025
114	1894
114	686
114	1000
115	527
115	1760
115	1856
115	1504
115	1656
115	693
116	236
116	1222
116	1241
116	1885
116	1229
116	340
117	936
117	1197
117	1724
117	876
117	545
117	1458
118	1150
119	786
119	1765
119	1275
119	1376
119	898
119	918
119	950
119	308
119	2105
120	1863
120	1441
120	631
120	1713
121	414
121	1769
121	242
121	1494
121	1603
122	1972
122	1988
122	2179
122	821
123	1266
123	277
123	1377
124	480
124	507
124	768
124	1327
124	502
124	965
124	517
124	1140
124	1488
125	247
125	290
125	453
125	245
125	304
125	1882
125	1550
125	2112
125	1810
126	258
126	881
126	610
126	1173
126	1315
126	1699
126	364
126	1831
127	487
127	2282
127	1802
127	2272
127	1985
127	2183
127	2316
127	933
127	1508
127	1454
127	1555
128	1772
128	2271
129	448
129	679
129	1666
129	2200
129	363
129	1731
129	1134
130	2126
130	969
130	2134
131	1620
131	777
131	291
131	389
131	737
132	1653
132	1281
132	1767
132	1379
132	1703
132	889
133	1232
133	1568
133	2107
134	379
134	2009
134	929
134	463
134	1593
134	457
135	1170
135	314
135	401
135	288
135	2227
135	1971
136	1335
136	2043
136	947
137	1150
137	2226
137	810
137	240
137	1447
138	612
138	1220
138	1727
138	830
138	2134
138	2113
139	839
139	934
139	1035
139	2206
139	657
139	1265
139	2117
140	822
140	1285
140	1343
140	1795
140	1927
140	1288
140	1725
140	1565
140	1022
141	2156
141	1466
141	1456
141	1887
141	2002
142	284
142	1824
142	891
142	2235
142	219
142	1790
142	1052
142	2036
142	723
143	1750
143	627
143	2292
143	988
143	1066
143	554
143	615
143	183
143	1201
143	1658
144	812
144	914
144	1313
144	1827
144	307
144	1509
144	433
145	832
145	326
145	472
145	1143
145	1292
145	1619
145	636
145	398
146	205
146	1954
146	711
146	363
146	1178
146	399
147	1271
147	2011
147	305
147	1897
147	1613
147	1148
147	1069
147	1849
148	625
148	2305
148	1148
148	1835
148	1328
149	925
149	367
149	2153
149	1048
149	967
149	1525
149	224
149	857
149	858
150	2080
150	1953
150	705
151	486
151	926
151	1705
152	1761
152	2180
152	1007
152	2054
152	1247
152	399
152	699
152	1524
153	800
153	1582
153	1690
153	1916
154	692
154	597
154	2110
154	1303
154	762
155	466
155	2134
156	443
156	2276
156	281
156	2288
157	2036
157	219
157	471
158	205
158	1854
158	1763
158	2038
159	568
159	618
159	357
159	711
159	2018
159	363
159	1040
159	2272
159	399
160	1764
160	410
160	629
160	1032
160	1085
160	1253
161	468
161	688
162	452
162	733
162	1785
162	815
162	1949
162	416
162	2271
163	2144
163	755
163	2046
163	1834
163	2137
163	270
163	291
163	264
164	1465
164	1072
164	915
164	294
164	1744
164	956
165	1983
165	698
165	584
165	306
165	1922
165	1007
165	2180
166	1146
166	1886
167	1190
167	874
167	2143
167	983
167	1213
167	1983
167	397
168	982
168	585
168	1084
169	1382
169	1049
170	258
170	1645
170	1647
170	1198
170	1420
170	685
170	257
170	2296
171	1950
171	530
171	2074
171	1671
171	778
171	1600
171	817
171	556
171	2173
171	1442
171	280
171	1542
171	887
171	2287
171	906
172	905
172	2100
172	2096
172	1545
173	364
173	987
173	439
173	377
174	1195
174	1251
174	406
174	1372
174	1461
175	1150
175	1929
175	1424
176	2019
176	1356
176	1407
176	2326
177	255
177	451
177	681
177	744
177	941
177	1171
177	904
178	207
178	491
178	1822
178	229
178	536
178	758
178	465
179	1906
179	1743
179	2223
179	1095
179	1497
179	635
179	1158
179	1482
179	1794
179	457
180	1177
180	201
180	2181
180	1984
180	1121
180	1876
180	724
180	347
180	670
180	1429
180	1316
180	518
180	454
180	1816
180	331
180	1359
181	1977
181	267
181	964
181	996
181	1217
181	1774
181	1125
182	290
182	609
182	927
182	1891
182	1460
182	1299
182	2028
182	1799
183	1750
183	627
183	2292
183	988
183	1066
183	554
183	615
183	1201
183	1658
184	1281
184	1863
184	2032
184	1379
184	789
184	889
185	323
185	1326
185	332
185	648
185	711
185	1981
185	1572
185	1131
185	2244
185	2030
185	660
186	1132
186	1162
186	812
186	1239
186	395
186	995
186	218
186	1951
187	289
188	649
188	420
188	594
188	1094
188	1509
188	825
189	838
189	2066
190	1261
190	752
190	550
190	1702
190	1669
191	2145
191	611
191	757
191	452
192	963
192	501
192	337
192	1394
192	296
192	355
192	1443
192	2072
193	1618
193	2161
193	1154
194	852
194	2040
194	1488
194	716
194	649
195	1448
196	1973
196	2034
197	278
197	1723
197	675
197	1274
197	2017
197	1426
198	268
198	1341
198	928
198	1936
198	1996
198	1959
198	1989
198	1300
198	1264
198	615
198	1867
198	1104
198	1528
198	1446
199	384
199	1008
199	580
199	1473
199	880
200	2196
200	1304
200	895
201	1177
201	2147
201	1150
201	1872
201	864
201	1106
201	1675
201	1984
201	2008
201	1121
201	2029
201	454
201	1359
202	583
202	845
202	932
202	1202
202	2312
202	1083
202	1651
203	1997
203	2040
203	2199
203	812
203	263
203	218
204	1150
204	1153
204	481
204	826
204	873
205	2024
205	1954
205	2098
205	1218
205	313
205	1763
205	1178
205	2038
205	1998
205	288
205	2111
205	711
205	363
205	399
205	1854
205	1268
205	802
205	2204
206	1814
206	1081
206	1337
206	467
207	1741
207	1692
207	229
207	491
207	465
207	1909
207	1757
207	536
207	1822
208	961
208	1751
209	2133
209	1498
209	1012
210	1707
210	1103
210	1003
210	2278
210	710
210	372
210	808
211	1571
211	2120
211	236
211	472
211	1885
211	340
211	2288
212	480
212	674
212	965
212	502
212	1048
212	1488
212	1063
212	1471
213	1786
213	2283
213	1659
213	555
213	1256
214	1852
214	573
214	2200
214	1084
214	1123
214	470
215	2173
215	1035
216	2188
216	1875
216	1974
216	714
217	1510
217	1885
217	2211
217	340
217	472
218	1132
218	1162
218	1243
218	1997
218	2055
218	267
218	395
218	608
218	711
218	1388
218	1736
218	1925
218	2040
218	2195
218	2199
218	812
218	814
218	861
218	422
218	732
218	1880
218	1006
218	1037
218	2108
218	503
218	1505
218	1842
218	2224
218	1536
218	363
218	1080
218	263
218	1819
218	299
218	2263
218	1860
218	581
218	1239
218	995
218	1440
218	484
218	2020
218	1951
219	843
219	891
219	1019
219	1790
219	2036
219	551
219	1502
219	284
219	471
219	1199
219	1480
219	1052
219	2162
219	723
219	1824
219	2235
219	756
220	1860
220	651
220	884
220	1395
220	2079
220	254
220	1021
221	700
221	671
221	2097
222	1192
222	793
222	1607
222	452
222	1183
222	2109
222	872
222	445
222	978
222	447
223	1664
223	2140
223	716
223	649
224	858
224	1525
224	925
224	367
224	1048
224	967
224	2153
224	857
225	1521
225	246
225	1655
225	1182
225	1308
225	1578
226	413
226	1211
226	953
227	317
227	1150
227	240
227	945
227	2095
228	738
228	805
228	1085
228	2325
228	726
228	1055
228	1615
228	1780
228	842
228	1149
228	1423
228	1477
228	1253
229	491
229	1822
229	465
229	536
230	2270
230	1127
230	1236
230	1226
231	2256
231	2265
231	1558
231	846
231	1403
231	1611
231	1682
232	1821
232	1994
233	1148
233	469
233	526
234	1268
234	1693
234	1271
234	1589
234	1342
234	1732
234	380
234	1613
235	1186
235	1684
235	745
235	1286
235	1020
236	1571
236	1222
236	1241
236	1885
236	1229
236	340
237	939
237	1198
237	1420
237	258
237	1647
237	685
237	1189
237	257
237	2296
238	573
238	1169
238	2200
238	1123
238	1485
238	1084
238	968
239	966
239	1937
239	743
239	2040
239	2199
239	1400
239	1401
240	317
240	1150
240	2226
240	810
240	2095
240	945
240	1447
241	1694
241	336
241	931
241	563
241	1646
241	1783
241	1310
242	414
242	684
242	1132
242	1626
242	1769
242	2021
242	1494
242	925
242	1415
242	967
242	1754
242	1603
242	1005
242	1963
242	1930
242	2081
242	1116
242	834
242	1396
242	1625
242	1361
242	886
242	550
243	1203
243	301
244	1509
244	1895
244	885
244	990
244	1105
244	1245
244	1534
244	1806
244	2212
244	1739
244	914
244	1413
244	716
244	1353
244	649
244	2198
245	247
245	290
245	453
245	304
245	1882
245	1550
245	2112
245	1810
246	1521
246	606
246	1655
246	1182
246	1308
246	1885
246	1578
246	340
246	2288
246	888
246	472
247	304
247	1882
247	453
247	1550
247	2112
247	290
247	1810
248	1331
248	1697
248	666
249	1829
249	1225
249	1654
249	2040
249	2199
249	2222
249	812
249	263
249	1080
249	279
249	1140
249	2321
249	880
249	557
249	578
249	299
249	1133
250	602
250	943
250	2172
250	2233
250	1517
250	2159
250	391
250	587
251	1056
251	1942
251	1133
252	1741
252	1346
252	468
252	2107
252	1916
253	897
253	2014
253	2229
253	1597
253	1899
253	1625
253	1880
254	651
254	2079
254	884
254	1860
254	1395
254	1021
255	451
255	1171
255	904
255	941
255	744
255	681
256	1051
256	1373
256	656
256	1213
256	1777
256	1159
257	258
257	482
257	939
257	1270
257	1645
257	1647
257	1896
257	847
257	1189
257	1420
257	1634
257	2296
257	666
257	685
257	1198
257	2315
257	503
258	1166
258	420
258	965
258	1831
258	492
258	1173
258	2140
258	500
258	939
258	561
258	1645
258	1420
258	1647
258	2040
258	979
258	637
258	1774
258	361
258	1189
258	2119
258	433
258	610
258	364
258	682
258	716
258	1048
258	1198
258	1015
258	685
258	1268
258	881
258	263
258	1399
258	649
258	2198
258	267
258	1125
258	1438
258	1977
258	2296
258	847
258	1699
258	1315
258	1663
258	412
258	454
258	853
258	2056
258	760
258	1099
258	1488
259	402
259	405
259	674
259	1174
259	1354
259	345
259	1538
259	2194
259	1112
259	754
259	539
259	1236
260	1622
260	819
260	1771
260	1033
260	899
260	1779
261	2155
261	1430
261	2220
261	2036
261	689
262	1098
262	1996
262	851
263	1099
263	1122
263	1162
263	1365
263	1829
263	1997
263	2045
263	2140
263	267
263	404
263	433
263	638
263	885
263	1639
263	1699
263	1925
263	2040
263	2152
263	2199
263	2296
263	812
263	766
263	770
263	1140
263	1037
263	979
263	2224
263	364
263	1080
263	875
263	716
263	1819
263	578
263	1976
263	299
263	2198
263	649
263	655
263	454
263	1061
263	920
264	1039
264	2144
264	343
264	755
264	2046
264	2257
264	1345
264	1617
264	1834
264	2037
264	2251
264	2137
264	989
264	270
264	1793
264	291
264	640
265	1148
265	1666
265	1392
266	1205
266	1277
266	1822
266	2116
266	970
266	2166
266	1567
266	2189
267	760
267	862
267	927
267	1162
267	1365
267	1977
267	1999
267	2177
267	964
267	459
267	1217
267	1639
267	1037
267	1925
267	1774
267	433
267	2224
267	1080
267	1472
267	1308
267	1819
267	1399
267	1976
267	2086
267	2198
267	1125
267	996
267	1866
267	853
267	920
267	729
268	1996
268	928
268	1300
268	1264
268	1989
268	1936
268	615
268	1341
268	1959
268	1528
268	1446
269	658
270	2046
270	1834
270	2137
270	291
271	1069
271	411
271	489
271	475
271	1613
271	1148
272	1335
272	947
272	1417
272	1962
272	2087
273	1043
273	2169
273	1054
273	1344
273	932
273	1031
273	2090
273	1254
273	2262
273	1118
274	1207
274	1169
274	1004
275	488
275	1740
275	715
275	322
275	1063
276	806
276	447
277	1266
277	1377
278	675
278	1274
278	2017
278	1723
278	1426
279	2040
279	2199
279	812
279	880
279	557
279	1133
280	556
280	2173
280	778
280	1671
280	887
280	1950
281	443
281	2276
281	2288
282	694
283	2059
283	452
283	632
283	2044
284	891
284	1701
284	2235
284	1823
284	917
284	566
284	1052
284	455
285	358
285	698
285	2129
285	1391
285	2051
285	1007
286	1907
286	1464
286	764
286	2279
286	1407
286	1912
286	586
287	1322
287	706
288	823
288	1170
288	314
288	401
288	1351
288	1913
288	1998
288	2227
288	341
288	1971
289	1860
289	2140
289	446
289	902
290	927
290	2028
290	1299
290	1460
290	1799
290	1882
290	2112
290	1810
290	1891
290	609
290	304
290	453
290	1550
291	348
291	389
291	1039
291	1114
291	1492
291	1620
291	1622
291	2144
291	2240
291	343
291	450
291	599
291	755
291	777
291	930
291	1209
291	1883
291	2046
291	2132
291	2257
291	737
291	1306
291	1345
291	1617
291	1834
291	1979
291	2037
291	2047
291	2193
291	2251
291	2137
291	1637
291	1793
291	900
291	824
291	640
291	1191
291	989
291	1825
291	694
292	1817
292	1824
292	1644
293	1529
293	356
293	501
293	1696
293	1807
294	915
294	1744
294	1072
294	956
294	1465
295	2011
295	2319
295	431
295	1129
295	667
295	711
295	1326
296	2072
296	963
296	501
296	337
296	1394
296	1443
296	355
297	870
297	1111
297	1339
297	1602
297	1911
298	2248
298	845
298	804
299	664
299	991
299	1215
299	1246
299	1787
299	1829
299	376
299	720
299	1144
299	1193
299	1667
299	1864
299	1924
299	1925
299	2201
299	2304
299	1140
299	1440
299	2033
299	2198
299	1371
299	1537
299	1080
299	910
299	578
299	1236
299	754
300	610
300	1124
300	1699
300	364
300	1991
301	1203
302	1966
302	1579
302	1185
302	845
303	1196
303	2147
304	453
304	1882
304	1550
304	2112
304	1810
305	1069
305	1268
305	2011
305	1271
305	1897
305	1613
305	1148
305	1849
306	698
306	2180
306	1983
306	584
306	1922
306	1007
307	1509
307	433
307	1313
307	2128
307	812
307	914
307	716
307	1827
307	649
308	786
308	1765
308	1376
308	898
308	918
308	950
309	1235
309	1683
309	1389
309	1948
310	1068
310	1855
310	957
310	1141
310	2241
310	1142
311	460
311	1422
312	932
313	1954
313	2011
313	363
313	1178
313	2024
313	399
313	2111
313	1917
313	2204
313	1148
313	711
313	1279
314	1971
315	1737
315	552
316	937
316	1296
316	456
316	1718
317	1150
317	945
317	2095
318	1895
318	946
318	1621
318	2154
318	2264
319	877
319	1939
320	664
320	1585
320	1895
320	2004
320	716
320	1290
320	1458
320	2134
320	542
320	649
321	1039
321	1918
321	992
321	1010
321	2026
321	1448
321	632
322	488
322	715
322	1444
322	1063
322	1740
322	523
323	2244
323	1572
323	2030
324	949
324	1425
324	1803
324	2212
325	2317
325	2080
326	832
326	1143
326	1619
326	1292
326	477
326	1857
326	636
326	472
326	398
327	385
327	805
327	981
327	1454
327	1694
327	1233
327	1985
327	595
327	1374
327	2316
328	701
328	1047
328	691
328	2127
328	499
328	582
328	1782
328	2286
328	1284
328	1075
328	754
328	1298
328	1236
329	783
330	908
330	1672
331	1177
331	1984
331	1359
332	1326
332	1131
332	660
332	711
332	648
333	1546
333	1665
334	1128
334	1334
334	350
334	1370
334	486
334	1705
335	565
335	2285
336	931
336	563
336	818
336	1646
337	2072
337	963
337	501
337	1394
337	355
337	1443
338	1855
339	1934
339	1210
339	1301
339	1047
339	754
339	1782
339	801
340	605
340	888
340	1571
340	2120
340	472
340	1117
340	1229
340	1241
340	2211
340	903
340	1762
340	1606
340	606
340	1222
340	1885
340	1846
340	2288
340	1510
341	1351
342	961
342	1751
343	2144
343	2046
344	767
344	1895
344	2058
344	1813
344	1522
344	360
345	402
345	405
345	674
345	701
345	1354
345	1538
345	2194
345	754
345	539
345	1340
345	1210
345	1236
346	1972
346	430
346	878
346	1379
346	359
346	1638
346	1901
346	1800
347	1429
347	1816
347	724
347	2181
347	1876
347	1316
347	670
347	518
348	1306
348	1825
348	1114
348	2047
348	777
348	1637
348	900
348	737
349	427
349	536
349	2185
350	1128
350	486
350	1705
351	1135
351	839
351	959
351	1412
351	1993
352	1382
352	543
352	1049
353	1892
353	536
353	1249
353	1506
353	1964
353	773
353	2185
353	647
353	1100
353	1798
354	392
354	674
354	1623
354	2176
354	708
354	951
354	1126
354	1903
354	1284
354	754
354	1236
355	2072
355	501
355	963
355	1394
355	1443
356	1529
356	501
356	1696
356	1807
357	568
357	618
357	363
357	2272
357	399
357	1040
357	2018
357	711
358	2129
358	1450
358	698
358	1391
358	2051
358	999
358	2092
358	1007
358	2302
359	430
359	1972
359	1638
359	1901
359	1800
360	767
360	1895
360	2058
360	1813
360	1522
361	1166
361	492
361	1015
361	2056
361	2119
361	682
362	765
362	901
362	792
362	1721
362	762
363	448
363	568
363	618
363	679
363	1954
363	2284
363	608
363	711
363	1388
363	1640
363	1666
363	1925
363	2018
363	2200
363	2204
363	2290
363	2272
363	2024
363	422
363	1880
363	1178
363	1842
363	2111
363	1040
363	1536
363	399
363	1731
363	1134
364	561
364	881
364	1268
364	1291
364	1756
364	2140
364	366
364	439
364	610
364	638
364	796
364	852
364	1009
364	1064
364	1124
364	1173
364	1315
364	1699
364	1753
364	2040
364	2296
364	2323
364	770
364	1831
364	1601
364	1991
364	1992
364	1459
364	875
364	473
364	951
364	987
364	716
364	2198
364	1739
364	1438
364	1904
364	649
364	1903
364	655
364	1663
364	377
364	762
365	2216
365	2196
365	1003
365	1919
365	1469
365	808
366	1756
366	1699
366	1459
366	610
367	858
367	1525
367	925
367	2153
367	1048
367	967
367	857
368	1427
368	1622
368	1580
368	2272
369	1148
369	2190
370	1781
370	1838
370	528
371	912
371	1045
371	1598
371	2099
371	2230
371	2042
372	1707
372	808
372	1003
372	2278
372	710
373	1152
373	1741
373	1784
373	2239
373	495
373	1916
373	659
374	1174
374	1433
374	1873
374	1112
374	754
374	1468
374	1960
374	736
374	1236
375	1034
375	936
375	1724
375	1577
375	668
376	1215
376	1246
376	1144
376	910
377	439
377	987
378	1262
378	2214
378	1179
378	975
378	1397
378	955
378	1681
378	632
378	1255
379	2009
379	929
379	463
379	1593
379	457
380	1268
380	1693
380	1271
380	1613
381	1540
381	395
381	642
381	960
381	1643
381	533
381	570
381	1400
382	1512
382	1531
382	1244
382	1124
382	2322
383	672
383	717
383	809
383	1268
383	1588
383	440
383	860
383	1120
383	1484
383	1661
383	1805
383	697
383	1075
383	2063
383	1839
383	574
384	580
384	1008
384	880
385	1694
385	2282
385	1374
385	1985
385	2316
385	595
385	805
385	1454
385	1230
385	1044
385	981
385	1233
386	1790
386	2036
386	869
386	994
386	1720
387	1907
387	1024
387	1299
388	759
388	1227
389	1620
389	777
389	737
390	2080
390	1561
391	602
391	2172
391	2233
391	1517
391	2159
392	1903
392	674
392	1284
392	951
392	1126
392	754
392	1623
392	708
392	2176
392	1236
393	873
393	2139
394	1614
394	2001
394	2176
394	601
395	1132
395	1162
395	1540
395	812
395	570
395	1239
395	960
395	995
395	533
395	1400
395	1951
396	974
396	1352
396	1381
396	782
396	1185
396	1294
396	1554
397	1190
397	874
397	2143
397	983
397	1213
397	1983
398	832
398	472
398	1292
398	1619
399	568
399	618
399	1570
399	1954
399	2180
399	2218
399	711
399	1007
399	2018
399	2054
399	2204
399	1040
399	1178
399	1247
399	1869
399	2111
399	2272
399	2024
399	816
399	699
399	2289
399	877
400	2273
400	1366
400	541
401	1170
402	1538
402	674
402	2194
402	754
402	539
402	1354
402	405
402	1236
403	1025
403	2219
403	607
403	2259
403	952
403	1548
403	1943
403	1379
403	1734
404	1122
404	2045
404	766
404	2198
404	885
404	2152
404	1061
404	578
405	1538
405	674
405	2194
405	754
405	539
405	1354
405	1236
406	1461
406	1195
406	1251
406	1372
407	504
407	552
407	836
407	1256
408	1952
408	2010
408	1510
408	2193
408	1885
409	1758
409	1845
410	1032
410	1085
410	1764
410	629
410	1253
411	1069
411	489
411	475
411	1613
411	1148
412	2140
412	420
412	649
413	1211
413	811
413	953
414	1494
414	1769
414	1603
415	2175
415	508
415	661
415	614
416	452
416	815
416	1347
416	1028
416	733
416	1949
416	1785
416	2271
417	505
417	1610
417	1997
417	1955
417	2062
417	840
418	707
418	1847
418	1449
418	1349
419	1648
419	1513
420	1094
420	1509
420	1553
420	2140
420	649
420	1864
420	716
420	594
420	433
420	825
420	2198
421	501
421	1089
421	2124
421	1302
422	608
422	711
422	1388
422	1925
422	1880
422	1842
422	1536
423	2064
423	1808
423	1452
423	1862
424	1949
424	576
425	2327
425	1483
425	1490
426	1727
426	2035
426	514
426	677
426	1252
426	1711
426	1552
427	536
427	2185
428	1432
428	2031
428	2067
428	2073
428	2127
428	1234
428	1747
428	1788
428	831
429	2060
429	553
429	893
429	1556
429	1604
429	2016
429	2242
429	2255
429	722
430	1972
430	1697
430	878
430	1379
430	1638
430	1901
430	744
430	681
430	1800
431	1326
431	2011
431	711
431	2319
431	1129
431	667
432	1121
432	1402
432	997
432	854
432	1859
433	435
433	769
433	862
433	927
433	1268
433	1291
433	1365
433	1509
433	1693
433	1999
433	2177
433	812
433	863
433	459
433	1639
433	901
433	825
433	1037
433	1608
433	680
433	791
433	2224
433	1472
433	1308
433	716
433	1976
433	2086
433	2198
433	914
433	1313
433	1827
433	1866
433	920
433	1245
433	729
434	739
434	1014
434	776
434	1946
434	457
435	1608
435	769
435	863
435	1291
435	1245
435	901
435	1693
435	825
436	1382
436	1049
436	497
437	1435
437	1479
437	905
437	2096
438	971
438	652
438	2272
438	1314
438	695
439	987
440	672
440	717
440	1268
440	1588
440	697
440	1484
440	1120
440	1661
440	574
441	1463
441	1092
441	1574
441	695
441	704
441	1314
441	1596
441	971
442	2052
442	444
442	892
442	671
443	2276
443	2288
444	2052
444	1410
444	892
444	671
445	447
446	2140
446	1860
446	902
447	806
447	1499
447	1681
448	2200
448	1731
448	1666
448	679
448	1134
449	2205
449	1925
449	845
450	1039
450	1622
450	1306
450	2193
450	1345
451	1171
451	904
451	941
451	681
451	744
452	2170
452	733
452	2280
452	2145
452	632
452	2109
452	2044
452	1192
452	611
452	1203
452	1163
452	2238
452	2271
452	1745
452	757
452	1949
452	2059
452	1785
452	815
453	1882
453	1550
453	2112
453	1810
454	1099
454	1177
454	2140
454	979
454	1984
454	2198
454	1121
454	716
454	649
454	1359
455	1701
455	2277
455	1824
455	2083
455	2235
455	1823
455	2246
455	1523
455	917
455	566
455	647
455	1850
456	464
456	937
456	1296
456	2240
456	2001
456	1718
456	2211
456	1818
457	776
457	1482
457	739
457	929
457	1497
457	1743
457	1794
457	1906
457	2009
457	463
457	1158
457	1593
457	635
457	2223
457	1014
457	1095
457	1946
458	2196
458	1809
459	862
459	927
459	1365
459	729
459	1472
459	1866
459	1037
459	920
459	2224
460	1503
460	1011
460	1474
460	1414
460	1422
460	661
461	2036
461	1029
462	1914
462	2248
462	845
462	600
463	929
463	2009
463	1593
464	2240
464	2211
464	1818
464	2001
465	491
465	1277
465	1822
465	536
465	793
465	977
465	2281
466	2134
467	1814
467	1081
467	1337
468	1346
468	688
469	1148
469	526
470	1852
470	573
470	2200
470	1123
470	1084
471	2036
472	605
472	832
472	888
472	2120
472	2211
472	1292
472	606
472	1885
472	1117
472	2288
472	1619
472	1510
473	655
474	1219
474	1886
474	2192
474	1146
475	1069
475	489
475	1613
475	1148
476	649
476	1076
477	832
477	1292
478	1219
478	1398
478	1886
478	1894
479	642
479	696
479	750
479	1081
479	1369
479	734
479	1535
479	751
480	768
480	965
480	502
480	507
480	1488
480	1063
480	1471
481	1150
481	873
482	2315
482	503
482	1896
482	1634
482	1198
482	666
482	2296
482	1270
483	1687
483	1090
483	1084
483	1969
483	573
483	1624
483	867
484	1925
484	1440
485	671
485	569
485	511
485	1156
486	1128
486	1334
486	926
486	1411
486	1370
486	1705
487	933
487	1454
487	1802
487	2183
487	2282
487	1985
487	1508
487	2272
487	2316
487	1555
488	1740
488	715
488	1063
489	1069
489	1613
489	1148
490	1150
490	873
490	2013
491	536
491	1822
492	1166
492	1015
492	2056
492	2119
492	682
493	1749
493	848
493	590
493	510
493	1136
494	646
494	1336
494	1896
494	2065
494	623
494	1968
494	2071
495	1784
495	2239
496	1297
496	1939
497	1382
497	1049
498	1242
498	1664
498	1829
498	1928
498	1826
498	1956
499	701
499	1047
499	691
499	845
499	1038
499	2127
499	1284
499	582
499	1075
499	754
499	1782
499	2286
499	2313
499	1298
499	1236
500	840
500	916
500	1315
500	2040
500	637
501	1529
501	2248
501	845
501	1409
501	2072
501	2124
501	963
501	1807
501	1302
501	1394
501	1696
501	1089
501	1443
502	507
502	768
502	965
502	1488
502	1063
502	1471
503	1162
503	1270
503	1896
503	1150
503	1634
503	1925
503	2296
503	666
503	873
503	1198
503	2108
503	2232
503	2315
503	861
503	1121
504	552
504	836
504	1256
505	1997
505	2062
505	840
505	1955
505	1610
506	1219
506	1146
506	1886
506	1941
506	1726
507	768
507	965
507	517
507	1140
507	1488
507	1327
508	2175
508	614
508	661
509	841
509	1416
510	1749
510	848
510	590
510	1136
511	1970
511	1156
511	749
511	671
511	569
512	1448
512	1039
512	1404
512	1364
512	2198
513	1437
513	1801
513	1831
513	754
513	2184
513	1868
513	2245
514	1727
514	2035
514	677
514	1252
514	1711
514	1552
515	1051
515	1093
515	1213
516	1627
516	669
516	1931
516	2151
516	1987
517	1327
517	1140
518	1429
518	1816
518	670
518	724
518	1876
518	1316
518	2181
519	1952
519	839
520	620
520	593
520	711
520	1563
521	882
521	1267
521	1393
521	562
522	889
522	1281
522	1767
522	1961
522	1653
522	1379
523	1444
524	2109
524	2208
524	1192
524	547
524	2049
524	2301
524	833
525	753
525	958
525	2237
525	2117
525	2094
526	1148
527	1504
527	1656
527	693
527	1856
527	1760
528	1781
528	1838
529	1547
529	1210
529	1595
530	556
530	906
530	2074
530	778
530	1671
530	1950
531	1058
531	616
531	1184
532	1330
532	2267
532	2134
533	1540
533	642
533	960
533	1643
533	570
533	1400
534	799
534	1092
534	1591
534	2136
534	2234
534	2163
535	1073
535	1582
535	1690
536	1277
536	1822
536	1892
536	1978
536	2281
536	1569
536	1221
536	1964
536	2185
536	977
536	793
537	1034
537	936
537	1724
537	876
538	2228
539	674
539	701
539	1354
539	1340
539	1538
539	1210
539	2194
539	754
539	1236
540	989
540	1853
540	1980
540	1065
541	2273
541	718
541	1366
541	1387
541	1658
541	615
542	664
542	1585
542	1895
542	1290
542	716
542	649
543	1382
543	1049
544	1489
544	1679
544	1539
544	1915
544	2027
544	1811
544	2082
544	774
544	1594
544	1890
544	1445
544	711
544	559
545	913
545	1518
545	1650
545	936
545	1197
545	1724
545	2141
545	876
545	1522
545	1228
545	1458
546	1843
546	2148
546	994
546	1964
546	1798
547	2109
547	2208
547	1192
547	2049
547	2301
547	833
548	567
548	955
548	1666
549	1097
549	2290
549	1053
550	684
550	1626
550	1669
550	1261
550	1361
550	1754
550	2081
550	925
550	752
550	886
550	967
550	1396
550	1702
551	843
551	1199
552	1737
552	836
552	1256
553	893
553	2016
553	2242
553	2255
553	2060
553	1556
553	1604
553	722
554	1750
554	627
554	2292
554	988
554	1066
554	615
554	1201
554	1658
555	1786
555	2283
555	1659
555	1256
556	1671
556	778
556	2173
556	887
556	1950
557	2040
557	2199
557	812
557	880
557	1133
558	1562
558	2095
559	1489
559	711
559	1539
559	1915
559	2027
559	1811
559	2082
559	774
559	1445
560	1586
560	1278
560	871
560	798
561	1438
561	1699
561	716
561	1663
561	2140
561	1268
561	649
561	2198
562	805
562	882
562	1267
562	1454
562	1590
562	2282
562	2291
562	1070
562	1673
562	1985
562	1508
562	2125
562	2252
562	2316
563	931
563	818
563	1646
564	2297
564	2158
564	1042
564	921
564	1070
564	1686
565	2285
566	1701
566	1823
566	917
567	619
567	1511
567	1666
567	748
567	955
567	2053
568	2272
568	618
568	1040
568	2018
568	711
569	671
569	1156
570	1540
570	960
570	1400
571	1067
571	1283
571	1339
571	894
571	1513
572	1384
572	1748
572	1133
572	849
573	1687
573	1852
573	1485
573	2200
573	1090
573	1169
573	1084
573	1123
573	968
573	1969
573	1624
573	2070
573	867
574	672
574	717
574	1268
574	1588
574	1120
574	1484
574	1661
574	697
575	1758
575	1845
575	2036
575	883
575	1824
575	2197
575	1874
575	1881
576	1949
578	1122
578	1829
578	2045
578	885
578	2152
578	766
578	1061
578	1140
578	2198
578	1080
579	1029
579	2036
579	1421
579	1530
579	2246
579	1951
580	1008
580	1473
580	880
581	2055
581	1925
581	2195
581	2263
582	701
582	1047
582	691
582	2127
582	1284
582	1075
582	754
582	1782
582	2286
582	1298
582	1236
583	1516
583	1641
583	1966
583	932
583	1083
583	1077
583	781
583	1651
583	1202
583	2312
583	845
584	698
584	2180
584	1007
584	1983
584	1922
585	982
585	1084
586	1907
586	1464
586	764
586	2279
586	1407
586	1912
587	943
588	1940
588	1088
588	2220
588	1430
589	1886
589	1146
589	2320
590	1749
590	848
590	1136
591	1150
591	641
591	735
591	2025
592	1730
592	1797
592	794
593	620
593	1649
593	2225
593	1563
593	1543
593	2123
593	1890
593	711
594	1094
594	1509
594	624
594	825
594	1046
594	649
595	805
595	981
595	1454
595	1694
595	1233
595	1985
595	1374
595	2316
596	747
596	881
597	692
597	2110
597	1303
597	762
598	1086
598	1557
598	2303
599	1620
599	1306
599	2193
599	737
600	1914
600	2248
600	845
601	1614
601	2176
602	2233
602	2159
602	2172
602	1517
603	1038
603	845
604	2036
604	2012
605	1510
605	1885
605	1117
605	2288
606	888
606	1885
606	2288
607	1025
607	2219
607	1943
607	952
607	2259
607	1548
607	1379
607	1734
608	1388
608	1925
608	1842
608	1880
608	711
608	1536
609	663
609	927
609	2028
609	676
609	1289
609	1593
609	2288
609	1891
609	1460
609	1299
609	903
609	1799
610	881
610	1291
610	1756
610	1009
610	1831
610	1699
610	1315
610	1991
610	852
610	2040
610	1173
610	1124
610	1459
611	757
611	2145
612	1727
612	830
612	2113
612	2134
612	1220
613	805
613	944
613	1454
613	1836
613	2118
613	2171
613	2316
614	2175
614	661
615	988
615	1341
615	1750
615	627
615	718
615	928
615	1996
615	1066
615	1387
615	1658
615	1959
615	2292
615	1201
616	817
616	1058
616	1600
616	1184
617	1662
617	2167
617	883
618	2272
618	1040
618	2018
618	711
619	1511
619	1666
619	748
619	2053
620	1563
620	711
621	1405
621	919
621	2295
622	1281
622	1863
622	948
622	2089
622	1379
622	639
622	993
622	1106
623	1896
623	2065
623	1968
624	1046
625	2305
625	1148
625	1835
625	1328
626	1629
626	1238
627	988
627	1750
627	2292
627	1066
627	1201
627	1658
628	1232
628	783
628	1855
628	2238
628	1808
628	1323
628	1715
629	1032
629	1085
629	1764
629	1253
630	1533
630	754
630	951
630	2009
631	1863
631	1441
631	1713
632	784
632	975
632	1039
632	1096
632	1262
632	1333
632	1385
632	1397
632	1918
632	1944
632	2059
632	2069
632	955
632	992
632	1010
632	1030
632	1255
632	2026
632	2209
632	859
632	1448
632	1418
632	2044
632	879
632	2005
632	1363
632	1668
633	1332
633	820
634	1268
634	1935
634	1709
635	1482
635	1497
635	1743
635	1794
635	1906
635	1158
635	2223
635	1095
636	1143
636	1292
637	1562
637	840
637	2062
637	916
637	1315
637	1391
637	2091
637	2040
638	2198
638	1699
639	1281
639	1863
639	1106
639	948
639	2089
639	1379
639	993
640	1039
640	2257
640	1345
640	1617
640	2251
640	989
640	1793
641	1150
641	735
641	2025
642	1540
642	1081
642	960
642	1643
642	1369
642	734
642	696
642	750
642	1535
642	751
643	1672
643	2165
644	981
644	1694
645	911
645	1491
646	1336
647	1701
647	2277
647	1824
647	1861
647	2083
647	1506
647	1964
647	2246
647	1850
648	1326
648	660
648	711
648	1131
649	664
649	1094
649	1099
649	1268
649	1509
649	1585
649	1664
649	1895
649	2140
649	852
649	885
649	990
649	1105
649	1245
649	1290
649	1534
649	1699
649	2040
649	2128
649	811
649	825
649	979
649	1413
649	1438
649	1488
649	2198
649	1076
649	716
649	1739
649	914
649	1663
650	1710
650	2299
650	1905
650	2150
650	1377
650	1656
650	1612
651	1860
651	884
651	1395
651	2079
651	1021
652	971
652	2272
652	1314
652	695
653	1338
653	1522
653	993
653	1932
654	1413
654	1008
654	880
655	796
655	1699
655	1753
655	2323
655	762
655	716
655	2198
656	1051
656	1373
656	1213
656	1777
656	1093
656	1159
657	839
657	934
657	1035
657	2206
657	1265
657	2117
657	1325
659	1152
660	1326
660	711
660	1131
661	2175
661	1414
661	1422
662	846
662	1436
662	1738
663	676
663	1289
663	1593
663	2288
663	903
664	1787
664	2304
664	1290
664	2033
664	1371
664	1924
664	1144
664	1537
664	1193
664	1895
664	716
664	720
664	991
664	1585
664	1236
664	2198
664	1864
664	2201
664	754
664	1667
664	1246
665	871
666	1270
666	1331
666	1896
666	1634
666	1697
666	2296
666	2315
666	1198
667	1326
667	2011
667	2057
667	2169
667	711
667	1109
667	2319
667	1054
667	1742
667	2030
667	1129
667	866
668	1034
668	1481
668	936
668	1724
668	876
668	2314
668	1577
669	1627
669	1987
669	2151
669	1931
670	1429
670	1816
670	724
670	2181
670	1876
670	1316
671	2052
671	2180
671	892
671	1007
671	1410
671	2097
671	700
671	1156
671	1575
671	1677
672	697
672	1484
672	1588
672	1120
672	1661
672	717
672	1268
673	1150
673	1697
674	1284
674	965
674	2176
674	708
674	1538
674	951
674	2194
674	1048
674	1623
674	1354
674	1236
674	1903
674	1126
674	754
674	1488
675	1723
675	1274
675	2017
675	1426
676	1289
676	1593
676	2288
676	903
677	1727
677	2035
677	1252
677	1711
677	1552
678	1212
678	812
678	1986
678	702
678	1858
678	1101
679	2200
679	1731
679	1666
679	1134
680	1268
680	1693
680	791
681	1697
681	1171
681	941
681	904
681	744
682	1166
682	1015
682	2056
682	2119
683	2133
683	1200
683	1949
684	925
684	1361
684	886
684	967
684	1754
684	1396
684	1930
684	2081
684	1626
684	1132
685	939
685	1645
685	1647
685	1189
685	1420
685	2296
685	1198
686	1025
686	1894
686	1000
687	940
687	1513
687	1260
688	1685
688	1017
689	1329
689	1430
689	1448
689	1546
689	1014
689	2220
690	889
690	1165
690	1746
691	701
691	1047
691	1284
691	1075
691	754
691	1782
691	2286
691	2127
691	1298
691	1236
692	2110
692	1303
692	762
693	1760
693	1856
693	1504
693	1656
694	2034
694	730
694	1883
694	1287
694	1345
694	1979
694	1188
695	1087
695	1269
695	1463
695	2236
695	868
695	1092
695	1574
695	704
695	971
695	1631
695	2272
695	2318
695	1314
695	1596
696	1081
696	1369
696	734
696	750
696	1535
696	751
697	717
697	809
697	1268
697	1588
697	860
697	1120
697	1484
697	1661
697	1805
697	1075
697	2063
697	1839
698	2129
698	1983
698	1391
698	2051
698	1922
698	2092
698	1007
698	2302
698	2180
699	2180
699	1007
699	2054
699	1247
700	2097
701	1284
701	1075
701	1047
701	754
701	1782
701	1340
701	2286
701	1210
701	2127
701	1298
701	1236
703	846
703	1789
703	1319
703	2203
703	1678
703	962
703	712
704	1463
704	1092
704	1574
704	971
704	1314
704	1596
705	786
705	1570
705	1765
705	2080
705	1670
705	1953
705	1180
705	950
705	1838
705	1832
705	1719
706	1322
707	1449
707	2182
707	1349
707	1496
707	1027
707	1847
708	1623
708	2176
708	1903
708	1284
708	951
708	1126
708	754
708	1236
709	1272
709	1675
709	1486
709	2121
709	1888
710	1707
710	808
710	1003
710	2278
711	1326
711	1489
711	1649
711	1679
711	1954
711	2011
711	2057
711	2169
711	2284
711	2272
711	2024
711	1915
711	2027
711	774
711	2030
711	1563
711	1594
711	1640
711	1880
711	866
711	1178
711	1109
711	1925
711	1842
711	2111
711	1040
711	1890
711	1811
711	2082
711	1536
711	1539
711	2225
711	2290
711	1388
711	2319
711	1543
711	2123
711	1054
711	1742
711	1129
711	2204
711	2018
711	1445
711	1131
712	846
712	1319
712	1678
712	1789
712	2203
712	962
713	1878
713	1167
714	1875
714	1974
715	1740
715	1063
716	1099
716	1268
716	1509
716	1553
716	1585
716	1664
716	1895
716	2140
716	852
716	885
716	990
716	1105
716	1245
716	1290
716	1534
716	1699
716	1864
716	2040
716	2128
716	979
716	1413
716	1438
716	1488
716	2198
716	1739
716	914
716	1663
717	1484
717	1588
717	1120
717	1661
717	1268
718	1387
718	1658
719	746
719	2068
719	1248
720	1246
720	1787
720	1924
720	1537
720	2304
720	1667
721	2169
721	1833
722	1018
722	893
722	2016
722	2242
722	2255
722	1879
722	2060
722	1604
722	1556
723	2235
724	1429
724	1816
724	2181
724	1876
724	1316
725	2079
725	1380
725	1860
725	1958
725	1176
726	738
726	805
726	1085
726	2325
726	1615
726	1055
726	1477
726	842
726	1253
726	1423
726	1780
726	1149
727	2133
727	1527
728	1309
728	1754
728	772
728	1635
728	1467
728	1532
728	1501
729	1365
729	1472
729	1866
730	2034
730	1188
730	1287
731	1393
732	2205
732	1925
732	2020
733	800
733	815
733	1633
733	850
733	1933
733	1785
733	1357
733	865
733	1949
733	1027
733	2271
734	750
734	1081
734	1369
734	1535
734	751
735	1150
735	2025
736	1174
736	1433
736	1873
736	1960
736	1468
736	1112
736	754
736	1236
737	1114
737	1492
737	1620
737	777
737	930
737	1209
737	2132
737	1306
737	2193
737	1825
737	824
737	900
737	1191
738	1615
738	1055
738	2325
738	1477
738	1085
738	805
738	842
738	1253
738	1423
738	1780
738	1149
739	776
739	1448
739	1014
739	961
739	1877
739	1946
740	1493
740	853
741	1483
741	1490
741	1923
742	839
742	1628
742	790
742	1160
742	1348
742	1729
742	2310
742	1564
742	2117
743	966
743	1937
743	2199
743	1401
743	2040
743	1400
744	1268
744	1697
744	1258
744	1171
744	941
744	904
745	1186
745	1684
745	1286
745	1020
746	1741
746	1916
746	2068
746	1248
747	881
748	1666
748	1511
748	2053
749	1970
750	1081
750	1369
750	1535
750	751
751	1081
751	1535
751	1369
752	1669
752	1261
752	1702
753	958
753	2237
753	2117
753	2094
754	801
754	1047
754	1174
754	1354
754	1433
754	1623
754	1868
754	1934
754	2184
754	1193
754	1340
754	1538
754	1801
754	1873
754	1960
754	2009
754	2127
754	2176
754	2201
754	951
754	1126
754	1210
754	1468
754	1782
754	1903
754	2033
754	2194
754	2286
754	1284
754	1831
754	1371
754	1298
754	1112
754	1301
754	1075
754	1533
754	1236
754	1437
754	2245
755	2144
755	2046
756	1019
756	2036
756	1502
757	2145
758	1822
759	828
759	1227
759	1257
759	2186
759	1520
760	1977
760	853
760	1774
760	1399
760	1125
761	771
761	788
761	1870
762	901
762	1303
762	1699
762	1721
762	792
762	2110
762	2198
762	765
763	918
764	1907
764	1464
764	2279
764	1407
765	901
765	1721
765	792
766	1122
766	2045
766	885
766	2152
766	2198
766	1061
767	1522
767	1895
767	2058
767	1813
768	973
768	965
768	1895
768	1048
768	1026
768	1488
768	2041
768	946
768	1108
769	1280
769	1608
769	2130
769	863
769	2066
769	1291
769	1245
769	901
769	1693
769	825
770	2296
770	2198
770	875
771	788
771	1870
772	1309
772	1754
772	1635
772	1532
772	1467
772	1318
772	2203
772	1423
772	1501
773	1964
773	1798
774	1489
774	1539
774	1445
774	1915
774	2027
774	2082
774	1811
775	1466
775	1172
775	1599
776	1448
776	1014
776	1321
776	1946
776	1918
777	1114
777	1620
777	1306
777	1825
777	900
778	2173
778	1671
778	887
778	1950
779	1855
780	1920
780	2253
780	2022
780	2093
780	2311
780	880
781	1516
781	1641
781	1966
781	1077
781	845
782	974
782	1352
782	1381
782	1185
782	1294
782	1554
783	1232
783	2238
783	1808
784	1363
784	2005
784	1944
785	815
785	1276
785	1200
785	1759
786	1765
786	950
786	1376
786	1838
786	1900
786	918
786	2266
786	1478
786	898
786	1107
786	1688
787	1709
787	1982
788	1870
789	1281
789	1863
789	2032
789	1379
789	889
790	839
790	1628
790	1160
790	1348
790	1729
790	2117
790	1564
790	2310
791	1268
791	1693
791	990
791	1105
791	2324
791	1462
791	812
792	901
792	1721
793	1607
793	1183
793	977
794	1367
794	1730
794	845
794	922
794	1797
794	855
795	2007
795	1636
795	798
796	2198
797	1148
797	2101
798	1586
798	1636
798	871
798	1278
798	2007
799	2136
799	2234
799	2163
799	1092
799	1591
800	850
801	1934
801	1301
801	1047
801	1782
801	1210
802	2098
802	1218
802	1268
803	1650
804	2248
804	845
805	1985
805	1673
805	2171
805	1253
805	1454
805	1921
805	1070
805	2282
805	1374
805	1836
805	2316
805	2252
805	944
805	1423
805	1044
805	981
805	2118
805	1149
805	1615
805	1013
805	1350
805	1477
805	1085
805	842
805	1230
805	1508
805	1780
805	1233
805	1055
805	1694
805	2325
807	1382
807	1622
807	2240
807	2249
807	1221
807	1049
807	2165
808	1707
808	2216
808	1469
808	2196
808	1003
808	2278
808	1919
809	860
809	1075
809	2063
809	1839
809	1805
810	1150
810	2226
810	1447
811	1895
811	953
811	1311
811	1211
812	1132
812	1162
812	1509
812	1997
812	990
812	1105
812	1313
812	2040
812	2199
812	2324
812	1101
812	1133
812	1858
812	1462
812	880
812	914
812	1239
812	995
812	1827
812	1951
813	1824
814	1736
814	1925
815	1759
815	1785
815	1276
815	1293
815	1200
815	1949
815	2271
816	1570
816	1869
816	877
816	2289
817	1600
817	1184
817	1442
817	1542
817	2287
817	906
818	931
819	1033
819	1622
819	1771
819	1779
819	899
820	1231
820	1332
820	1457
820	1150
820	1475
820	1062
820	1605
821	1972
821	1988
821	2179
822	1285
822	1288
822	1927
822	1343
822	1725
822	1565
822	1795
822	1994
822	1022
823	1913
823	1351
824	1492
824	930
824	1209
824	2132
824	1191
825	1094
825	1291
825	1509
825	1693
825	901
825	1245
825	1608
825	863
826	1150
826	1153
826	873
827	1157
827	1132
827	1162
827	1951
828	1257
829	1203
830	1220
830	1727
830	2113
830	2134
831	1432
831	2031
831	2067
831	2073
831	2127
831	1234
831	1747
831	1788
832	1619
832	1292
833	2109
833	2208
833	1192
833	2049
833	2301
834	1603
835	1657
835	1375
836	1256
837	1413
838	2066
839	1412
839	1952
839	1135
839	2206
839	934
839	1564
839	1035
839	2310
839	1993
839	2117
839	1348
839	1729
839	1265
839	1160
839	959
839	1628
839	1325
840	1610
840	1997
840	1955
840	916
840	2062
841	1416
842	1085
842	2325
842	1055
842	1615
842	1780
842	1477
842	1253
842	1423
842	1149
843	1199
844	2321
845	1367
845	1516
845	1641
845	1914
845	1966
845	2205
845	2248
845	1409
845	932
845	2312
845	2313
845	1925
845	1038
845	1185
845	1077
845	1651
845	1579
845	1083
845	1202
845	922
845	855
846	2256
846	2265
846	1403
846	1558
846	1789
846	1319
846	2203
846	1611
846	1436
846	1678
846	962
846	1738
846	1682
847	1647
847	1198
847	1420
847	2296
848	1749
848	1136
849	1384
849	1748
849	1133
851	1098
851	1996
852	1991
852	2040
852	1488
853	1977
853	1125
853	1774
853	1399
853	1493
854	997
854	1859
854	1121
854	1402
855	1367
855	922
856	1616
856	2114
856	1483
856	1490
857	858
857	1525
857	925
857	967
857	2153
857	1048
858	925
858	2153
858	1048
858	967
858	1525
859	1096
859	1333
859	1385
859	2069
859	1030
859	2209
859	1418
860	1075
860	2063
860	1839
860	1805
861	1162
861	1925
861	2108
862	920
862	1365
863	1291
863	1693
863	901
863	1245
863	1608
864	1150
864	1872
864	1121
864	2029
864	1106
865	1933
865	1357
865	1027
866	2057
866	2169
866	1109
866	1742
866	2030
866	1054
867	1219
867	1687
867	2048
867	1886
867	1969
867	1090
867	1084
867	1624
868	1087
868	1092
869	1790
869	2036
869	994
869	1720
870	1602
870	1111
870	1339
870	1911
871	1586
871	1278
872	978
873	1150
873	1153
873	1901
873	2013
873	2139
873	2232
874	1190
874	983
874	1983
874	1213
874	2143
875	2296
875	2198
876	1034
876	1481
876	936
876	1197
876	1724
876	2314
876	2023
876	1458
876	1470
877	1570
877	1390
877	1358
877	1869
877	1939
878	1379
878	1800
879	1039
879	1918
879	924
879	1975
879	1448
879	2231
880	1008
880	1071
880	1920
880	2253
880	1473
880	2022
880	2040
880	2093
880	2199
880	1133
880	1413
880	2311
880	907
881	1739
881	1904
881	1009
881	1831
881	1699
881	1315
881	1601
881	1991
881	1291
881	1173
881	1124
882	1267
883	1016
883	1662
883	2036
883	2167
883	1824
883	2197
883	1881
884	2079
884	1860
884	1395
884	1021
885	1122
885	1509
885	2045
885	1245
885	2198
885	2152
885	1061
885	990
886	1626
886	1361
886	1754
886	2081
886	925
886	967
886	1396
887	2173
887	1671
887	1950
888	1885
888	2288
889	1165
889	1281
889	2032
889	1961
889	1746
889	1767
889	1074
889	1379
889	1653
889	2085
889	1583
889	1863
889	1828
889	1703
889	1870
890	1952
890	1695
890	2096
890	1240
890	1885
890	2211
890	2006
891	2235
891	1052
892	2052
893	1018
893	2060
893	1556
893	1604
893	2016
893	2242
893	1879
893	2255
894	1067
894	1311
894	1283
894	1339
894	1513
895	1304
895	1584
895	1995
895	2210
895	2196
896	2077
896	1336
897	1625
897	2243
897	1880
897	1386
898	1376
898	918
899	1033
899	1622
899	1771
899	1779
900	1114
900	1306
900	2047
900	1825
900	1637
901	1291
901	1693
901	1608
901	1245
901	1721
902	2140
902	1860
903	1593
903	1606
903	1762
903	1289
903	1846
903	2288
904	941
904	1171
905	2096
905	1545
905	2100
905	1082
906	2074
906	1600
906	1442
906	1542
906	2287
907	1071
908	1672
909	1029
909	2036
910	1215
910	1246
910	1144
911	1216
911	2003
911	1491
912	1045
912	1598
912	2099
912	2230
912	2042
913	1228
913	1522
913	2141
913	1650
913	1518
914	1509
914	1313
914	2128
914	1827
915	1465
915	1072
915	1744
915	956
917	1701
917	1823
918	1765
918	1376
918	950
919	1139
919	1405
919	1079
919	1400
919	1722
919	2254
919	2295
920	927
920	1365
920	1999
920	2177
920	1639
920	1770
920	1866
920	1037
920	1926
920	2086
920	2198
920	2224
920	1308
920	1976
921	1042
921	1070
921	2297
921	2158
921	1686
922	1367
923	998
923	1168
923	2104
923	1581
924	1448
924	2231
924	1975
925	1132
925	1525
925	1626
925	1361
925	1754
925	1930
925	2081
925	967
925	2153
925	1048
925	1396
926	1411
926	1705
927	1037
927	1299
927	1976
927	2028
927	1365
927	1891
927	1460
927	2224
927	1799
928	1341
928	1996
928	1300
928	1264
928	1936
928	1989
928	1959
928	1867
928	1104
928	1528
928	1446
929	2009
929	1593
930	1492
930	2132
930	1209
930	1191
931	1646
932	1043
932	2169
932	1500
932	1054
932	1344
932	1031
932	2090
932	1733
932	1254
932	1651
932	2262
932	1118
933	2282
933	1802
933	2272
933	1985
933	2183
933	2316
933	1508
933	1454
933	1555
934	2206
934	1265
934	2117
934	1035
935	2276
935	976
935	1676
935	2298
935	1791
935	1036
936	1034
936	1481
936	2314
936	1197
936	2023
936	1577
936	1724
936	1458
936	1470
937	1296
937	1718
938	1566
938	1632
939	1198
939	1420
939	1647
939	1189
939	2296
940	1513
940	1260
941	1171
942	1560
942	2211
942	1117
942	2288
944	1836
944	2316
944	2171
944	1454
944	2118
945	1150
945	2095
946	1108
946	1895
946	2264
946	965
946	1488
946	2041
946	2154
947	1335
947	1886
947	2043
947	1417
947	1962
947	2087
947	1263
948	1281
948	1863
948	1106
948	2089
948	1379
948	993
949	2212
950	1765
950	1376
950	2080
951	1623
951	1064
951	1753
951	2009
951	2176
951	1903
951	1284
951	1126
951	1533
951	1992
951	1236
952	1025
952	2219
952	2259
952	1943
952	1548
952	1379
952	1734
953	1211
954	1410
955	975
955	1262
955	1397
955	1041
955	1666
955	1255
956	1744
956	1072
956	1465
957	1068
957	1855
957	1142
957	2241
957	1141
958	2094
958	2237
958	2117
959	1412
959	1135
959	1993
960	1540
960	1400
960	1643
961	1448
961	1014
961	1751
961	1877
962	1319
962	1678
962	1789
962	2203
963	2072
963	1394
963	1443
964	1977
964	996
964	2202
964	1684
964	1217
964	1774
964	1125
965	1026
965	1108
965	1895
965	1420
965	973
965	2041
965	1048
965	1488
966	2199
966	1401
966	1937
966	2040
966	1400
967	1525
967	1626
967	1361
967	1754
967	1930
967	2081
967	2153
967	1048
967	1396
968	1169
968	2200
968	1123
968	1485
968	1084
969	2126
969	2134
970	1205
970	1277
970	1822
970	2116
970	2166
970	1567
970	2189
971	1087
971	1269
971	1463
971	2236
971	1092
971	1574
971	1314
971	1596
971	1631
971	2318
971	2272
972	1629
972	1832
973	1375
973	1488
973	1491
973	2213
973	1048
974	1352
974	1185
974	1294
974	1381
974	1554
975	1262
975	1397
975	1255
976	2276
976	2298
976	1676
976	1791
976	1036
977	1277
977	2281
979	1099
979	2140
979	2198
980	1766
980	1830
980	2285
980	1875
981	1694
981	1374
981	1985
981	2316
981	2228
981	1172
981	1454
981	1517
981	1233
982	1084
983	1190
983	2143
983	1983
983	1213
984	1146
984	1886
984	2320
985	1947
985	2034
985	2115
985	2221
985	2318
986	2138
986	1282
986	1289
986	2288
988	1750
988	2292
988	1066
988	1201
988	1658
989	1039
989	2240
989	1209
989	1980
989	2257
989	1065
989	1306
989	1345
989	1617
989	2251
989	1793
989	1853
989	1355
989	1908
990	1509
990	1462
990	1245
990	1534
990	1739
990	1413
990	1105
990	2324
991	1246
992	1039
992	1918
992	1448
992	1010
992	2026
993	1047
993	1281
993	1592
993	1863
993	2164
993	2084
993	2300
993	1106
993	1338
993	1522
993	1932
993	2089
993	1379
994	1790
994	1843
994	2036
994	2148
994	1720
994	1964
994	2050
994	1798
995	1132
995	1162
995	1239
995	1951
996	1977
996	1125
996	1774
996	1217
997	1121
997	1402
997	1859
998	1581
998	1168
998	2104
999	1007
999	1450
1000	1025
1000	1894
1001	1812
1001	1259
1001	1746
1001	2187
1002	1181
1002	2131
1002	1311
1002	1851
1003	1102
1003	1378
1003	1707
1003	1728
1003	2216
1003	1007
1003	1469
1003	1514
1003	1660
1003	2196
1003	2217
1003	2278
1003	1919
1003	1391
1003	1439
1004	1207
1004	1169
1005	1626
1005	1116
1005	1963
1006	1243
1006	1925
1006	1860
1006	1880
1007	1728
1007	1761
1007	2180
1007	2302
1007	1983
1007	1450
1007	1524
1007	1677
1007	1922
1007	1575
1007	1391
1007	2051
1007	2129
1007	2054
1007	2092
1007	1247
1008	1413
1009	1291
1009	1699
1009	1991
1009	1124
1010	1039
1010	1918
1010	1448
1010	2026
1011	1216
1011	1115
1011	1422
1011	1704
1012	2133
1012	1498
1013	1477
1013	2316
1013	1253
1013	1921
1014	1329
1014	1918
1014	2261
1014	1321
1014	1448
1014	1546
1014	1946
1014	1877
1015	1166
1015	2056
1015	2119
1016	1662
1016	1541
1018	1604
1018	2016
1018	1879
1019	1502
1019	2036
1020	1186
1020	1684
1020	1286
1021	2079
1021	1860
1021	1395
1022	1285
1022	1343
1022	1795
1022	1927
1022	1288
1022	1725
1022	1565
1023	1238
1024	1907
1024	1299
1025	1943
1025	1894
1025	2259
1025	1548
1025	2219
1025	1379
1025	1734
1026	1895
1026	1048
1026	1341
1026	1488
1026	1108
1027	1496
1027	1933
1027	2182
1028	1347
1029	1421
1029	2036
1030	1096
1030	1333
1030	1385
1030	2069
1030	1418
1030	2209
1031	1043
1031	2169
1031	1054
1031	1344
1031	2090
1031	1254
1031	2262
1031	1118
1032	1764
1032	1085
1032	1253
1033	1622
1033	1771
1033	1779
1034	2314
1034	1197
1034	2023
1034	1577
1034	1481
1034	1724
1034	1470
1035	1848
1035	2173
1035	2206
1035	1265
1035	2117
1035	1515
1035	1325
1036	2276
1036	1676
1036	2298
1036	1791
1037	1162
1037	1365
1037	1925
1037	1080
1037	1819
1037	2224
1038	2313
1039	1448
1039	2026
1039	1918
1039	1793
1039	2251
1039	1345
1039	1306
1039	2257
1039	1617
1039	2193
1039	1622
1039	2198
1039	1404
1039	2240
1039	1364
1039	1209
1040	2018
1040	2272
1042	2297
1042	2158
1042	1070
1042	1686
1043	2169
1043	1054
1043	1344
1043	2090
1043	1254
1043	2262
1043	1118
1044	2282
1044	1985
1044	2316
1044	1230
1044	1454
1045	2099
1045	1598
1045	2230
1045	2042
1047	1284
1047	1298
1047	1301
1047	1075
1047	2286
1047	1934
1047	2084
1047	2127
1047	1236
1047	1782
1047	1592
1047	1210
1048	1108
1048	1525
1048	1895
1048	1420
1048	1488
1048	2153
1049	1382
1049	1622
1049	1884
1049	2000
1049	2240
1049	2249
1049	1221
1049	2165
1049	1317
1049	1214
1050	1383
1051	1373
1051	1213
1051	1777
1051	1113
1051	1093
1051	1656
1051	1159
1052	2235
1053	1097
1053	2290
1054	2057
1054	2169
1054	1109
1054	2262
1054	2030
1054	1254
1054	1344
1054	1118
1054	1742
1054	2090
1055	1085
1055	2325
1055	1615
1055	1477
1055	1253
1055	1423
1055	1780
1055	1149
1056	1942
1056	1133
1057	1492
1057	1209
1057	1551
1058	1184
1058	1841
1059	1797
1059	1549
1060	1483
1060	1490
1061	1122
1061	2045
1061	2152
1061	2198
1062	1150
1062	1475
1063	1740
1063	1471
1064	1903
1064	1753
1064	1992
1065	1980
1065	1853
1065	1716
1066	1750
1066	2292
1066	1201
1066	1658
1067	1283
1067	1339
1067	1513
1068	2059
1068	1855
1068	1141
1068	2241
1068	1142
1069	1271
1069	2011
1069	1897
1069	1613
1069	1148
1069	1849
1070	1454
1070	2282
1070	2168
1070	1985
1070	2297
1070	1673
1070	2316
1070	2158
1070	1138
1070	2252
1070	1576
1070	1508
1070	1686
1072	1744
1072	1465
1073	1582
1073	1690
1074	1828
1074	2085
1074	1583
1074	1870
1075	2127
1075	1782
1075	1805
1075	2286
1075	1284
1075	2063
1075	1298
1075	1839
1075	1236
1077	1516
1077	1641
1077	1966
1078	2036
1078	2050
1078	1483
1078	1490
1079	1139
1080	1162
1080	1829
1080	1925
1080	1140
1080	1440
1080	2224
1080	1819
1081	1337
1081	1814
1081	1369
1081	1535
1082	2096
1084	1687
1084	1852
1084	1169
1084	1969
1084	2070
1084	2200
1084	1123
1084	1624
1084	1485
1084	1090
1085	1253
1085	1764
1085	1423
1085	1149
1085	1615
1085	1477
1085	1780
1085	2325
1086	2303
1086	1557
1087	1631
1087	1092
1087	2318
1087	1314
1088	1940
1088	1430
1089	1529
1089	2124
1089	1121
1089	1302
1090	1687
1090	1969
1090	1624
1091	1285
1091	1322
1091	1288
1091	1714
1092	1269
1092	1463
1092	2236
1092	2136
1092	1631
1092	1574
1092	2318
1092	2234
1092	2163
1092	1314
1092	1591
1092	1596
1093	1213
1093	1159
1094	1509
1095	1482
1095	1497
1095	1743
1095	1794
1095	1906
1095	2223
1096	1418
1096	2209
1096	1333
1096	2069
1096	1385
1097	2290
1098	1996
1099	2140
1099	2198
1100	1249
1100	1506
1100	1964
1100	1798
1101	1858
1102	1439
1102	1660
1102	2217
1102	1378
1102	1514
1104	1936
1104	1867
1105	1509
1105	1462
1105	1739
1105	1413
1105	1534
1105	2324
1106	1281
1106	1863
1106	1150
1106	1872
1106	1121
1106	2029
1106	2089
1106	1379
1107	1362
1107	1688
1107	1878
1107	2266
1107	2135
1108	1895
1108	1488
1108	2041
1109	2057
1109	2169
1109	1742
1109	2030
1110	2327
1110	1483
1110	1490
1111	1602
1111	1339
1111	1911
1112	1174
1112	1433
1112	1873
1112	1960
1112	1468
1112	1236
1113	1213
1114	1306
1114	1825
1115	1216
1115	1704
1116	1626
1116	1963
1117	1560
1117	1510
1117	1885
1117	2211
1117	2288
1118	2169
1118	2262
1118	1344
1118	2090
1118	1254
1119	1609
1119	2160
1119	1652
1119	1708
1120	1268
1120	1588
1120	1484
1120	1661
1121	1177
1121	1529
1121	1562
1121	2147
1121	1150
1121	1642
1121	1859
1121	1872
1121	1675
1121	1984
1121	2008
1121	2095
1121	2232
1121	2029
1121	1359
1121	1402
1122	2198
1122	1815
1122	2152
1122	2045
1123	1852
1123	1169
1123	2200
1123	1485
1124	1291
1124	1512
1124	1531
1124	1699
1124	1991
1124	1244
1124	2230
1124	2322
1125	1977
1125	1217
1125	1774
1125	1399
1126	1623
1126	2176
1126	1903
1126	1284
1126	1236
1127	2270
1127	1236
1127	1226
1128	1705
1129	1326
1129	2011
1129	2319
1130	2134
1131	1326
1132	1162
1132	1239
1132	1951
1132	1157
1132	1930
1133	1942
1133	2040
1133	2199
1133	1748
1133	1384
1134	1666
1134	2200
1134	1731
1135	1412
1135	1993
1136	1749
1137	2251
1137	1740
1137	1773
1138	1576
1138	2168
1140	1327
1140	1829
1141	1855
1141	1142
1141	2241
1142	1855
1142	2241
1143	1292
1144	1215
1144	1246
1144	1787
1145	2269
1145	1840
1145	1712
1145	1820
1145	2086
1146	1219
1146	1544
1146	1776
1146	1726
1146	1886
1146	2192
1146	1941
1146	2320
1147	1755
1147	1771
1147	1938
1148	1268
1148	1392
1148	2011
1148	2190
1148	1279
1148	2274
1148	1495
1148	2305
1148	2101
1148	1917
1148	1957
1148	1835
1148	1613
1148	1849
1148	1897
1148	1732
1148	1271
1148	1589
1148	1666
1148	1328
1149	2325
1149	1615
1149	1780
1149	1477
1149	1253
1149	1423
1150	1231
1150	1457
1150	1562
1150	1872
1150	2025
1150	2029
1150	1447
1150	1605
1150	1929
1150	1424
1150	1153
1150	2226
1150	1475
1150	2230
1150	1901
1150	2232
1150	1697
1150	2013
1150	2095
1151	2076
1151	1885
1153	2013
1154	1618
1154	2161
1155	1768
1155	2004
1155	2294
1155	1565
1155	1383
1155	1312
1157	1162
1157	1951
1158	1497
1158	1743
1158	1794
1158	1906
1158	2223
1159	1373
1159	1213
1159	1777
1160	1431
1160	1609
1160	1307
1160	1628
1160	1194
1160	1348
1160	1729
1160	2174
1160	1564
1160	2117
1160	2310
1160	1248
1161	1530
1162	1925
1162	2108
1162	2224
1162	1819
1162	1239
1162	1951
1163	1203
1163	1745
1164	1841
1165	1746
1166	2056
1166	2119
1167	1878
1168	1581
1168	2104
1169	1207
1169	1485
1169	2200
1170	2227
1172	1466
1172	1599
1172	1694
1172	2228
1172	1517
1173	1831
1173	1699
1173	1315
1174	1873
1174	1433
1174	1468
1174	1960
1174	1236
1175	1778
1176	2079
1176	1380
1176	1958
1176	1860
1177	1984
1177	1359
1178	1954
1178	2204
1178	2024
1178	2111
1179	2214
1179	1681
1180	1670
1181	1851
1182	1521
1182	1655
1182	1308
1182	1578
1183	1607
1184	1600
1185	1352
1185	1966
1185	1381
1185	1294
1185	1554
1185	1579
1186	1286
1186	1684
1187	1390
1188	2034
1188	1287
1189	1647
1189	1198
1189	1420
1189	2296
1190	1983
1190	1213
1190	2143
1191	1492
1191	1209
1191	2132
1192	2109
1192	2208
1192	2049
1192	2301
1193	2201
1193	2033
1193	1371
1193	1236
1194	1431
1194	1609
1194	1628
1194	1248
1195	1461
1195	1251
1195	1372
1196	2147
1197	1481
1197	1724
1197	1458
1198	1270
1198	1645
1198	1647
1198	1896
1198	1420
1198	1634
1198	2296
1198	2315
1200	1276
1200	2133
1200	1949
1200	1759
1201	1750
1201	1658
1201	2292
1202	2312
1203	1745
1204	2134
1205	2116
1205	1277
1205	2166
1205	1567
1205	2189
1205	1822
1206	1628
1208	2135
1208	2146
1209	1492
1209	2240
1209	1306
1209	2257
1209	2251
1209	2132
1209	1551
1210	1547
1210	1934
1210	1340
1210	1301
1210	1782
1210	1595
1210	1236
1212	1858
1212	1986
1213	1373
1213	1656
1213	2143
1213	1983
1213	1777
1214	1317
1215	1246
1216	1775
1216	2207
1216	1704
1216	2003
1217	1977
1217	1774
1218	1268
1218	2098
1219	2106
1219	2192
1219	1886
1219	2048
1219	1624
1219	1941
1219	1726
1220	1727
1220	2113
1220	2134
1221	1382
1221	1622
1221	1978
1221	2240
1221	2249
1221	1569
1222	1229
1222	1241
1222	1885
1223	1851
1224	1368
1224	1524
1225	2222
1225	1654
1225	2321
1226	2270
1226	1236
1228	1518
1228	1650
1228	2141
1228	1522
1229	1241
1229	1885
1230	2282
1230	1985
1230	2316
1230	1454
1231	1475
1231	1457
1231	1605
1232	2107
1232	2238
1232	1808
1233	1454
1233	1694
1233	1374
1233	1985
1233	2316
1234	1432
1234	2031
1234	2067
1234	2073
1234	2147
1234	1278
1234	1893
1234	2127
1234	1788
1234	1747
1235	1389
1235	1683
1235	1898
1235	1948
1236	1354
1236	1433
1236	1623
1236	1340
1236	1538
1236	1873
1236	1960
1236	2127
1236	2176
1236	2201
1236	2270
1236	1468
1236	1782
1236	1903
1236	2033
1236	2194
1236	2286
1236	1284
1236	1371
1236	1298
1237	2273
1238	1629
1239	1925
1239	1880
1239	1819
1239	1505
1239	1951
1240	1952
1240	2006
1240	1695
1240	2096
1240	1885
1240	2211
1241	1885
1242	1664
1242	1956
1243	1860
1243	1925
1243	1880
1244	1512
1244	1531
1244	2322
1245	1291
1245	1509
1245	1693
1245	1608
1246	1924
1246	1537
1246	1787
1246	2304
1246	1667
1246	2198
1247	1761
1247	2180
1247	2054
1247	1524
1248	1431
1248	1609
1248	1741
1248	1628
1248	1916
1248	2068
1249	1506
1249	1964
1249	1798
1250	1895
1250	2264
1251	1461
1251	1372
1252	1727
1252	2035
1252	1711
1252	1552
1253	2325
1253	1615
1253	1780
1253	1423
1253	1477
1253	1921
1253	1764
1253	2316
1254	2169
1254	2262
1254	1344
1254	2090
1255	1262
1255	1397
1256	1786
1256	2283
1256	1659
1258	1268
1259	1812
1259	1746
1259	2187
1260	1513
1261	1669
1261	1702
1262	1397
1263	1335
1263	1886
1264	1936
1264	1996
1264	1989
1264	1300
1264	1446
1265	2117
1266	1377
1268	2098
1268	1709
1268	2140
1268	1613
1268	1935
1268	1693
1268	2198
1268	1484
1268	1271
1268	1588
1268	1438
1268	2011
1268	1661
1268	1699
1268	1663
1269	1463
1269	2236
1270	2315
1270	1896
1270	1634
1270	2296
1271	1693
1271	2011
1271	1897
1271	1613
1271	1849
1272	2121
1272	1675
1272	1486
1272	1888
1273	1871
1274	1723
1274	2017
1274	1426
1276	1759
1277	2116
1277	2281
1277	2166
1277	1567
1277	2189
1277	1822
1278	1586
1278	2147
1278	1893
1279	2011
1279	1917
1280	1693
1280	2130
1280	1674
1280	2066
1281	1653
1281	1767
1281	1863
1281	1703
1281	2089
1281	2032
1281	1379
1281	1961
1282	2138
1282	1289
1282	2288
1283	1513
1283	1339
1284	1623
1284	2127
1284	2176
1284	1782
1284	1903
1284	2286
1284	1298
1285	1288
1285	1927
1285	1322
1285	1343
1285	1725
1285	1565
1285	1714
1285	1795
1286	1684
1287	2034
1288	1322
1288	1343
1288	1795
1288	1927
1288	1725
1288	1565
1288	1714
1289	2138
1289	1593
1289	2288
1290	1585
1290	1895
1291	1608
1291	1699
1291	1991
1291	1693
1292	1619
1292	1857
1293	1949
1294	1352
1294	1381
1294	1554
1295	2107
1296	1718
1297	1939
1298	2127
1298	1782
1298	2286
1299	1891
1299	1907
1299	1460
1299	1799
1299	2268
1299	2028
1300	1936
1300	1996
1300	1989
1300	1446
1301	1934
1301	1782
1302	2124
1303	2110
1304	2196
1305	1717
1305	1814
1306	1620
1306	1622
1306	2240
1306	2257
1306	1637
1306	2251
1306	1345
1306	2193
1306	2047
1306	1825
1307	2174
1307	1628
1308	1365
1308	1999
1308	2177
1308	1521
1308	1578
1308	1770
1308	1866
1308	1926
1308	2086
1308	1655
1309	1635
1309	1467
1309	1532
1309	1754
1309	1501
1310	1324
1310	1694
1310	1945
1310	1783
1310	2102
1310	1646
1310	1526
1311	2131
1311	2293
1311	1851
1311	2250
1311	1844
1312	1768
1312	2004
1312	2294
1312	1565
1312	1383
1313	1509
1313	1827
1314	1463
1314	1574
1314	1631
1314	2272
1314	2318
1314	1596
1315	1831
1315	1699
1315	2040
1316	1429
1316	1816
1316	1876
1316	2181
1318	1754
1318	1467
1318	2203
1318	1423
1319	1789
1319	2203
1319	1678
1320	1973
1321	1918
1321	1448
1322	1714
1323	1715
1324	1646
1324	1945
1324	2102
1324	1526
1325	2117
1326	2011
1326	2319
1328	2305
1328	1835
1329	1448
1329	1546
1330	2267
1330	2134
1331	1697
1333	1418
1333	2209
1333	2069
1333	1385
1334	1370
1334	1705
1335	1417
1335	1886
1335	2043
1335	1962
1335	2087
1336	2077
1337	1814
1338	1522
1338	1932
1339	1602
1339	1513
1339	1911
1341	1996
1341	1895
1341	1959
1341	1528
1342	1732
1342	1589
1343	1927
1343	1725
1343	1565
1343	1795
1344	2169
1344	2262
1344	2090
1345	1622
1345	1883
1345	2257
1345	1617
1345	2193
1345	2251
1345	1979
1345	1793
1348	1628
1348	1729
1348	1564
1348	2117
1348	2310
1349	1847
1349	1449
1350	1454
1350	1836
1351	1913
1352	1381
1352	1554
1353	1895
1354	1538
1354	2194
1355	2251
1356	2019
1356	1407
1356	2326
1358	1390
1359	1984
1360	1365
1360	2122
1360	1976
1361	1626
1361	1754
1361	1396
1361	2081
1362	1878
1363	1944
1363	2005
1364	1448
1364	2198
1364	1404
1365	1639
1365	2177
1365	1926
1365	1999
1365	1770
1365	2224
1365	1472
1365	2122
1365	1976
1365	2086
1365	2198
1365	1866
1366	2273
1368	1524
1369	1535
1370	1705
1371	2201
1371	2033
1372	1461
1373	1777
1374	1454
1374	1694
1374	1985
1374	2316
1375	1657
1375	2308
1375	1491
1375	2213
1376	1765
1376	1900
1376	1838
1376	1478
1377	1710
1377	2299
1377	1612
1377	1656
1377	1905
1377	2150
1378	1439
1378	1660
1378	2217
1378	1514
1379	1767
1379	1863
1379	1961
1379	2219
1379	1653
1379	2032
1379	2259
1379	1548
1379	1943
1379	1800
1379	1734
1379	2089
1379	1703
1380	2079
1380	1860
1380	1958
1381	1554
1382	2249
1382	1622
1382	2165
1382	2000
1382	2240
1383	1768
1383	2004
1383	2294
1383	1565
1384	1748
1385	1418
1385	2209
1385	2069
1386	1880
1386	2243
1387	1658
1388	1925
1388	1842
1388	1880
1388	1536
1389	1683
1389	1948
1390	1573
1391	1562
1391	1728
1391	2302
1391	2051
1391	2092
1391	2129
1392	1666
1393	1451
1394	2072
1394	1443
1395	2079
1395	1860
1396	1626
1396	1754
1396	2081
1397	2191
1397	1691
1397	2039
1398	1886
1398	1894
1399	1977
1399	1774
1400	1540
1400	1937
1400	2040
1400	2199
1400	1401
1400	2254
1400	1722
1401	1937
1401	2040
1401	2199
1402	1859
1403	2256
1403	2265
1403	1558
1403	1611
1403	1682
1404	1448
1404	2198
1405	2295
1406	1419
1406	2065
1406	1705
1407	1907
1407	2019
1407	1464
1407	2326
1407	2279
1407	1912
1408	1428
1408	1804
1409	2248
1411	1705
1412	1993
1413	1509
1413	1534
1413	1739
1414	1422
1415	2021
1415	1603
1417	1962
1417	2087
1418	2069
1418	2209
1419	2065
1419	1705
1420	1645
1420	1647
1420	1488
1420	2296
1421	2036
1422	1900
1423	2325
1423	1615
1423	1754
1423	1780
1423	1467
1423	1477
1423	2203
1424	1929
1425	1803
1425	2212
1426	1723
1426	2017
1427	1580
1427	1622
1427	2272
1428	1804
1429	2181
1429	1876
1429	1816
1430	1940
1430	2306
1430	1630
1430	2220
1431	1609
1431	1628
1432	1788
1432	2127
1432	2031
1432	2067
1432	1747
1432	2073
1433	1873
1433	1468
1433	1960
1434	1895
1434	2212
1435	2096
1435	1479
1436	1738
1437	1868
1437	2184
1437	1801
1437	1831
1437	2245
1438	2140
1438	1699
1438	1663
1438	2198
1439	1514
1439	1660
1439	2217
1440	1925
1441	1863
1441	1713
1442	1542
1443	2072
1445	1489
1445	1539
1445	1915
1445	2027
1445	2082
1445	1811
1446	1936
1446	1996
1446	1989
1447	2226
1448	1918
1448	1975
1448	2026
1448	1877
1448	1931
1448	2231
1448	2198
1448	1546
1449	1847
1452	1862
1452	2064
1452	1965
1452	1808
1453	1568
1453	1902
1454	1985
1454	2272
1454	1673
1454	2171
1454	2282
1454	1836
1454	1802
1454	2183
1454	2316
1454	2252
1454	2118
1454	1508
1454	1694
1454	1555
1455	1701
1456	1887
1457	1475
1457	1605
1458	2004
1458	1724
1458	2134
1459	1756
1459	1699
1460	1891
1460	2028
1460	1799
1462	2324
1463	2236
1463	1574
1463	1596
1464	1907
1464	2279
1464	1912
1465	1744
1466	2156
1466	1599
1466	2002
1467	1754
1467	1635
1467	1532
1467	2203
1467	1501
1468	1873
1468	1960
1469	2216
1469	2196
1469	1919
1470	1724
1470	2023
1472	1866
1474	1503
1475	2230
1475	1605
1476	1902
1477	2325
1477	1615
1477	1780
1477	2316
1477	1921
1478	1900
1478	1838
1479	2096
1480	2235
1480	2162
1481	2314
1481	1724
1482	1906
1482	1743
1482	2223
1482	1497
1482	1794
1483	1923
1483	2036
1483	2327
1483	1616
1483	2050
1483	1490
1483	2114
1484	1588
1484	1661
1485	2200
1486	2121
1486	1675
1486	1888
1487	2161
1488	1509
1488	1895
1488	2040
1488	2041
1488	2198
1489	1539
1489	1915
1489	2027
1489	1811
1489	2082
1490	1923
1490	2036
1490	2148
1490	2260
1490	2327
1490	1616
1490	2050
1490	2114
1491	2213
1492	2132
1492	1551
1494	1769
1494	1603
1495	1666
1495	1589
1496	2182
1496	2157
1496	1706
1497	1906
1497	1743
1497	2223
1497	1794
1498	2133
1499	1689
1499	1681
1500	2169
1500	1733
1501	1754
1501	1532
1501	1635
1502	2036
1504	1760
1504	1856
1504	1656
1505	1925
1505	1880
1505	1819
1506	1964
1506	1798
1507	1832
1508	1802
1508	2183
1508	2282
1508	1673
1508	1985
1508	2272
1508	2316
1508	2252
1508	1555
1509	1553
1509	2040
1509	1534
1509	2128
1509	2198
1509	1739
1509	1864
1509	1827
1510	1952
1510	2010
1510	2193
1510	2211
1510	1885
1510	2288
1511	1666
1511	2053
1512	1531
1512	2230
1512	2322
1513	1648
1514	1660
1514	2217
1516	1966
1516	1641
1517	1694
1517	2172
1517	2228
1517	2233
1517	2078
1517	2159
1517	2247
1518	1522
1518	2141
1518	1650
1519	1602
1519	2015
1520	2186
1521	1655
1521	1578
1522	1650
1522	1895
1522	2058
1522	1813
1522	2141
1522	1932
1523	1701
1523	2235
1524	1761
1524	2180
1525	2153
1526	1945
1526	2102
1526	1646
1527	2133
1528	1996
1529	1696
1529	1807
1530	2036
1530	2260
1530	2246
1530	2012
1531	2322
1532	1754
1532	1635
1533	2009
1534	1739
1536	1925
1536	1880
1536	1842
1537	1787
1537	1667
1537	1924
1537	2304
1538	2194
1539	1915
1539	2027
1539	1811
1539	2082
1539	2178
1540	1643
1541	1662
1542	1600
1542	2287
1543	1649
1543	2225
1543	2123
1543	1890
1544	1886
1544	2320
1545	2096
1546	1665
1547	1595
1548	2219
1548	2259
1548	1943
1548	1734
1549	1797
1550	1882
1550	2112
1550	1810
1552	1727
1552	2035
1552	1711
1553	1864
1555	1802
1555	2183
1555	2282
1555	1985
1555	2272
1555	2316
1556	2016
1556	2242
1556	2255
1556	2060
1556	1604
1557	2303
1558	2256
1558	2265
1558	1611
1558	1682
1559	2307
1559	2080
1560	2211
1560	2288
1561	2080
1562	2095
1564	1628
1564	1729
1564	2310
1564	2117
1565	1768
1565	1795
1565	1927
1565	2004
1565	1725
1565	2294
1566	2075
1566	2142
1566	2240
1566	1632
1567	1822
1567	2189
1567	2166
1567	2116
1568	1902
1568	2107
1569	1978
1570	1832
1570	1869
1570	1670
1571	1885
1572	2030
1572	2244
1574	1596
1575	2180
1575	1677
1576	2168
1577	1724
1578	1655
1579	1966
1580	1622
1580	2272
1581	2104
1582	1690
1582	1916
1583	1828
1583	2085
1583	1870
1584	2196
1584	1995
1584	2210
1585	1895
1587	1916
1588	1661
1589	1666
1589	1732
1590	2291
1590	2125
1591	2136
1591	2234
1591	2163
1592	2084
1593	2009
1593	2288
1594	1679
1594	1915
1594	1890
1597	2014
1597	2229
1597	1899
1598	2099
1598	2230
1598	2042
1601	1699
1601	1739
1601	1904
1601	1991
1602	2015
1602	1911
1603	1769
1603	2021
1604	2016
1604	2242
1604	2255
1604	1879
1604	2060
1606	1846
1606	2288
1606	1762
1608	1693
1609	1708
1609	1628
1609	2160
1609	1652
1610	1997
1610	2062
1610	1955
1611	2256
1611	2265
1611	1682
1612	1710
1612	2299
1612	1905
1612	2150
1612	1656
1613	1693
1613	2011
1613	1897
1613	1849
1614	2176
1615	2325
1615	1780
1617	2257
1617	2251
1617	1793
1618	1814
1618	1700
1618	2309
1618	2161
1618	1680
1620	2193
1621	1895
1622	2272
1622	2249
1622	1771
1622	2193
1622	1779
1622	2165
1622	2240
1623	1903
1623	2176
1624	1687
1624	2048
1624	1886
1624	1969
1625	2021
1625	1880
1626	1754
1626	2081
1626	1963
1627	1987
1627	2151
1627	1931
1628	1729
1628	2174
1628	2117
1628	2310
1629	1832
1631	2318
1633	1933
1634	1896
1634	2315
1634	2296
1635	1754
1636	2007
1637	2047
1637	1825
1638	1972
1638	1901
1638	1800
1639	1976
1639	2198
1640	2284
1640	2290
1641	1966
1644	1817
1644	1824
1645	2258
1645	1647
1645	2255
1645	2296
1646	1694
1646	1945
1646	1783
1646	2102
1647	2296
1649	2225
1649	2123
1649	1890
1650	2141
1652	2160
1652	1708
1653	1767
1653	1961
1653	1703
1654	2222
1654	2321
1656	1710
1656	1760
1656	1856
1656	2299
1656	1905
1656	2150
1658	1750
1658	2292
1659	1786
1659	2283
1660	2217
1662	2167
1663	2140
1663	1699
1663	2198
1664	2140
1666	1731
1666	2053
1666	2200
1667	1787
1667	1924
1667	2304
1669	1702
1671	2173
1671	1950
1672	2165
1673	2282
1673	1985
1673	2316
1673	2252
1675	2121
1675	2147
1675	1888
1675	2008
1676	2276
1676	2298
1676	1791
1677	2180
1678	1789
1678	2203
1679	1915
1680	2161
1680	1700
1680	1814
1680	2309
1681	2214
1682	2256
1682	2265
1683	1948
1684	2202
1686	2297
1686	2158
1687	1969
1688	2266
1690	1916
1691	2039
1691	2191
1692	1741
1692	1757
1692	1909
1693	2066
1693	2130
1694	1985
1694	2316
1694	2228
1694	1783
1695	1952
1695	2006
1695	2096
1695	2211
1695	1885
1696	1807
1698	1792
1698	2117
1699	1756
1699	2140
1699	1831
1699	1991
1699	2198
1699	1739
1699	1904
1700	2161
1700	1814
1700	1865
1700	2309
1701	1823
1701	1824
1701	2235
1701	1850
1701	2083
1703	1767
1705	2065
1706	2157
1707	2278
1708	2160
1709	1935
1710	1905
1710	2150
1710	2299
1711	1727
1711	2035
1712	1820
1712	2269
1712	1840
1712	2086
1713	1863
1720	1790
1720	2036
1722	2254
1723	2017
1724	2314
1724	2023
1725	1795
1725	1927
1726	1886
1726	1941
1727	2035
1727	2113
1727	2134
1729	2117
1729	2310
1730	1797
1731	2200
1733	2169
1734	2219
1734	2259
1734	1943
1735	1796
1735	2080
1736	1925
1739	1904
1739	1991
1740	2251
1740	1773
1741	2107
1741	1916
1741	2275
1741	1909
1741	1757
1742	2057
1742	2169
1742	2030
1743	1906
1743	2223
1743	1794
1744	1931
1745	2170
1746	1812
1746	2187
1747	2031
1747	2067
1747	2073
1747	2127
1747	1788
1750	2292
1752	1880
1753	1903
1753	1992
1753	2198
1754	2081
1754	2203
1755	1771
1755	1938
1757	1916
1757	2275
1757	1909
1758	1845
1760	1856
1761	2180
1762	1846
1762	2288
1763	1854
1763	2038
1765	1838
1766	2285
1767	1961
1768	2004
1768	2294
1770	2177
1770	1926
1770	2086
1771	1938
1771	1779
1772	2271
1773	2251
1774	1977
1775	2207
1776	1886
1780	2325
1781	1838
1782	1934
1782	2127
1782	2286
1784	2239
1785	1949
1785	2271
1786	2283
1787	1924
1787	2304
1788	2031
1788	2067
1788	2073
1788	2127
1789	2203
1790	1824
1790	2235
1790	2036
1791	2276
1791	2298
1792	2117
1793	1980
1793	2257
1793	2251
1793	1908
1794	1906
1794	2223
1795	1927
1796	2080
1798	1843
1798	2148
1798	1964
1799	1891
1799	2028
1800	1972
1800	1901
1801	1868
1801	2184
1801	1831
1801	2245
1802	2282
1802	1985
1802	2272
1802	2183
1802	2316
1803	2212
1805	2063
1805	1839
1808	2064
1808	1855
1808	1862
1808	2238
1809	2196
1810	1882
1810	2112
1811	1915
1811	2027
1811	2082
1812	2187
1813	1895
1813	2058
1813	2141
1814	2161
1814	2309
1816	2181
1816	1876
1817	1824
1818	2240
1818	2001
1818	2211
1819	1925
1819	1880
1819	2224
1820	2269
1820	1840
1820	2086
1821	1994
1822	2116
1822	2166
1822	2189
1824	2036
1824	2277
1824	1874
1824	2246
1824	1881
1824	1850
1824	2083
1824	2197
1824	1861
1824	2235
1825	2047
1826	1928
1828	2085
1828	1870
1829	1928
1829	1956
1830	1875
1831	1868
1831	2184
1831	2245
1833	2169
1834	2046
1834	2137
1835	2305
1836	2316
1836	2171
1836	2118
1837	2088
1838	1900
1839	2063
1840	2269
1840	2086
1842	1925
1842	1880
1843	2148
1843	1964
1844	2293
1844	2250
1846	2288
1849	2011
1849	1897
1850	2083
1851	2131
1852	2200
1853	1980
1854	2038
1855	2059
1855	2241
1858	1986
1860	2079
1860	2140
1860	1925
1860	1880
1860	1958
1861	2277
1861	2246
1862	2064
1863	2089
1863	2032
1866	1999
1866	2177
1866	2086
1867	1936
1868	2184
1868	2245
1870	2085
1872	2029
1873	1960
1874	2036
1875	1974
1875	2188
1876	2181
1878	2135
1879	2016
1880	1925
1880	2243
1881	2036
1881	2197
1882	2112
1883	1979
1884	2000
1885	1952
1885	2006
1885	2120
1885	2010
1885	2076
1885	2096
1885	2193
1885	2211
1885	2288
1886	2048
1886	2106
1886	2192
1886	1894
1886	2320
1886	1941
1888	2121
1889	1910
1889	1964
1890	2225
1890	2123
1891	2028
1892	1964
1892	2185
1893	2147
1895	2212
1895	2041
1895	2154
1895	2264
1895	2058
1896	2315
1896	2065
1896	1968
1896	2296
1897	2011
1899	2014
1899	2229
1901	1972
1903	2176
1903	1992
1904	1991
1905	2299
1905	2150
1906	2223
1907	2279
1907	1912
1907	2268
1908	1980
1908	2251
1910	1964
1914	2248
1915	2027
1915	2082
1916	2107
1916	2275
1917	2011
1918	2026
1919	2216
1919	2196
1920	2253
1920	2093
1920	2311
1920	2022
1921	2316
1922	2180
1922	1983
1924	2304
1925	2055
1925	2205
1925	2108
1925	2224
1925	2195
1925	2263
1925	2020
1926	2177
1926	2086
1928	1956
1931	1987
1931	2151
1936	1996
1936	1989
1937	2199
1937	2040
1943	2219
1943	2259
1944	2005
1945	2102
1947	2318
1947	2034
1947	2115
1947	2221
1949	2133
1949	2271
1950	2173
1951	2036
1952	2096
1952	2193
1952	2010
1952	2211
1952	2006
1953	2080
1954	2024
1954	2111
1954	2204
1955	1997
1955	2062
1957	2274
1958	2079
1959	1996
1962	2087
1964	2148
1964	2185
1965	2064
1967	2036
1967	2103
1967	2246
1968	2065
1968	2071
1972	1988
1972	2179
1973	2034
1974	2188
1975	2231
1976	2122
1976	2198
1976	2224
1980	2251
1983	2180
1983	2143
1985	2183
1985	2282
1985	2272
1985	2316
1985	2252
1987	2151
1988	2179
1989	1996
1990	2275
1991	2040
1995	2196
1995	2210
1997	2199
1997	2062
1997	2040
1999	2177
1999	2086
2001	2240
2001	2211
2002	2156
2004	2294
2004	2134
2006	2096
2006	2211
2008	2147
2010	2193
2011	2319
2012	2036
2012	2260
2012	2246
2014	2229
2016	2060
2016	2242
2016	2255
2018	2272
2019	2326
2020	2205
2022	2253
2022	2093
2022	2311
2024	2204
2024	2111
2027	2082
2030	2057
2030	2169
2030	2244
2031	2127
2031	2067
2031	2073
2033	2201
2034	2318
2034	2115
2034	2221
2036	2246
2036	2103
2036	2148
2036	2155
2036	2260
2036	2050
2036	2197
2036	2235
2037	2144
2037	2257
2039	2191
2040	2198
2040	2199
2041	2264
2042	2099
2042	2230
2044	2059
2045	2152
2045	2198
2046	2144
2046	2137
2049	2109
2049	2208
2049	2301
2051	2129
2054	2180
2055	2195
2055	2263
2056	2119
2057	2169
2058	2141
2060	2242
2060	2255
2061	2080
2061	2317
2062	2091
2065	2071
2066	2130
2067	2127
2067	2073
2069	2209
2073	2127
2075	2240
2075	2142
2078	2233
2078	2247
2080	2317
2080	2307
2086	2177
2086	2269
2090	2169
2090	2262
2092	2302
2092	2129
2093	2253
2093	2311
2094	2237
2094	2117
2096	2100
2096	2211
2099	2230
2103	2246
2109	2208
2109	2301
2111	2204
2113	2134
2115	2318
2115	2221
2116	2189
2116	2166
2117	2237
2117	2310
2117	2206
2118	2316
2118	2171
2120	2288
2123	2225
2125	2291
2126	2134
2127	2286
2129	2302
2134	2267
2135	2146
2136	2234
2136	2163
2138	2288
2140	2198
2142	2240
2144	2257
2148	2260
2149	2214
2150	2299
2152	2198
2154	2264
2158	2297
2159	2172
2159	2233
2161	2309
2162	2235
2163	2234
2164	2300
2165	2240
2166	2189
2169	2262
2171	2316
2172	2233
2183	2282
2183	2272
2183	2316
2184	2245
2195	2263
2196	2216
2196	2210
2198	2296
2208	2301
2211	2240
2211	2288
2218	2289
2219	2259
2221	2318
2222	2321
2233	2247
2238	2280
2240	2249
2240	2251
2240	2257
2242	2255
2246	2277
2250	2293
2251	2257
2252	2282
2252	2316
2253	2311
2255	2258
2256	2265
2272	2282
2272	2316
2276	2298
2276	2288
2282	2316
2284	2290
2296	2315
