0	79
0	91
0	209
0	290
0	686
0	698
0	756
0	772
0	894
1	156
1	157
1	173
1	206
1	516
1	739
1	821
1	823
1	881
1	982
2	300
2	319
2	418
2	426
2	447
2	487
2	571
2	714
2	758
2	934
2	983
3	59
3	65
3	110
3	213
3	242
3	266
3	279
3	353
3	394
3	476
3	499
3	502
3	729
3	795
3	955
3	996
4	47
4	187
4	460
4	514
4	728
4	863
4	929
5	23
5	38
5	124
5	427
5	464
5	488
5	517
5	565
5	592
5	915
5	917
5	955
5	958
5	964
6	16
6	31
6	45
6	333
6	373
6	466
6	613
6	650
6	760
7	31
7	42
7	114
7	188
7	260
7	319
7	368
7	558
7	587
7	635
7	639
7	796
8	151
8	580
8	709
8	758
8	766
8	859
8	889
9	86
9	142
9	178
9	188
9	194
9	411
9	573
9	677
9	741
9	749
10	356
10	414
10	417
10	612
10	660
11	243
11	272
11	334
11	410
11	416
11	461
11	614
11	748
11	783
11	834
11	918
11	925
12	74
12	566
12	707
12	709
12	960
13	90
13	153
13	289
13	336
13	363
13	392
13	393
13	466
13	537
13	609
13	627
14	74
14	95
14	98
14	129
14	387
14	392
14	419
14	676
14	692
14	753
14	828
14	895
15	20
15	127
15	136
15	223
15	278
15	306
15	355
15	504
15	632
15	666
15	752
15	836
15	889
15	952
15	977
16	53
16	117
16	166
16	390
16	630
16	728
16	890
16	910
17	71
17	238
17	244
17	335
17	468
17	536
17	570
17	575
17	624
17	700
17	705
17	731
17	854
17	979
18	39
18	61
18	262
18	335
18	354
18	500
18	519
18	592
18	740
18	767
18	951
19	37
19	121
19	134
19	136
19	461
19	486
19	511
19	701
20	119
20	259
20	346
20	403
20	935
21	261
21	347
21	552
21	646
21	669
21	684
21	737
21	770
21	929
22	56
22	62
22	68
22	145
22	156
22	223
22	224
22	407
22	524
22	653
22	718
23	70
23	97
23	170
23	224
23	528
23	594
23	884
23	902
24	104
24	195
24	212
24	230
24	316
24	371
24	432
24	462
24	563
24	608
24	658
24	776
24	805
24	938
24	939
25	61
25	109
25	125
25	316
25	335
25	461
25	468
25	488
25	790
26	124
26	196
26	317
26	336
26	362
26	508
26	557
26	614
26	622
26	780
26	985
27	157
27	207
27	229
27	245
27	253
27	309
27	350
27	410
27	499
27	633
27	715
27	720
27	756
27	859
27	986
28	33
28	84
28	105
28	412
28	606
28	701
28	808
28	873
28	889
28	946
28	982
29	247
29	307
29	310
29	317
29	334
29	565
29	788
29	817
29	906
29	919
30	129
30	292
30	355
30	410
30	474
30	631
30	673
30	678
30	900
31	134
31	183
31	225
31	252
31	357
31	423
31	488
31	506
31	514
31	595
31	820
31	887
32	35
32	76
32	271
32	437
32	527
32	634
32	670
32	674
32	691
32	735
32	798
33	127
33	144
33	216
33	261
33	399
33	544
33	634
33	689
33	711
33	809
33	811
33	825
33	950
33	997
34	50
34	148
34	190
34	285
34	360
34	591
34	596
34	741
34	848
34	900
35	80
35	252
35	328
35	426
35	477
35	541
35	748
35	818
35	929
35	930
36	294
36	633
36	688
36	797
36	840
37	103
37	110
37	654
37	675
37	780
37	807
38	55
38	525
38	537
38	546
38	676
38	717
38	747
38	811
38	826
38	989
39	59
39	109
39	209
39	211
39	348
39	480
39	639
39	794
39	888
39	905
39	931
40	297
40	423
40	684
40	880
40	908
40	941
40	964
41	203
41	260
41	412
41	632
41	645
41	731
41	921
42	72
42	147
42	184
42	354
42	457
42	472
42	551
42	559
42	659
42	731
42	739
42	780
43	96
43	130
43	160
43	229
43	311
43	516
43	584
43	756
44	73
44	185
44	227
44	236
44	254
44	283
44	284
44	324
44	456
44	594
45	184
45	321
45	323
45	340
45	618
45	785
46	76
46	88
46	98
46	211
46	223
46	252
46	487
46	530
46	732
46	865
46	893
46	987
47	86
47	102
47	267
47	273
47	284
47	619
47	669
47	764
47	983
48	113
48	173
48	701
48	703
48	905
48	941
48	948
48	956
49	78
49	133
49	146
49	227
49	344
49	555
49	568
49	808
49	864
50	116
50	257
50	296
50	314
50	328
50	388
50	416
50	449
50	476
50	520
50	611
50	714
50	823
51	90
51	219
51	240
51	657
51	757
51	826
51	834
51	875
51	964
51	972
52	123
52	204
52	527
52	548
52	699
53	71
53	147
53	376
53	386
53	491
54	91
54	191
54	302
54	340
54	350
54	495
54	603
54	657
54	780
55	267
55	300
55	376
55	443
55	462
55	535
55	557
55	679
55	760
55	774
55	800
55	891
55	937
55	982
56	241
56	294
56	420
56	885
57	102
57	130
57	150
57	192
57	253
57	390
57	497
57	576
57	725
57	816
57	852
58	62
58	196
58	265
58	273
58	427
58	515
58	698
59	81
59	197
59	396
59	596
59	607
59	713
59	771
60	101
60	156
60	242
60	270
60	279
60	467
60	608
60	637
60	684
60	925
61	82
61	88
61	93
61	188
61	218
61	374
61	383
61	469
61	515
61	731
61	781
62	125
62	182
62	314
62	511
62	624
62	772
62	862
62	896
63	268
63	371
63	464
63	496
63	577
63	584
63	658
63	782
63	801
63	833
63	939
64	172
64	339
64	465
64	496
64	572
64	575
64	602
64	658
64	726
64	924
65	203
65	264
65	393
65	679
65	766
65	835
66	134
66	226
66	329
66	468
66	495
66	545
66	572
66	761
66	974
67	75
67	153
67	180
67	188
67	236
67	303
67	304
67	366
67	381
67	444
67	570
67	594
67	664
67	677
67	722
67	768
68	221
68	259
68	350
68	394
68	532
68	554
69	210
69	447
69	512
69	607
69	624
69	729
69	854
69	875
69	937
69	976
70	240
70	361
70	405
70	459
70	475
70	489
70	565
70	574
70	575
70	699
70	766
70	808
70	922
70	929
70	952
70	999
71	187
71	424
71	455
71	776
71	817
71	830
71	853
71	925
71	936
71	950
72	102
72	266
72	353
72	411
72	476
72	614
72	676
72	716
72	848
73	108
73	218
73	243
73	496
73	732
73	788
73	865
73	913
74	122
74	213
74	216
74	436
74	440
74	560
74	578
74	733
74	913
75	315
75	592
75	805
75	872
75	979
76	131
76	251
76	348
76	358
76	397
76	458
76	685
76	840
76	847
76	944
76	978
77	158
77	173
77	294
77	388
77	422
77	534
77	640
77	690
77	691
77	785
77	982
78	257
78	287
78	298
78	341
78	594
78	737
78	795
78	800
78	806
78	870
78	933
78	966
78	979
78	986
79	212
79	584
79	708
79	800
79	846
79	921
80	150
80	299
80	350
80	750
80	933
81	257
81	269
81	555
81	573
81	930
81	947
81	998
82	321
82	737
82	826
82	869
82	987
83	143
83	167
83	308
83	312
83	391
83	515
83	593
83	611
83	706
83	877
83	976
83	982
84	241
84	263
84	284
84	340
84	397
84	539
84	626
84	718
84	752
84	889
84	986
84	996
84	998
85	180
85	437
85	525
85	722
85	747
85	850
85	963
86	169
86	252
86	321
86	354
86	408
86	555
86	569
86	629
86	670
86	683
86	951
87	143
87	572
87	617
87	623
87	686
87	717
87	750
87	760
87	899
87	953
88	114
88	187
88	204
88	377
88	580
88	675
88	743
89	202
89	216
89	282
89	304
89	356
89	421
89	705
90	192
90	211
90	247
90	329
90	369
90	475
90	514
90	645
90	755
90	814
90	845
91	94
91	122
91	307
91	365
91	386
91	388
91	453
91	480
91	529
91	555
91	589
91	635
91	651
91	834
91	921
91	939
91	941
92	133
92	367
92	397
92	448
92	758
93	381
93	459
93	462
93	532
93	687
93	696
93	731
93	946
94	238
94	296
94	298
94	403
94	429
94	430
94	516
94	895
95	164
95	267
95	314
95	447
95	527
95	704
95	790
95	953
96	298
96	335
96	604
96	693
96	749
96	966
97	233
97	251
97	438
97	686
97	874
98	138
98	188
98	229
98	362
98	451
98	612
98	658
98	661
98	931
99	196
99	231
99	305
99	416
99	464
99	512
99	562
99	603
99	624
99	707
99	722
99	759
100	171
100	177
100	218
100	293
100	466
100	496
100	521
100	601
100	651
100	916
100	985
101	566
102	178
102	258
102	336
102	554
102	579
102	586
102	701
102	721
102	794
102	823
102	940
102	998
103	106
103	165
103	536
103	540
103	618
103	734
103	751
103	753
103	809
103	839
104	239
104	435
104	457
104	489
104	556
105	174
105	224
105	622
105	690
105	756
105	821
105	855
105	916
106	253
106	255
106	347
106	760
106	806
106	826
106	870
106	892
107	204
107	303
107	429
107	472
107	476
107	539
107	559
107	582
107	600
107	842
107	847
107	977
108	167
108	329
108	376
108	425
108	455
108	484
108	585
108	688
108	819
108	878
108	952
108	992
108	999
109	166
109	365
109	539
109	562
109	567
109	590
110	225
110	285
110	397
110	433
110	475
110	540
110	631
110	689
110	760
110	836
110	901
111	180
111	201
111	217
111	284
111	372
111	594
111	596
111	600
111	719
111	743
111	748
111	813
111	882
111	929
111	932
111	955
112	150
112	300
112	807
112	810
112	849
113	196
113	308
113	391
113	446
113	497
113	520
113	535
113	556
113	800
113	912
113	981
114	188
114	278
114	329
114	338
114	469
114	522
114	563
114	580
114	778
114	786
114	815
114	912
114	943
114	952
114	999
115	149
115	209
115	343
115	625
115	651
115	671
115	687
115	697
115	842
116	152
116	597
116	684
116	705
116	746
116	908
117	184
117	293
117	340
117	444
117	459
117	547
117	748
117	879
117	932
118	213
118	269
118	296
118	359
118	376
118	478
118	586
119	352
119	426
119	519
119	584
119	713
119	714
119	776
119	832
119	889
119	964
119	967
120	331
120	354
120	358
120	384
120	489
120	506
120	558
120	643
120	738
120	915
121	282
121	443
121	449
121	521
121	729
121	736
121	829
121	991
122	199
122	240
122	277
122	328
122	338
122	402
122	437
122	532
123	201
123	553
123	631
123	777
123	865
124	184
124	245
124	352
124	425
124	520
124	567
124	616
124	690
124	719
124	759
124	797
125	182
125	427
126	141
126	177
126	291
126	324
126	333
126	464
126	483
126	512
126	547
126	696
127	289
127	720
127	799
128	142
128	178
128	359
128	438
128	595
128	603
128	634
128	697
128	709
128	716
128	818
128	858
129	197
129	199
129	285
129	299
129	342
129	409
129	740
129	758
129	811
129	944
130	263
130	366
130	582
130	945
131	153
131	285
131	420
131	484
131	603
131	859
131	889
131	943
131	975
132	252
132	276
132	359
132	365
132	383
132	443
132	444
132	531
132	567
132	960
132	962
133	362
133	364
133	499
133	533
133	599
133	611
133	796
133	811
133	917
133	941
134	192
134	398
134	438
134	472
134	566
134	596
134	662
134	828
135	219
135	355
135	366
135	407
135	415
135	500
135	516
135	573
135	587
135	645
135	773
135	846
135	917
135	999
136	513
136	714
136	754
136	865
136	909
136	918
136	987
137	205
137	254
137	263
137	336
137	376
137	508
137	710
137	752
137	848
137	928
138	346
138	377
138	431
138	524
138	579
139	542
139	779
139	795
139	913
139	942
140	200
140	207
140	321
140	391
140	619
140	655
140	709
140	931
141	208
141	243
141	304
141	374
141	624
141	653
141	998
142	386
142	429
142	499
142	503
142	595
142	598
142	707
142	769
142	827
142	865
143	199
143	348
143	564
143	573
143	578
143	588
143	641
143	770
143	788
144	334
144	481
144	701
144	943
145	196
145	395
145	408
145	428
145	463
145	471
145	610
145	675
145	689
145	890
145	904
145	920
145	937
146	312
146	358
146	596
146	763
146	812
146	858
146	996
147	167
147	173
147	227
147	384
147	391
147	454
147	479
147	646
147	746
147	841
148	161
148	343
148	560
148	576
148	640
148	658
148	678
148	964
149	235
149	571
149	607
149	700
149	736
150	216
150	352
150	452
150	652
151	161
151	194
151	348
151	363
151	485
151	597
151	734
151	777
151	825
151	870
151	934
151	957
151	974
152	335
152	447
152	571
152	835
152	870
152	965
152	967
153	289
153	317
153	498
153	524
154	183
154	769
154	833
154	982
155	202
155	252
155	501
155	558
155	586
155	631
155	897
155	993
156	182
156	207
156	278
156	507
156	530
156	775
156	793
156	971
156	994
157	239
157	366
157	390
157	469
157	507
157	528
157	594
157	706
157	726
157	756
157	762
157	857
157	966
158	244
158	289
158	379
158	658
158	732
158	905
158	974
159	161
159	366
159	411
159	637
159	823
160	212
160	268
160	296
160	421
160	484
160	813
160	876
160	926
161	219
161	601
161	650
161	811
161	847
161	874
161	971
162	448
162	501
162	515
162	745
162	757
162	793
163	305
163	502
163	595
163	725
163	749
163	757
163	783
163	797
164	196
164	392
164	425
164	594
164	749
164	775
164	964
165	206
165	253
165	285
165	328
165	420
165	438
165	657
165	706
165	976
165	998
166	405
166	483
166	540
166	657
166	747
166	815
166	824
166	979
167	356
167	415
167	459
167	464
167	475
167	554
167	684
167	690
167	907
167	950
167	983
168	260
168	273
168	652
168	913
168	954
169	391
169	534
169	686
169	744
169	904
169	984
170	183
170	229
170	250
170	372
170	483
170	545
170	611
170	638
170	814
170	897
170	986
171	203
171	217
171	395
171	449
171	769
171	873
171	898
171	949
172	323
172	432
172	439
172	444
172	478
172	518
172	561
172	640
172	899
172	915
172	997
173	360
173	516
173	679
173	748
173	785
173	827
173	854
173	922
173	952
174	199
174	245
174	265
174	407
174	610
174	658
174	672
174	691
174	727
174	803
174	850
174	873
174	931
174	993
175	220
175	350
175	367
175	370
175	454
175	504
175	639
175	668
175	725
176	298
176	358
176	400
176	898
176	938
176	941
176	958
177	303
177	314
177	317
177	363
177	412
177	464
177	472
177	518
177	582
177	858
177	930
178	351
178	379
178	458
178	480
178	550
178	638
178	772
178	799
178	865
178	877
178	884
178	992
179	190
179	412
179	468
179	524
179	554
179	567
179	667
179	745
179	762
179	986
180	440
180	470
180	518
180	738
180	914
181	196
181	212
181	217
181	332
181	406
181	419
181	484
181	506
181	538
181	558
181	678
181	804
181	809
181	931
182	214
182	288
182	367
182	519
182	810
182	836
182	932
182	965
183	208
183	387
183	429
183	444
183	625
183	672
183	692
183	879
183	911
183	927
183	937
184	238
184	293
184	347
184	435
184	625
184	648
184	703
184	787
184	863
185	224
185	336
185	502
185	521
185	607
185	767
185	840
185	980
185	986
186	201
186	225
186	232
186	305
186	682
186	696
186	827
186	834
186	940
186	969
187	249
187	351
187	364
187	370
187	376
187	381
187	409
187	427
187	441
187	485
187	626
187	642
187	738
187	757
187	773
188	729
188	755
188	860
188	964
188	998
189	247
189	387
189	435
189	494
189	719
189	916
190	224
190	584
190	609
190	693
190	878
190	884
190	968
191	418
191	507
191	571
191	651
191	710
191	765
191	926
192	265
192	497
192	517
192	566
192	581
192	719
192	760
193	236
193	359
193	397
193	413
193	461
193	464
193	477
193	530
193	542
193	642
194	460
194	616
194	697
194	817
194	882
195	296
195	313
195	362
195	406
195	475
195	536
195	553
195	692
195	694
195	728
195	780
195	844
196	292
196	436
196	772
196	790
196	880
196	959
197	240
197	257
197	334
197	427
197	648
197	767
197	840
198	254
198	257
198	265
198	413
198	482
198	538
198	847
198	862
198	964
198	978
199	229
199	325
199	377
199	492
199	579
199	722
199	879
199	915
199	916
200	402
200	588
200	615
200	617
200	739
200	783
201	348
201	387
201	553
201	618
201	647
201	918
202	287
202	393
202	550
202	575
202	609
202	621
202	673
202	740
202	857
202	927
202	999
203	204
203	457
203	507
203	562
203	685
203	691
203	748
203	793
203	794
203	804
203	877
203	881
203	912
203	966
204	266
204	378
204	485
204	508
204	701
204	964
205	393
205	600
205	661
205	783
205	784
205	804
205	926
205	942
205	964
206	402
206	640
206	742
206	879
207	279
207	351
207	430
207	440
207	467
207	587
207	606
207	815
208	480
208	555
208	684
208	703
209	325
209	578
209	657
209	691
209	802
210	300
210	646
210	719
210	823
210	910
210	922
211	374
211	376
211	562
211	621
211	738
211	802
212	298
212	396
212	646
212	659
212	707
212	746
212	759
212	763
212	824
212	930
213	258
213	287
213	317
213	329
213	330
213	370
213	557
213	688
213	770
213	839
213	899
213	970
214	299
214	587
214	609
214	628
214	785
214	966
214	996
215	357
215	443
215	621
215	639
215	795
215	868
215	888
215	889
216	320
216	372
216	448
216	560
216	618
216	636
216	722
216	794
216	903
216	927
216	954
217	293
217	378
217	451
217	550
217	662
217	710
217	713
217	747
217	800
218	349
218	420
218	547
218	609
218	752
218	812
218	870
219	309
219	382
219	441
219	557
219	570
219	572
219	580
219	744
219	961
220	335
220	368
220	371
220	651
220	686
220	718
220	729
220	955
221	275
221	479
221	511
221	547
221	653
221	809
221	826
221	844
221	932
222	293
222	389
222	422
222	433
222	481
222	483
222	556
222	678
222	960
223	230
223	253
223	280
223	381
223	613
223	882
224	395
224	422
224	506
224	627
224	632
224	922
225	313
225	457
225	606
225	649
225	748
225	890
226	340
226	358
226	503
226	520
226	537
226	640
226	872
227	229
227	230
227	458
227	510
227	522
227	714
227	762
227	788
227	890
227	977
228	561
228	623
228	845
228	964
228	983
229	613
229	670
229	950
229	962
230	391
230	403
230	436
230	908
231	306
231	414
231	499
231	656
231	691
231	732
231	876
232	273
232	289
232	310
232	428
232	467
232	606
232	610
232	645
232	676
232	868
232	939
232	977
233	276
233	281
233	466
233	482
233	910
234	310
234	374
234	548
234	588
234	666
234	929
234	963
234	985
235	286
235	503
235	546
235	689
235	860
235	934
236	500
236	630
236	719
236	792
236	837
236	873
236	915
237	511
237	751
237	949
238	266
238	299
238	315
238	343
238	435
238	638
238	663
238	681
238	712
238	860
238	988
239	274
239	308
239	350
239	366
239	481
239	549
239	628
239	775
239	830
239	884
240	497
240	536
240	637
240	890
241	242
241	325
241	354
241	507
241	666
241	744
241	881
241	924
242	391
242	411
242	871
242	945
243	244
243	264
243	349
243	434
243	659
243	716
243	773
243	864
243	874
244	294
244	552
244	699
244	821
245	273
245	594
245	726
245	742
245	771
245	869
245	909
246	324
246	629
246	706
246	772
247	408
247	752
247	848
248	398
248	420
248	480
248	559
248	603
248	604
248	814
248	853
248	933
249	276
249	367
249	524
249	558
249	592
249	794
249	873
249	944
249	998
250	401
250	498
250	539
250	598
250	634
250	888
250	998
251	293
251	574
251	592
251	708
251	853
251	872
251	930
251	943
252	369
252	374
252	509
252	652
252	677
252	735
252	837
252	930
253	299
253	500
253	650
253	724
253	726
253	941
254	339
254	436
254	505
254	590
254	602
254	668
254	678
254	690
254	734
254	746
254	896
254	965
255	292
255	888
255	954
255	967
255	992
256	369
256	464
256	652
256	689
256	815
256	877
256	948
256	965
257	264
257	477
257	533
257	704
257	772
257	919
258	394
258	513
258	522
258	549
258	614
258	632
258	691
258	930
258	989
258	996
259	283
259	294
259	306
259	398
259	572
259	622
259	626
259	967
260	278
260	293
260	354
260	359
260	413
260	457
260	499
260	500
260	824
260	951
261	300
261	690
261	800
261	886
262	349
262	447
262	468
262	806
262	816
263	369
263	507
263	719
263	804
263	977
264	517
264	663
264	719
264	855
264	859
264	905
264	951
264	980
265	283
265	311
265	323
265	327
265	481
265	709
265	810
266	604
266	661
266	742
266	916
267	316
267	903
268	293
268	313
268	337
268	339
268	616
268	654
268	673
268	815
268	856
268	964
269	287
269	370
269	378
269	421
269	476
269	486
269	513
270	290
270	304
270	383
270	384
270	452
270	494
270	553
270	628
270	724
270	728
270	732
271	301
271	305
271	324
271	355
271	522
271	665
271	850
272	618
272	665
272	681
272	773
272	914
272	921
273	789
273	959
274	343
274	349
274	470
274	476
274	529
274	667
274	735
274	753
274	834
275	311
275	319
275	371
275	416
275	517
275	794
275	824
275	841
275	945
276	358
276	385
276	395
276	497
276	555
276	586
276	631
276	805
276	816
276	929
277	470
277	606
277	629
277	759
277	993
278	415
278	589
278	624
278	730
278	904
278	935
278	970
279	294
279	498
279	560
279	668
279	694
279	777
279	861
279	997
280	767
280	904
280	953
281	285
281	348
281	503
281	571
281	626
281	645
281	733
281	889
281	901
281	925
281	950
282	561
282	585
282	605
282	789
282	818
283	449
283	477
283	607
283	662
283	780
283	857
283	887
283	898
283	950
284	368
284	406
284	447
284	504
284	550
284	679
284	680
284	754
284	817
284	826
284	933
285	318
285	380
285	426
285	590
286	338
286	415
286	438
286	574
286	763
286	807
287	295
287	593
287	632
287	775
287	826
287	846
287	901
287	982
288	353
288	484
288	573
288	802
288	847
288	850
289	323
289	431
289	608
289	664
289	781
290	784
290	880
290	900
291	432
291	445
291	579
291	696
291	825
291	913
291	921
291	987
292	413
292	630
292	656
292	700
292	882
292	973
293	306
293	430
293	432
293	441
293	570
293	617
293	633
293	640
293	686
293	729
293	741
293	903
294	396
294	501
294	775
294	832
295	304
295	325
295	348
295	353
295	377
295	571
295	587
295	684
295	819
296	371
296	501
296	551
296	790
296	873
296	904
296	991
297	325
297	448
297	543
297	606
297	631
297	869
297	875
297	947
298	379
298	456
298	564
298	569
298	601
298	742
298	842
298	853
298	859
298	900
299	572
299	984
300	474
300	729
300	835
300	937
301	306
301	331
301	355
301	557
301	618
301	659
301	734
301	753
301	879
301	916
301	932
301	997
302	537
302	559
302	776
302	955
303	430
303	631
303	646
303	674
303	686
303	691
303	887
304	309
304	326
304	341
304	371
304	434
304	468
304	578
304	648
304	700
304	731
304	789
304	894
304	956
304	972
305	322
305	399
305	434
305	546
305	567
305	593
305	641
305	675
306	350
306	406
306	443
306	452
306	560
306	601
306	611
307	322
307	348
307	396
307	655
307	795
307	876
308	361
308	707
308	720
308	839
309	393
309	589
309	627
309	813
309	858
309	918
309	968
310	370
310	449
310	465
310	552
310	726
310	739
310	822
310	876
310	889
311	374
311	516
311	675
311	763
311	947
311	988
312	560
312	571
312	597
312	610
312	662
312	738
312	788
313	365
313	468
313	524
313	568
313	877
313	936
313	996
314	462
314	575
314	716
314	762
315	425
315	595
315	614
315	841
316	387
316	400
316	657
316	661
316	688
316	703
316	816
316	867
316	999
317	436
317	699
318	407
318	505
318	506
318	686
318	797
318	814
318	967
318	971
318	989
319	499
319	567
319	582
319	678
319	684
319	781
319	787
319	923
320	501
320	503
320	567
320	690
320	710
320	826
320	905
321	376
321	563
321	631
321	824
321	953
322	376
322	491
322	496
322	544
322	777
322	786
322	943
323	419
323	545
323	549
323	611
323	702
323	799
323	969
324	537
324	548
324	559
324	605
324	723
324	880
324	932
324	973
325	467
325	485
325	698
325	808
325	874
325	891
325	946
325	949
325	958
325	969
325	995
326	365
326	441
326	464
326	480
326	515
326	543
326	564
326	694
326	715
326	779
326	821
327	374
327	387
327	446
327	470
327	486
327	525
327	566
327	578
327	676
327	715
327	782
327	885
327	891
328	378
328	430
328	537
328	715
328	783
328	808
328	823
328	836
328	911
328	935
328	937
329	360
329	363
329	381
329	493
329	495
329	616
329	652
329	808
329	824
330	555
330	844
330	947
330	961
330	969
331	347
331	400
331	444
331	477
331	615
331	665
331	854
331	868
331	907
332	338
332	749
332	803
333	347
333	387
333	464
333	590
334	650
334	741
334	829
334	861
334	947
335	401
335	415
335	644
335	724
335	952
335	965
336	396
336	470
336	628
336	687
336	862
336	921
337	403
337	595
337	685
337	965
338	407
338	580
338	654
338	689
338	759
338	888
339	407
339	459
339	681
339	718
339	744
339	878
339	882
339	964
340	416
340	463
340	520
340	561
340	662
340	679
340	929
340	940
340	947
340	968
341	363
341	426
341	453
341	467
341	489
341	497
341	515
341	523
341	565
341	581
341	859
341	951
342	372
342	451
342	583
342	797
342	886
343	383
343	396
343	428
343	704
343	780
343	833
343	877
344	348
344	593
344	680
344	977
345	408
345	429
345	779
346	364
346	419
346	563
346	600
346	762
346	875
346	921
347	590
347	738
348	373
348	421
348	696
348	917
349	354
349	412
349	791
350	435
350	775
350	911
351	353
351	396
351	397
351	424
351	454
351	501
351	598
351	754
351	778
351	799
351	832
352	576
352	599
352	784
352	785
353	356
353	525
353	546
353	563
353	570
353	779
353	826
353	844
353	867
353	895
354	366
354	415
354	432
354	573
354	589
354	713
355	418
355	688
355	701
355	777
355	905
356	380
356	463
356	497
356	569
356	658
356	691
356	818
357	375
357	381
357	422
357	471
357	499
357	510
357	617
357	749
357	800
357	819
357	830
357	863
358	389
358	427
358	446
358	691
358	742
358	771
359	404
359	406
359	495
359	638
359	667
359	760
359	763
359	790
359	835
359	855
360	363
360	618
360	709
360	968
360	998
361	373
361	637
361	665
361	710
361	871
361	872
361	884
361	922
361	962
362	504
362	729
362	734
362	761
362	908
362	956
363	469
363	487
363	499
363	617
363	971
364	562
364	690
364	888
364	930
364	936
364	952
364	995
365	457
365	511
365	708
365	845
365	943
366	398
366	440
366	642
366	710
366	871
366	906
367	792
367	796
367	838
367	916
368	454
368	595
368	757
368	795
368	796
369	795
369	822
369	949
369	970
369	974
369	995
370	404
370	432
370	489
370	548
370	726
371	394
371	411
371	486
371	513
371	791
372	625
372	788
372	854
373	386
373	389
373	525
373	592
373	702
373	991
374	393
374	443
374	504
374	654
374	764
374	826
374	839
374	842
375	388
375	698
375	882
376	454
376	466
376	604
376	640
376	742
376	887
376	931
377	405
377	422
377	657
377	674
377	683
377	696
377	700
377	715
377	728
377	732
378	489
378	528
378	635
378	643
378	687
378	740
378	746
379	405
379	657
379	839
380	424
380	680
380	694
380	864
380	914
380	916
380	932
380	944
380	994
381	548
381	641
381	701
381	838
381	989
382	389
382	671
382	676
382	678
382	757
382	795
382	801
382	831
382	852
382	917
383	503
383	903
383	967
384	628
384	674
384	790
384	906
385	484
385	698
385	699
385	784
385	898
385	947
386	422
386	784
386	792
386	905
387	546
387	780
387	926
388	426
388	459
388	468
388	597
388	739
388	934
389	422
389	466
389	533
389	609
389	834
389	932
390	395
390	515
390	660
390	681
390	715
390	859
390	960
390	999
391	549
391	662
391	676
391	975
392	430
392	446
392	666
392	673
392	681
392	993
393	484
393	518
393	566
393	575
393	662
393	703
393	767
393	829
394	464
394	953
394	985
395	446
395	735
395	929
395	974
396	583
396	921
396	976
396	978
396	979
397	508
397	608
397	634
397	652
397	673
397	996
398	468
398	487
398	736
398	899
399	430
399	456
399	458
399	537
399	665
399	701
399	737
399	744
399	912
400	526
400	531
400	537
400	604
400	923
401	420
401	480
401	600
401	632
401	688
401	693
401	827
401	927
401	944
401	986
402	433
402	832
402	869
403	406
403	695
404	465
404	500
404	537
404	556
404	627
404	640
404	724
404	892
404	939
405	433
405	467
405	623
405	684
405	745
405	806
405	833
405	940
405	995
406	470
406	555
406	572
406	667
406	740
406	780
406	789
407	449
407	483
407	555
407	593
407	638
407	640
407	839
407	945
407	948
407	966
408	468
408	606
408	624
408	845
408	918
408	980
409	471
409	492
409	541
409	940
410	467
410	567
410	662
410	704
410	965
411	451
411	581
411	813
412	625
412	710
412	906
413	414
413	433
413	485
413	496
413	547
413	581
413	697
413	711
413	715
413	972
414	795
414	977
415	634
415	713
415	729
416	624
416	761
416	793
416	969
417	544
417	555
417	563
417	607
418	743
418	828
419	421
419	452
419	518
419	669
419	759
419	839
419	911
419	979
420	549
420	575
420	662
420	689
420	822
420	926
421	460
421	466
421	483
421	632
421	675
421	718
421	795
421	891
421	901
421	913
421	958
422	978
423	456
423	521
423	541
423	583
423	642
423	762
423	796
423	833
423	857
423	899
424	449
424	490
424	507
424	787
424	916
425	449
425	458
425	622
425	629
425	662
425	816
425	825
425	832
425	857
425	998
426	654
427	561
427	563
427	644
427	667
427	685
427	706
427	829
427	986
428	518
428	551
428	579
428	638
428	681
429	542
429	559
429	561
429	624
429	738
429	926
429	970
430	457
430	634
430	652
430	685
430	735
430	744
430	945
431	472
431	586
431	775
431	889
431	982
432	531
432	655
433	701
433	814
433	962
434	450
434	540
434	593
434	596
434	603
434	608
434	623
434	967
435	536
435	604
435	623
435	639
435	685
435	817
435	836
435	885
435	957
436	439
436	534
436	585
436	634
436	902
437	442
437	599
437	681
437	924
437	939
438	500
438	501
438	591
438	616
438	740
439	497
439	519
439	640
439	770
439	965
440	482
440	542
440	588
440	712
440	916
440	962
441	657
441	666
441	687
441	784
442	482
442	553
442	842
443	538
443	599
443	629
443	701
443	847
443	852
444	513
444	518
444	622
444	673
444	698
444	892
445	633
445	639
445	647
445	674
445	743
445	880
445	882
445	902
445	969
446	472
446	593
446	866
446	883
447	503
447	504
447	997
448	502
448	572
448	674
448	707
448	766
448	911
448	980
449	648
449	723
449	816
449	867
449	887
450	561
450	742
450	743
450	797
450	804
450	892
451	469
451	472
451	492
451	692
451	759
451	797
451	903
452	524
452	596
452	600
452	654
452	772
452	777
452	857
452	918
453	574
453	698
453	726
453	824
453	955
453	987
454	721
454	740
454	908
454	916
454	949
454	951
454	999
455	480
455	621
455	747
455	784
455	871
456	626
456	668
456	673
456	676
456	720
456	774
456	820
456	821
456	853
456	953
456	972
457	475
457	530
457	646
457	831
458	466
458	682
458	708
458	782
458	810
458	871
459	782
459	824
459	835
459	863
459	898
460	463
460	555
460	665
460	832
460	884
460	897
461	524
461	739
463	484
463	680
464	480
464	599
464	698
464	860
464	969
464	983
465	522
465	637
465	764
465	830
465	853
465	927
465	949
466	508
466	518
466	766
466	860
466	930
466	990
467	532
467	685
467	770
467	851
467	885
467	961
468	668
468	839
468	925
469	834
469	913
470	479
470	560
470	616
470	793
470	873
471	514
471	526
471	533
471	796
471	840
471	984
472	496
472	549
472	606
472	624
472	660
472	666
472	815
472	831
473	536
473	617
473	658
473	697
473	837
473	840
473	842
473	922
473	988
474	497
474	678
475	534
475	610
475	619
475	634
475	674
475	736
475	890
476	496
476	504
476	759
476	809
476	810
476	924
477	504
477	600
477	612
477	627
477	683
477	703
477	923
478	741
478	776
478	782
478	837
478	856
478	889
478	991
479	631
479	759
479	771
479	780
479	865
479	964
479	965
480	506
480	531
480	625
480	655
480	657
480	776
480	849
480	917
481	482
481	598
481	704
481	818
482	769
482	841
482	897
482	959
482	993
483	486
483	565
483	584
483	775
483	899
484	584
484	835
485	568
485	666
485	685
485	701
485	742
485	750
485	825
485	901
485	951
486	492
486	527
486	606
486	697
486	698
486	804
486	840
486	984
487	522
487	656
487	723
487	747
487	858
487	973
487	987
488	561
488	587
488	617
488	712
488	717
488	753
488	771
488	844
488	936
488	945
489	784
489	925
489	990
490	759
490	870
490	938
490	965
491	511
491	551
491	874
492	657
492	943
493	563
493	825
493	860
493	875
493	919
493	923
494	536
494	673
494	892
494	893
494	917
495	502
495	572
495	708
495	963
496	630
496	760
496	875
496	953
497	555
497	627
497	810
497	822
497	837
498	534
498	560
498	958
498	993
499	681
499	798
499	844
499	862
499	875
499	882
499	947
499	986
500	649
500	692
500	819
500	855
500	937
501	568
501	576
501	613
501	666
501	749
501	926
502	536
502	658
502	833
503	544
503	554
503	909
503	951
504	512
504	520
504	532
504	741
505	509
505	547
505	634
506	567
506	629
507	554
507	746
507	775
507	815
507	831
508	572
508	655
508	719
508	741
508	817
509	523
509	528
509	659
509	663
509	817
509	905
510	560
510	577
510	607
510	914
511	634
511	795
511	906
511	907
511	911
513	588
513	720
513	831
514	624
514	688
514	784
514	796
514	875
514	934
515	597
515	699
515	713
515	751
515	810
515	882
516	780
517	630
517	738
517	815
517	972
518	607
518	616
518	729
518	733
518	782
518	821
519	576
519	577
519	634
519	727
519	879
519	939
520	752
520	825
521	620
521	807
521	844
521	903
521	917
521	932
522	585
522	588
522	608
522	625
522	674
522	686
522	692
522	759
522	814
522	998
523	530
523	559
523	619
523	634
523	824
524	567
524	595
524	841
524	908
524	931
525	669
525	685
525	724
525	808
525	813
525	841
525	914
525	923
525	986
526	574
526	937
527	593
527	647
527	695
527	724
527	844
528	743
528	926
528	974
529	559
529	690
529	795
529	820
529	957
530	555
530	613
530	640
530	680
530	686
530	704
530	748
530	773
530	785
530	945
531	928
531	982
532	563
532	627
532	718
532	724
532	851
532	877
532	917
532	926
532	958
533	859
534	541
534	595
534	633
534	826
534	933
534	998
536	882
537	697
537	729
537	814
538	721
538	792
538	857
538	875
538	889
538	912
539	710
539	847
539	938
539	988
540	570
540	633
540	649
540	838
540	877
540	976
541	612
541	734
541	868
541	955
542	551
542	555
542	699
542	711
542	712
542	774
542	775
542	797
542	953
542	966
543	684
543	811
543	978
543	984
544	561
544	709
544	787
544	790
544	796
544	854
544	886
545	664
545	793
545	947
546	549
546	557
546	573
546	618
546	719
546	724
546	762
546	783
546	793
547	610
547	628
547	667
547	800
547	845
547	916
548	555
549	666
549	927
550	761
550	880
550	928
550	973
551	619
551	690
551	948
552	569
552	607
552	680
552	776
552	853
552	924
553	653
553	660
553	697
553	702
553	727
553	788
553	854
553	937
554	574
554	622
554	644
554	807
554	890
555	611
555	668
555	716
555	883
556	560
556	592
556	671
556	683
557	720
557	722
557	882
557	897
558	562
558	661
558	709
558	746
558	750
558	767
558	780
558	793
558	815
558	817
558	845
559	632
559	651
559	731
559	764
559	836
559	886
560	688
560	697
560	723
560	899
560	956
561	633
561	728
561	751
562	572
562	660
562	786
562	962
563	576
563	632
563	685
563	810
563	988
564	702
564	760
565	593
565	687
565	736
565	898
565	906
565	930
566	623
566	690
566	694
566	776
566	852
566	876
566	881
566	950
566	973
567	571
567	669
567	778
567	789
567	951
568	581
568	628
568	663
568	898
568	910
568	963
570	593
570	733
570	860
570	912
570	953
571	689
571	700
571	719
571	763
571	820
571	851
571	862
572	638
572	807
573	714
573	762
573	763
573	810
573	926
574	674
574	915
574	933
575	581
575	608
575	651
575	742
575	778
575	802
575	847
575	918
576	591
576	631
576	685
576	905
576	909
577	735
577	925
577	974
578	630
578	668
578	681
578	767
578	799
578	825
579	618
579	680
579	845
579	866
580	709
580	841
581	687
581	696
581	722
581	874
581	875
581	939
581	976
582	602
582	673
582	781
582	792
582	892
583	609
583	690
583	745
583	963
584	592
584	660
584	682
584	908
585	593
585	697
585	767
586	741
586	748
586	951
587	659
587	886
587	940
587	958
587	967
588	826
588	924
588	985
589	682
589	708
589	878
589	929
590	599
590	635
590	641
590	699
590	824
590	897
591	705
591	724
591	995
592	660
592	878
592	912
593	620
593	648
593	759
593	909
593	931
594	842
594	952
594	982
594	989
595	611
595	774
595	906
595	981
596	746
596	812
596	886
597	899
597	977
598	694
598	765
598	817
599	745
599	764
599	782
599	802
599	830
599	835
599	896
599	929
600	726
601	648
601	874
602	786
603	777
604	784
604	843
604	923
605	616
605	692
605	739
606	770
606	837
606	927
607	618
607	648
607	806
608	649
608	912
609	635
609	693
609	772
609	777
609	785
609	823
609	852
609	918
609	932
610	648
610	822
611	673
611	784
611	831
611	896
611	907
612	667
612	785
612	848
613	726
613	729
613	742
614	903
615	634
615	758
615	821
615	888
616	829
617	659
617	738
617	831
617	897
618	635
618	687
618	711
618	877
618	962
619	649
619	766
619	940
620	657
620	750
620	820
620	927
620	965
620	990
621	622
621	636
621	686
621	696
621	993
622	696
622	723
622	872
622	943
623	705
623	722
623	748
623	853
623	945
623	981
624	636
624	863
624	871
624	970
625	644
625	675
625	748
625	857
625	863
625	926
626	777
626	883
626	936
627	645
627	913
627	972
628	841
628	860
628	990
628	997
629	681
629	746
629	895
629	909
629	921
630	658
630	858
631	644
632	786
632	787
632	800
632	839
633	657
633	708
633	718
633	798
635	683
635	712
635	734
635	797
635	866
636	691
636	698
636	935
636	968
637	680
637	796
638	728
638	894
639	662
639	674
639	796
639	887
639	913
640	729
640	783
641	770
641	867
642	689
642	699
642	879
642	921
642	936
642	952
643	758
643	939
643	962
644	749
644	782
644	791
644	820
644	835
644	895
644	958
645	765
645	766
645	828
645	850
645	989
646	780
646	813
646	851
647	738
647	843
647	867
648	756
648	765
648	967
649	752
649	993
650	710
650	730
650	898
651	765
651	943
651	993
652	951
652	963
653	903
654	725
654	732
655	927
656	825
656	915
657	717
657	727
658	722
658	723
658	937
658	972
658	987
659	676
659	842
659	913
659	974
660	980
661	683
661	709
661	802
661	820
661	928
661	937
661	999
662	778
662	973
663	710
663	819
664	748
664	795
664	848
664	861
665	952
666	669
666	704
666	705
666	803
666	893
667	691
667	698
667	711
668	707
668	718
668	727
669	783
669	811
669	932
670	769
670	881
670	927
670	968
670	975
671	718
671	729
671	955
672	695
672	744
672	794
672	820
672	929
673	686
673	780
673	830
673	894
674	874
674	893
675	790
675	806
676	746
676	759
676	814
676	965
677	679
677	697
677	736
677	809
678	732
678	805
679	742
679	764
679	846
679	915
680	706
681	797
681	855
681	941
682	793
682	798
683	794
683	942
684	700
684	794
684	887
684	979
685	721
685	771
685	928
685	993
686	811
686	815
687	807
687	931
688	690
688	730
688	775
688	875
689	703
690	699
690	727
690	805
690	858
690	891
690	913
690	976
691	697
691	754
691	781
692	781
692	944
692	993
693	735
693	741
693	930
694	823
694	879
694	998
695	767
695	853
696	919
697	698
697	787
697	808
697	824
697	888
697	955
697	982
697	997
698	898
699	728
699	764
701	806
701	999
702	714
702	727
702	735
702	873
703	749
703	758
703	775
703	787
703	828
703	841
703	883
703	890
704	710
704	749
704	766
704	900
705	851
705	876
705	990
705	997
706	708
706	913
706	953
707	798
707	927
707	955
707	963
707	979
708	737
708	782
709	797
709	847
709	873
710	777
710	913
710	936
711	788
711	829
712	826
712	863
712	898
712	917
713	720
713	741
713	803
714	763
714	801
715	794
715	802
716	804
716	830
716	976
717	785
717	904
717	992
718	814
719	848
720	779
720	787
720	982
721	824
721	896
721	901
722	741
722	764
722	841
722	855
722	925
723	952
724	850
724	904
725	730
725	784
725	828
725	866
725	935
726	863
726	904
727	830
728	768
728	780
728	895
728	967
728	982
729	860
730	746
730	846
730	859
730	912
731	801
731	940
732	744
732	821
732	927
733	867
733	969
734	889
735	784
735	880
735	888
735	989
736	816
736	924
737	901
737	964
738	923
741	772
741	775
741	861
741	947
741	961
742	777
742	838
742	850
743	913
744	824
744	870
744	943
745	801
745	919
745	958
746	954
747	799
747	822
749	953
750	875
751	948
751	967
752	765
752	844
752	912
752	967
753	815
753	834
754	863
754	911
756	841
757	777
757	794
757	816
757	941
758	829
760	827
760	906
761	818
761	927
761	938
762	878
762	887
762	925
763	850
763	977
764	776
764	808
764	857
764	884
764	988
765	962
765	981
766	811
766	883
766	937
766	985
767	877
767	925
768	771
768	874
769	855
769	967
770	850
770	860
771	893
772	802
772	877
772	901
772	923
774	803
774	814
774	859
774	971
775	803
775	844
775	885
775	889
775	933
776	810
776	867
776	874
777	889
777	955
778	792
778	847
778	864
780	827
781	792
781	854
781	904
781	943
781	983
782	784
782	915
782	929
782	939
782	943
783	789
783	935
783	993
784	846
784	895
785	832
786	836
786	893
787	829
788	802
788	819
789	806
789	816
790	952
791	883
791	907
791	926
792	844
792	966
792	990
793	882
793	989
794	940
795	829
795	914
796	853
796	902
796	962
796	980
798	882
799	912
799	917
800	810
801	910
802	831
802	843
802	907
802	994
803	805
803	917
803	922
804	849
804	967
804	978
805	885
805	937
805	958
806	996
808	946
809	849
809	956
810	857
812	853
812	930
812	948
813	888
813	916
813	987
813	995
814	927
814	935
815	860
815	868
815	927
815	963
815	989
816	868
816	940
817	855
817	889
818	929
821	827
822	839
822	868
822	877
822	934
822	937
824	849
824	885
824	919
825	838
825	947
827	874
827	904
827	928
827	979
828	877
828	909
832	915
832	982
833	883
833	925
833	926
834	926
835	983
836	846
836	903
836	947
836	955
837	893
837	998
839	977
840	895
841	884
841	948
842	906
842	947
842	957
843	847
843	910
843	948
843	991
844	846
844	849
844	949
844	967
845	920
845	993
846	922
847	938
847	940
849	941
850	883
850	939
850	957
852	908
854	991
855	930
856	894
856	940
856	976
857	862
857	959
858	985
859	897
860	921
860	967
860	977
862	975
863	868
863	899
864	977
865	916
866	952
867	900
868	870
870	951
871	916
872	981
873	915
874	989
875	938
877	910
878	913
878	950
880	995
881	886
881	914
881	925
883	886
883	913
886	998
888	984
888	992
890	909
890	918
890	940
891	947
892	893
892	969
892	994
894	955
898	920
898	933
898	973
901	929
902	911
902	957
904	938
905	944
905	962
905	971
906	943
908	979
908	982
908	986
909	966
910	946
910	953
910	987
910	994
910	999
911	932
913	955
917	949
917	956
917	996
921	941
922	969
924	949
927	956
927	979
928	972
928	990
931	945
931	969
931	995
931	998
932	966
932	968
933	960
935	940
935	997
936	965
938	997
939	952
939	964
940	944
940	988
940	999
942	971
943	949
946	972
949	955
949	970
950	972
951	978
953	999
954	992
955	959
957	968
963	987
966	970
982	983
985	995
991	996
