1	16
1	57
1	375
2	489
2	268
2	237
2	283
3	431
4	140
4	385
4	7
4	475
4	303
5	305
5	343
5	140
5	53
5	369
6	378
7	467
7	71
7	76
7	560
7	530
7	598
7	339
7	194
7	504
7	469
7	484
7	12
7	621
7	328
7	28
7	303
7	245
7	59
7	396
7	485
7	348
7	283
7	190
7	124
7	35
7	248
7	161
7	42
7	475
8	130
8	42
8	507
8	569
8	640
9	556
10	192
11	577
12	28
12	335
12	244
12	155
12	621
12	208
12	410
12	467
12	42
12	142
12	324
13	369
13	245
13	53
13	167
13	204
13	505
13	579
13	365
13	108
13	191
13	121
13	344
13	585
14	521
14	215
14	367
14	571
14	224
14	514
15	326
15	538
16	484
16	210
16	366
16	375
16	642
16	273
16	167
16	71
16	34
16	97
16	328
16	269
16	332
16	214
16	585
16	108
16	415
16	396
16	226
16	654
16	236
16	351
16	485
16	245
16	303
16	519
16	42
16	475
16	369
16	634
16	124
16	655
16	266
16	592
16	33
16	133
16	504
16	469
17	546
18	260
19	369
19	375
19	53
19	218
19	323
19	402
19	102
19	343
19	228
19	585
20	480
20	76
21	267
21	541
22	450
22	215
22	514
22	391
22	656
23	396
23	467
23	652
23	31
23	612
24	471
25	585
25	257
25	584
25	132
25	365
25	176
26	164
26	411
26	197
26	608
26	421
26	426
26	339
26	612
26	113
26	621
26	121
26	598
26	303
26	560
26	415
26	42
26	504
27	540
27	467
27	144
27	652
27	167
27	315
27	516
27	623
27	133
27	82
27	106
27	612
27	291
27	365
27	103
27	526
27	98
27	577
27	396
27	653
27	584
27	108
27	147
27	359
27	471
27	440
27	341
27	117
28	245
28	621
28	486
28	42
28	467
28	262
29	162
30	644
31	436
31	668
31	190
31	612
31	396
31	508
31	467
31	142
32	506
32	468
32	633
33	71
33	508
33	636
33	163
33	530
33	580
33	598
33	642
33	260
33	484
33	660
33	328
33	245
33	396
33	485
33	585
33	124
33	415
33	369
33	420
33	614
33	572
33	272
33	151
34	71
34	343
34	530
34	375
34	366
34	660
34	328
34	550
34	245
34	595
34	551
34	648
34	190
34	415
34	604
34	562
34	266
34	419
34	117
34	292
35	283
35	341
35	262
35	185
35	58
35	161
35	59
35	484
35	76
35	308
35	390
35	103
36	214
36	245
36	226
36	576
36	47
36	364
36	408
36	42
36	415
36	70
37	51
37	559
38	341
39	430
39	631
40	577
40	112
41	468
41	624
41	221
41	641
41	306
41	559
41	51
41	662
41	642
41	506
41	613
42	61
42	507
42	262
42	546
42	484
42	350
42	121
42	476
42	323
42	359
42	503
42	341
42	339
42	288
42	612
42	88
42	130
42	108
42	415
42	576
42	102
42	151
42	160
42	648
42	598
42	569
42	535
42	485
42	621
42	303
42	467
42	475
42	369
42	640
42	54
42	408
42	164
42	213
42	60
42	266
42	293
42	219
42	133
42	70
42	248
42	197
42	455
42	149
42	221
42	664
43	621
43	293
43	296
44	57
44	517
44	273
44	369
44	269
44	530
44	53
44	500
44	126
44	552
45	657
46	613
46	372
46	492
46	429
46	311
46	212
47	350
47	226
47	649
47	546
47	213
47	185
47	377
47	256
47	408
47	576
47	447
47	242
47	70
47	503
47	266
47	654
47	473
48	72
48	327
48	489
48	648
48	484
48	268
48	330
48	581
48	294
49	311
50	468
51	542
51	468
51	427
51	198
51	624
51	559
52	343
52	570
52	53
52	369
52	75
52	453
52	530
52	135
53	343
53	530
53	602
53	80
53	365
53	305
53	126
53	138
53	222
53	108
53	415
53	102
53	369
53	417
53	607
53	54
54	343
54	602
54	535
54	536
54	80
54	305
54	126
54	85
54	202
54	522
54	414
54	280
54	369
54	227
54	417
54	620
54	266
54	75
54	57
54	341
55	366
55	375
55	291
55	266
55	384
56	512
56	387
56	76
56	479
57	294
57	343
57	590
57	226
57	375
57	382
57	637
57	73
57	126
57	281
57	280
57	102
57	369
57	517
57	341
58	582
58	283
59	145
59	76
59	423
59	603
59	304
59	360
59	110
59	469
59	484
59	365
59	138
59	283
59	108
59	248
59	161
59	129
59	471
59	90
59	533
59	192
59	489
60	476
60	640
61	121
61	279
61	165
62	521
62	215
62	487
63	562
64	480
65	540
65	91
65	67
65	398
66	340
67	540
67	460
67	648
67	91
67	306
67	598
68	466
68	669
68	574
69	363
70	350
70	576
70	507
70	264
71	508
71	163
71	636
71	530
71	580
71	598
71	642
71	260
71	484
71	660
71	328
71	550
71	245
71	396
71	585
71	190
71	124
71	415
71	369
71	420
71	572
71	419
71	272
71	151
71	117
71	292
72	369
72	376
72	265
72	300
72	302
72	489
72	252
72	434
72	399
72	526
72	330
72	294
73	294
73	593
73	226
73	558
73	375
73	637
73	299
73	371
73	338
73	559
73	591
73	170
73	359
73	440
73	319
73	228
73	149
73	654
74	508
75	643
75	136
75	243
75	468
75	556
76	444
76	283
76	143
76	632
76	479
76	161
76	484
77	258
77	100
77	597
77	225
78	590
78	343
78	638
78	344
79	148
79	555
79	437
79	411
79	623
79	467
79	612
80	620
80	658
80	493
80	666
80	385
80	305
80	354
80	104
80	122
80	152
81	120
81	132
81	248
82	516
82	653
83	351
83	654
83	226
83	495
84	108
85	536
86	372
87	488
87	290
87	107
88	443
88	503
88	507
88	133
88	323
88	640
89	326
90	248
90	591
90	160
90	138
90	365
90	448
90	533
90	100
90	258
90	581
91	540
91	670
91	630
92	322
92	599
92	254
92	295
93	340
93	142
94	296
95	572
95	420
96	531
96	536
97	519
97	485
97	592
97	303
97	536
98	291
98	133
98	612
99	587
99	543
100	416
100	591
100	160
100	321
100	510
100	448
100	225
100	258
100	581
101	613
101	316
101	579
102	343
102	530
102	642
102	637
102	535
102	484
102	365
102	138
102	303
102	591
102	645
102	202
102	585
102	283
102	369
102	248
102	237
102	206
102	341
103	317
103	341
103	540
103	440
103	584
103	526
103	359
103	117
103	308
105	535
105	150
106	555
106	411
107	488
107	290
108	129
108	262
108	451
108	324
108	405
108	662
108	308
108	167
108	471
108	343
108	422
108	437
108	585
108	489
108	415
108	396
108	297
108	411
108	137
108	598
108	110
108	245
108	145
108	369
108	304
108	213
108	653
108	423
108	285
108	248
108	318
109	641
110	423
110	489
110	145
110	304
110	471
110	129
111	232
111	507
111	369
112	397
112	577
113	456
113	197
113	411
113	339
114	172
114	446
115	658
116	567
116	365
117	540
117	163
117	526
117	550
117	591
117	245
117	190
117	584
117	415
117	604
117	359
117	440
117	419
117	292
118	539
118	638
119	131
120	132
121	165
121	343
121	358
121	316
121	598
121	642
121	612
121	279
121	505
121	496
121	621
121	303
121	550
121	411
121	415
121	555
121	634
121	475
121	197
121	614
121	164
121	489
123	245
123	366
123	420
123	246
123	609
124	125
124	482
124	418
124	642
124	361
124	484
124	608
124	621
124	219
124	241
124	396
124	585
124	369
124	572
124	419
125	572
125	489
125	621
125	608
125	553
126	273
126	517
126	249
126	500
126	158
126	642
126	343
126	202
126	342
126	449
126	552
127	381
127	661
127	269
127	500
128	643
128	568
128	313
128	466
128	669
128	635
128	168
128	233
129	285
129	423
129	471
129	304
129	489
129	145
130	640
130	476
130	350
130	160
130	293
130	323
130	503
131	338
131	492
132	365
133	236
133	213
133	640
133	391
133	659
133	503
133	655
133	351
133	654
134	466
134	347
136	643
136	149
136	546
136	646
136	618
136	243
136	217
136	556
136	503
137	324
137	213
138	248
138	222
138	369
138	530
138	328
138	607
138	365
138	533
139	401
140	624
141	615
142	396
142	621
142	612
142	301
143	632
143	444
144	337
145	423
145	471
145	304
145	489
145	386
145	347
145	388
146	486
147	368
147	157
148	411
148	226
148	555
148	264
148	396
148	303
148	261
148	351
148	504
149	386
149	329
149	294
149	343
149	558
149	347
149	546
149	273
149	598
149	166
149	496
149	648
149	488
149	369
149	323
149	503
149	614
149	654
151	236
151	245
151	530
151	262
151	272
151	648
151	636
151	621
151	508
151	260
151	163
151	598
151	484
151	415
152	620
152	666
152	658
152	176
152	528
153	191
153	613
154	490
154	610
154	657
155	621
155	324
156	213
157	368
157	306
157	192
158	366
158	552
158	357
158	229
159	192
160	210
160	640
160	476
160	572
160	576
160	293
160	323
160	258
161	484
161	283
162	164
162	331
163	245
163	530
163	328
163	272
163	636
163	508
163	260
163	484
163	415
164	197
164	421
164	221
164	475
164	426
164	612
164	621
164	560
164	504
165	279
165	492
166	329
166	438
166	294
167	471
167	653
167	204
167	505
167	396
167	318
167	662
168	313
169	348
170	360
170	366
170	375
170	593
170	226
170	262
171	269
171	484
172	446
173	550
173	392
174	209
174	578
174	573
175	464
175	403
175	605
175	338
175	400
176	585
176	257
176	584
176	541
177	643
178	340
179	617
179	283
180	243
180	292
180	556
180	631
181	580
181	488
182	645
183	191
183	639
184	540
184	283
185	283
185	350
185	546
185	649
185	652
185	262
185	557
185	503
185	390
186	611
186	498
187	664
187	550
187	201
187	669
187	488
187	560
187	598
187	484
188	239
189	601
190	379
190	340
190	467
190	508
190	530
190	668
190	344
190	207
190	612
190	260
190	484
190	537
190	436
190	328
190	550
190	245
190	415
190	248
190	419
190	292
191	204
191	572
191	613
191	536
192	670
192	306
192	498
193	396
193	668
193	508
193	467
193	612
194	469
194	348
194	560
194	598
195	375
196	277
196	502
196	466
196	669
196	320
197	560
197	598
197	339
197	218
197	612
197	504
197	608
197	621
197	303
197	650
197	426
197	411
197	415
197	421
198	542
198	559
199	612
200	590
200	262
201	664
202	517
202	369
202	227
202	591
202	341
202	500
202	522
202	343
202	548
202	383
203	307
204	505
204	316
204	579
205	347
205	463
205	624
206	341
206	642
206	645
207	554
207	416
207	258
207	225
207	250
208	324
208	621
208	410
208	244
209	578
209	573
210	269
210	273
210	323
211	591
211	328
212	369
212	530
213	324
213	668
213	598
213	377
213	642
213	518
213	612
213	279
213	621
213	328
213	644
213	245
213	415
213	447
213	563
213	458
213	473
214	245
214	415
214	484
215	450
215	521
215	514
215	487
216	344
217	218
217	646
217	432
217	556
217	618
218	343
218	226
218	594
218	375
218	406
218	484
218	661
218	328
218	559
218	650
218	511
218	426
218	618
218	657
218	352
218	369
218	562
218	524
218	266
218	596
218	354
219	507
220	423
221	341
221	475
221	641
221	642
222	305
222	369
223	275
223	573
223	339
225	416
225	250
225	247
225	597
225	394
225	554
225	258
226	261
226	593
226	558
226	375
226	264
226	406
226	366
226	504
226	308
226	303
226	408
226	396
226	576
226	411
226	495
226	228
226	278
226	267
226	351
226	341
226	654
228	343
229	366
229	357
229	342
230	259
231	267
232	483
232	658
232	517
233	466
233	669
234	264
235	488
236	333
236	655
236	351
236	654
236	379
237	283
238	265
238	314
238	248
239	338
240	457
240	248
242	377
243	643
243	646
243	292
243	556
243	355
243	419
243	604
243	407
243	598
243	363
244	324
244	621
244	410
245	636
245	419
245	484
245	530
245	642
245	420
245	458
245	339
245	260
245	328
245	612
245	279
245	508
245	477
245	415
245	572
245	447
245	660
245	648
245	344
245	598
245	303
245	668
245	580
245	293
245	653
245	285
245	272
245	629
246	570
246	627
246	609
247	597
248	540
248	530
248	598
248	360
248	365
248	621
248	653
248	411
248	415
248	369
248	267
248	641
248	533
248	341
248	489
248	334
250	554
250	416
250	394
250	258
251	442
251	320
252	491
252	300
253	601
253	560
254	649
254	503
254	309
254	598
254	384
255	651
255	566
255	288
255	436
255	508
256	535
256	284
256	654
256	473
257	585
257	584
258	416
258	321
258	597
259	649
259	477
260	530
260	515
260	272
260	636
260	508
260	484
260	415
261	411
261	264
261	396
261	558
261	303
261	351
261	504
262	467
262	593
262	590
262	557
262	405
262	652
262	580
262	663
262	390
262	311
262	629
262	484
262	526
262	621
262	584
262	283
262	312
262	307
262	359
262	293
262	513
263	591
264	495
264	411
264	641
264	396
264	303
264	351
264	504
265	434
265	641
265	526
265	606
266	375
266	546
266	341
266	473
266	366
266	559
266	535
266	654
267	441
267	541
267	359
267	446
267	560
268	581
268	438
268	583
268	327
269	443
269	661
269	273
270	577
271	432
272	530
272	328
272	636
272	508
272	484
272	415
273	517
273	500
273	552
274	585
275	547
275	545
275	573
275	339
276	522
277	669
277	320
278	351
279	444
279	555
279	632
279	475
279	454
279	505
279	458
279	642
279	484
279	598
279	316
279	550
280	620
280	341
280	414
281	637
282	405
282	438
283	540
283	484
283	526
283	577
283	584
283	497
283	488
283	617
283	359
283	614
283	489
284	520
284	535
284	671
285	491
285	489
285	364
285	598
286	444
287	488
288	566
288	475
288	621
288	408
288	410
288	651
288	303
289	662
290	488
290	395
291	366
292	556
292	379
292	586
292	587
292	550
293	467
293	640
293	665
293	629
293	621
293	576
293	648
293	307
293	323
293	476
293	503
293	452
294	327
294	489
294	648
294	559
294	484
294	615
294	330
294	581
294	438
295	599
297	585
297	422
298	535
300	588
302	311
303	484
303	523
303	366
303	375
303	341
303	339
303	328
303	612
303	343
303	415
303	385
303	396
303	411
303	598
303	351
303	485
303	621
303	519
303	475
303	369
303	408
303	474
303	592
303	468
303	504
303	469
304	423
304	471
304	479
304	489
305	369
305	658
305	414
305	602
305	342
305	417
306	433
306	421
307	557
308	558
308	591
308	341
308	654
309	407
309	598
309	384
310	575
310	318
311	429
311	469
311	641
311	440
311	345
313	568
313	635
315	359
315	584
316	613
316	492
316	579
316	536
317	440
318	544
318	575
319	371
320	669
321	551
322	599
323	640
323	476
323	546
323	576
323	664
323	503
323	343
323	467
324	644
324	563
324	447
324	328
324	473
324	518
324	653
324	621
324	410
324	585
325	396
325	346
325	612
326	637
327	648
327	489
327	581
327	330
327	484
328	530
328	668
328	344
328	612
328	504
328	484
328	660
328	591
328	485
328	415
328	369
328	562
328	419
330	369
330	469
330	489
330	648
330	484
330	581
330	585
333	549
333	661
333	484
334	411
335	621
335	410
336	613
338	461
338	393
338	464
339	411
339	573
339	534
339	547
340	375
340	366
340	568
340	379
340	342
341	343
341	558
341	642
341	637
341	365
341	526
341	591
341	396
341	645
341	584
341	369
341	359
341	440
341	533
341	473
341	654
342	343
342	642
343	558
343	347
343	375
343	642
343	366
343	468
343	470
343	570
343	591
343	369
343	517
343	402
344	562
347	643
347	556
347	386
347	374
348	469
348	494
348	560
348	598
348	530
349	600
349	424
350	546
350	649
350	576
350	455
350	503
350	654
351	495
351	411
351	396
351	655
351	654
351	504
352	468
352	524
352	466
352	661
352	488
352	669
353	496
353	614
354	657
354	493
355	649
355	415
355	407
355	508
355	598
355	419
355	604
356	667
356	486
356	467
357	658
358	505
358	496
358	614
359	540
359	467
359	367
359	526
359	365
359	577
359	591
359	396
359	584
359	440
359	572
359	533
360	593
360	533
360	365
361	509
362	429
363	646
363	556
364	550
364	503
364	649
364	669
364	438
364	598
365	530
365	526
365	396
365	567
365	584
365	369
365	440
365	533
366	375
366	669
366	591
366	615
366	440
369	484
369	530
369	607
369	642
369	488
369	612
369	591
369	585
369	415
369	650
369	570
369	648
369	598
369	485
369	524
369	475
369	614
369	469
370	634
373	603
373	619
375	593
375	558
375	406
376	585
376	670
377	551
378	671
379	550
379	616
379	537
380	669
380	404
381	661
381	500
383	500
383	517
384	503
385	658
386	648
386	510
386	435
386	546
386	565
389	568
390	590
390	663
390	557
391	656
392	550
396	668
396	592
396	612
396	504
396	484
396	526
396	485
396	584
396	411
396	440
400	403
400	605
401	517
402	428
403	605
405	444
405	438
408	431
408	576
408	569
409	451
409	439
410	621
411	623
411	612
411	504
411	621
411	436
411	653
411	606
411	481
411	555
411	641
412	553
413	499
413	603
413	454
414	620
415	636
415	419
415	604
415	484
415	530
415	420
415	590
415	612
415	508
415	572
415	660
415	648
415	598
415	485
415	621
415	668
415	564
415	580
415	504
418	642
419	621
419	604
419	484
419	550
420	572
420	629
420	458
420	560
420	580
420	564
421	504
421	433
421	426
423	471
423	489
424	600
424	669
425	644
426	650
426	504
426	560
429	613
430	631
432	556
433	647
434	641
434	526
434	606
436	555
436	623
436	568
436	612
436	508
436	484
436	467
437	555
437	641
437	623
437	653
438	669
438	598
438	550
439	451
440	540
440	526
440	559
440	591
440	584
440	615
440	533
441	628
441	665
443	503
444	626
444	632
444	492
445	471
449	517
450	514
451	585
454	499
455	576
458	580
458	642
459	460
459	670
460	670
461	560
462	590
465	642
466	476
466	468
466	669
466	590
466	503
466	484
466	550
467	508
467	652
467	668
467	640
467	486
467	612
467	484
467	621
467	667
467	622
467	476
467	610
468	546
468	669
468	559
468	488
468	506
469	526
469	598
469	560
469	585
471	489
471	653
471	662
472	669
473	644
473	563
473	654
475	485
475	598
476	640
476	576
476	503
478	494
479	489
482	642
484	636
484	530
484	669
484	642
484	488
484	590
484	560
484	581
484	612
484	508
484	585
484	587
484	572
484	660
484	648
484	598
484	485
484	621
484	564
484	653
484	504
485	598
485	592
485	612
485	504
485	660
485	519
486	667
487	521
487	514
488	560
488	546
488	598
488	642
488	496
488	550
488	648
488	657
488	610
488	614
488	489
489	612
489	653
489	491
489	614
489	641
490	610
490	657
495	654
496	505
496	546
496	614
500	517
500	661
501	545
503	546
503	649
503	510
503	576
505	614
507	640
507	576
507	569
508	636
508	530
508	598
508	669
508	612
508	537
508	550
508	587
509	561
510	646
510	556
516	653
517	658
517	552
519	592
520	535
524	650
524	661
525	598
525	589
526	540
526	645
526	584
526	533
527	650
528	658
529	613
530	636
530	648
530	607
531	536
532	549
533	584
535	598
536	579
536	613
539	638
540	584
542	559
544	575
545	547
546	625
546	649
546	598
546	556
546	550
546	551
546	614
550	598
550	586
550	669
550	604
550	587
551	562
555	623
555	653
556	643
556	646
556	618
556	559
556	598
557	663
558	654
559	644
559	646
559	624
560	598
560	601
563	644
564	590
564	572
564	580
568	635
569	640
572	608
572	590
572	580
573	578
574	669
576	640
577	584
579	613
580	629
581	591
581	648
585	642
585	658
585	653
589	598
590	638
590	669
590	598
591	642
591	613
591	615
594	596
594	641
594	598
598	669
598	612
598	648
598	621
598	614
598	649
603	619
606	641
608	621
610	657
612	652
612	668
612	621
612	622
614	648
618	646
620	658
621	664
623	653
626	632
628	665
630	670
636	669
641	653
641	642
642	645
650	661
653	662
654	655
658	666
