3	0
3	1
3	6
3	16
3	21
3	44
3	65
3	92
3	93
3	94
3	95
3	99
3	116
3	136
3	190
3	191
3	222
3	405
3	558
3	559
3	560
3	561
3	562
3	563
3	566
3	567
3	568
3	569
3	570
3	571
3	572
3	573
3	574
3	575
3	576
3	577
3	578
3	579
3	580
3	581
3	582
3	583
3	584
3	585
3	586
3	587
3	588
3	589
3	590
3	591
3	592
3	593
3	594
3	595
3	596
3	597
3	598
3	599
3	600
3	601
3	602
3	603
3	604
3	605
3	606
3	607
3	608
3	609
3	610
3	611
3	612
3	613
3	614
3	615
3	616
3	617
3	618
3	619
3	620
3	621
3	622
3	623
3	624
3	625
3	626
3	627
3	628
3	629
3	630
3	631
3	632
3	633
3	634
3	635
3	636
3	637
3	638
3	639
3	640
3	641
3	642
3	643
3	644
3	645
3	646
3	647
3	648
3	649
3	650
3	651
3	652
3	653
3	654
3	656
3	658
0	7
0	8
0	16
0	22
0	60
0	74
0	85
0	89
0	90
0	92
0	93
0	94
0	96
0	97
0	98
0	99
0	100
0	101
0	103
0	104
0	105
0	106
0	107
0	108
0	110
0	111
0	112
0	113
0	114
0	115
0	116
0	117
0	118
0	119
0	120
0	121
0	122
0	123
0	124
0	125
0	126
0	127
0	128
0	129
0	130
0	131
0	132
0	133
0	134
0	135
0	136
0	137
0	138
0	139
0	140
0	141
0	143
0	144
0	145
0	146
0	147
0	148
0	149
0	150
0	151
0	152
0	153
0	154
0	155
0	156
0	157
0	159
0	160
0	161
0	162
0	163
0	164
0	165
0	166
0	167
0	168
0	169
0	170
0	171
0	172
0	173
0	174
0	175
0	176
0	177
0	178
0	179
0	180
0	181
0	182
0	183
0	184
0	185
7	38
7	87
7	98
7	100
7	113
7	118
7	141
7	142
7	160
7	187
7	381
7	431
7	660
7	837
7	838
7	839
7	841
7	842
7	843
7	844
7	845
7	846
7	847
7	848
7	849
7	850
7	851
7	852
7	853
7	855
7	856
7	857
7	858
7	859
7	860
7	861
7	862
7	863
7	864
7	866
7	867
7	868
7	869
7	870
7	871
7	872
7	873
7	874
7	875
7	876
7	877
7	878
7	879
7	880
7	881
7	882
7	883
7	884
7	885
7	886
7	887
7	888
7	889
7	890
7	891
7	892
7	893
7	894
7	895
7	896
7	897
7	898
7	899
7	900
7	901
7	902
7	903
7	904
7	905
7	906
7	907
7	908
7	909
7	910
7	911
7	912
7	913
7	914
7	915
7	916
7	917
7	918
7	919
7	920
7	921
7	922
7	923
7	924
7	925
7	926
7	927
7	928
7	929
7	930
7	931
7	932
7	933
7	934
7	935
7	936
7	937
7	938
7	939
7	940
7	941
7	942
7	943
7	944
7	945
7	946
7	947
7	948
7	949
7	950
7	951
7	952
7	953
7	954
7	955
7	956
7	957
7	958
7	959
7	960
7	961
7	962
7	963
7	964
7	965
7	966
7	967
7	968
7	969
7	970
7	971
7	972
7	973
7	974
7	975
7	976
7	977
7	978
7	979
7	980
7	981
7	982
7	983
7	984
7	985
7	986
7	987
7	988
7	989
7	990
7	991
7	992
7	993
7	995
7	996
7	997
7	998
7	999
7	1000
7	1001
7	1002
7	1003
7	1004
7	1005
7	1006
7	1007
7	1008
7	1009
7	1010
7	1011
7	1012
7	1013
7	1014
7	1015
7	1016
7	1017
7	1018
7	1019
7	1020
7	1021
7	1022
7	1023
7	1024
8	33
8	45
8	76
8	91
8	92
8	231
8	826
8	1032
8	1033
8	1034
8	1035
8	1036
8	1037
8	1038
8	1039
8	1040
8	1041
8	1042
8	1043
8	1044
8	1045
8	1046
8	1047
8	1048
8	1049
8	1050
8	1051
8	1052
8	1053
8	1054
8	1055
8	1056
8	1057
8	1058
8	1059
8	1060
8	1061
8	1062
8	1063
8	1064
8	1065
8	1066
8	1067
8	1068
8	1069
8	1070
8	1071
8	1072
8	1073
8	1074
8	1075
8	1076
8	1077
8	1078
8	1079
8	1080
16	1
16	6
16	44
16	88
16	92
16	93
16	94
16	113
16	157
16	160
16	450
16	561
16	578
16	582
16	588
16	639
16	657
16	660
16	663
16	672
16	1030
16	1249
16	1626
16	1631
16	1715
16	1716
16	1717
16	1718
16	1719
16	1720
16	1721
16	1722
16	1723
16	1724
16	1725
16	1726
16	1727
16	1728
16	1729
16	1730
16	1731
16	1732
16	1733
16	1734
16	1735
16	1736
16	1737
16	1738
16	1739
16	1740
16	1741
16	1742
16	1743
16	1744
16	1745
16	1746
16	1747
16	1748
16	1749
16	1750
16	1751
16	1752
16	1753
16	1754
16	1755
16	1756
16	1757
16	1758
16	1759
16	1760
16	1761
16	1762
16	1763
16	1764
16	1765
16	1766
16	1767
16	1768
16	1769
16	1770
16	1771
16	1772
16	1773
16	1774
16	1775
16	1776
16	1777
16	1778
16	1779
16	1780
16	1781
16	1782
16	1783
16	1784
16	1785
16	1786
16	1787
16	1788
16	1789
16	1790
16	1791
16	1792
16	1793
16	1794
16	1795
16	1796
16	1797
16	1798
16	1799
22	99
22	160
22	235
22	670
22	2055
22	2056
22	2057
22	2058
22	2059
22	2060
22	2061
22	2062
22	2063
22	2064
22	2065
22	2066
22	2067
22	2068
22	2069
22	2070
22	2071
22	2072
22	2073
22	2074
22	2075
22	2076
22	2077
22	2078
22	2079
22	2080
22	2081
22	2082
22	2083
22	2084
22	2085
22	2086
22	2087
22	2088
22	2089
22	2090
22	2091
22	2092
22	2093
22	2094
22	2095
22	2096
22	2097
22	2098
22	2099
60	67
60	76
60	99
60	826
60	1047
60	2260
60	3008
60	3108
60	3120
60	3220
60	3434
60	3459
60	3491
60	3632
60	3642
60	3716
60	4482
60	4840
60	4844
60	5129
60	5130
60	5131
60	5132
60	5133
60	5134
60	5135
60	5136
60	5137
60	5138
60	5139
60	5140
60	5141
60	5142
60	5143
60	5144
60	5145
60	5146
60	5147
60	5148
60	5149
60	5150
60	5151
60	5152
60	5153
60	5154
60	5155
60	5156
60	5157
60	5158
60	5159
60	5160
60	5161
60	5162
60	5163
60	5164
60	5165
60	5166
60	5167
60	5168
60	5169
60	5170
60	5171
60	5172
60	5173
60	5174
60	5175
60	5176
60	5177
60	5179
60	5180
60	5181
60	5182
60	5183
60	5184
60	5185
60	5186
60	5187
60	5188
60	5189
74	2
74	84
74	92
74	99
74	388
74	451
74	483
74	921
74	1674
74	3827
74	4228
74	6103
74	6104
74	6105
74	6106
74	6107
74	6108
74	6109
74	6110
74	6111
74	6112
74	6113
74	6114
74	6115
74	6116
74	6117
74	6118
74	6119
74	6120
85	86
85	91
85	99
85	113
85	235
85	274
85	396
85	490
85	670
85	1631
85	1804
85	3822
85	4262
85	6264
85	6265
85	6266
85	6267
85	6268
85	6269
85	6270
85	6271
85	6272
85	6273
85	6274
85	6275
85	6276
85	6277
85	6278
85	6680
85	6681
85	6682
85	6683
85	6684
85	6685
85	6686
85	6687
85	6688
85	6689
85	6690
85	6691
85	6692
85	6693
85	6694
85	6695
85	6696
85	6697
85	6698
85	6699
85	6700
85	6701
85	6702
85	6703
85	6704
85	6705
85	6706
85	6707
85	6708
85	6709
85	6710
85	6711
85	6712
85	6713
85	6714
85	6715
85	6716
85	6717
85	6718
92	2
92	5
92	6
92	9
92	11
92	14
92	17
92	19
92	20
92	25
92	28
92	33
92	38
92	42
92	43
92	44
92	52
92	59
92	67
92	73
92	77
92	79
92	83
92	84
92	86
92	88
99	1
99	2
99	4
99	5
99	9
99	12
99	14
99	17
99	18
99	21
99	25
99	26
99	28
99	30
99	33
99	38
99	40
99	41
99	51
99	53
99	54
99	56
99	59
99	65
99	66
99	67
99	68
99	69
99	73
99	77
99	78
99	79
99	80
113	2
113	4
113	5
113	11
113	13
113	14
113	15
113	17
113	18
113	19
113	21
113	23
113	26
113	29
113	30
113	36
113	39
113	41
113	42
113	48
113	50
113	51
113	53
113	57
113	59
113	61
113	64
113	67
113	70
113	73
113	76
113	82
113	84
115	38
115	73
140	34
140	36
140	39
140	42
140	67
140	69
141	38
157	6
157	43
157	88
160	1
160	13
160	17
160	18
160	20
160	24
160	25
160	26
160	36
160	38
160	41
160	44
160	47
160	50
160	52
160	58
160	59
160	64
160	69
160	76
160	79
160	82
160	83
160	88
163	6
163	14
163	76
163	83
1	6
1	18
1	26
1	44
1	66
1	79
1	88
1	190
1	192
1	193
1	194
1	195
1	196
1	197
1	198
1	199
1	200
1	201
1	202
1	204
1	205
1	206
1	207
1	208
1	209
1	211
1	212
1	213
1	214
1	215
1	217
1	219
1	220
1	223
1	224
1	225
1	226
1	227
1	229
1	230
1	232
1	234
1	235
1	236
1	237
1	238
1	239
1	240
1	241
1	242
1	243
1	244
1	245
1	246
1	247
1	248
1	249
1	250
1	251
1	252
1	253
1	254
1	255
1	256
1	257
1	258
1	259
1	260
1	261
1	262
1	263
1	264
1	265
1	266
1	267
1	268
1	269
1	270
1	271
1	272
1	273
1	274
1	275
1	276
1	277
1	278
1	279
1	280
1	281
1	282
1	284
1	285
1	286
1	287
1	288
1	289
1	290
1	291
1	292
1	293
1	294
1	295
1	296
1	297
1	298
1	299
1	300
1	301
1	302
1	303
1	304
1	305
1	306
1	307
1	308
1	309
1	310
1	311
1	312
1	313
1	314
1	315
1	316
1	317
1	318
1	319
1	320
1	321
1	322
1	323
1	324
1	325
1	326
1	327
1	328
1	329
1	330
1	331
1	332
1	333
1	334
1	335
1	336
1	337
1	338
1	339
1	340
1	341
1	342
1	343
1	344
1	345
1	346
1	347
1	348
1	349
1	350
1	351
1	352
1	353
1	354
1	355
1	356
1	357
1	358
1	359
1	360
1	361
1	362
1	363
1	364
1	365
1	366
1	367
1	368
1	369
1	370
1	371
1	372
6	688
6	772
6	773
6	774
6	775
6	777
6	778
6	779
6	781
6	782
6	783
6	784
6	785
6	786
6	788
6	789
6	790
6	791
6	792
6	793
6	794
6	795
6	796
6	797
6	798
6	799
6	800
6	801
6	802
6	803
6	804
6	805
6	806
6	807
6	808
6	809
6	810
6	811
6	812
6	813
6	814
6	815
6	816
6	817
6	818
6	819
6	820
6	821
6	822
6	823
6	824
6	825
6	826
6	827
6	828
6	829
6	830
6	831
6	832
6	833
6	834
6	835
18	13
18	14
18	17
18	26
18	235
18	237
18	356
18	490
18	994
18	1027
18	1160
18	1291
18	1379
18	1382
18	1476
18	1592
18	1806
18	1859
18	1860
18	1861
18	1862
18	1863
18	1864
18	1865
18	1866
18	1867
18	1868
18	1869
18	1870
18	1871
18	1872
18	1873
18	1874
18	1875
18	1876
18	1877
18	1878
18	1879
18	1880
18	1881
18	1882
18	1883
18	1884
18	1885
18	1886
18	1887
18	1888
18	1889
18	1890
18	1891
18	1892
18	1893
18	1894
18	1895
18	1896
18	1897
18	1898
18	1899
18	1900
18	1901
18	1902
18	1903
18	1904
18	1905
18	1906
18	1907
18	1908
18	1909
18	1910
18	1911
18	1912
18	1913
18	1914
18	1915
18	1916
18	1917
18	1918
18	1919
18	1920
26	15
26	75
26	221
26	228
26	235
26	666
26	670
26	1030
26	1441
26	1592
26	1627
26	1628
26	1687
26	1694
26	1909
26	1919
26	2263
26	2264
26	2265
26	2266
26	2267
26	2268
26	2269
26	2270
26	2272
26	2273
26	2274
26	2275
26	2276
26	2277
26	2278
26	2279
26	2280
26	2281
26	2282
26	2283
26	2284
26	2285
26	2286
26	2287
26	2288
26	2289
26	2290
26	2291
26	2292
26	2293
26	2294
26	2295
26	2296
26	2297
26	2298
26	2299
26	2300
26	2301
26	2302
26	2303
26	2304
26	2305
26	2306
26	2307
26	2308
26	2309
26	2310
26	2311
26	2312
26	2313
26	2314
26	2315
26	2316
26	2317
26	2318
26	2319
26	2320
26	2321
26	2322
26	2323
26	2324
26	2325
26	2326
26	2327
26	2328
26	2329
26	2330
26	2331
26	2332
26	2333
26	2334
26	2335
26	2336
26	2337
26	2338
26	2339
26	2340
26	2341
26	2342
26	2343
26	2344
26	2345
26	2346
26	2347
26	2348
44	362
44	672
44	688
44	772
44	773
44	774
44	775
44	778
44	780
44	794
44	818
44	832
44	2923
44	3856
44	3857
44	3858
44	3859
44	3860
44	3861
44	3862
44	3863
44	3864
44	3865
44	3866
44	3867
44	3868
44	3869
44	3870
44	3871
44	3872
44	3873
44	3874
44	3875
44	3876
44	3877
44	3878
44	3879
44	3880
44	3881
44	3882
44	3883
44	3884
44	3885
44	3886
44	3887
44	3888
44	3889
44	3890
44	3891
44	3892
44	3893
44	3894
44	3895
44	3896
44	3897
44	3898
44	3899
44	3900
44	3901
44	3902
44	3903
44	3904
44	3905
44	3906
44	3907
44	3908
44	3909
44	3910
44	3911
44	3912
44	3913
44	3914
44	3915
44	3916
44	3917
44	3918
44	3919
44	3920
44	3921
44	3922
44	3923
44	3924
44	3925
44	3926
44	3927
44	3928
44	3929
44	3930
44	3931
44	3932
44	3933
44	3934
44	3935
44	3936
44	3937
44	3938
44	3939
44	3940
44	3941
44	3942
44	3943
44	3944
44	3945
44	3946
44	3947
44	3948
44	3949
44	3950
44	3951
44	3952
44	3953
44	3954
44	3955
44	3956
44	3957
44	3958
44	3959
44	3960
44	3961
44	3962
44	3963
44	3964
44	3965
44	3966
44	3967
44	3968
44	3969
44	3970
44	3971
44	3972
44	3973
44	3974
44	3975
44	3976
44	3977
44	3978
44	3979
44	3980
66	218
66	222
66	233
66	235
66	259
66	312
66	347
66	1823
66	1836
66	4707
66	5547
66	5548
66	5549
66	5550
66	5551
66	5552
66	5553
66	5554
66	5555
66	5556
66	5557
66	5558
66	5559
66	5560
66	5561
66	5562
66	5563
66	5564
66	5565
66	5566
66	5567
66	5568
66	5569
66	5570
66	5571
66	5572
66	5573
66	5574
66	5575
66	5576
66	5577
66	5578
66	5579
66	5580
66	5581
66	5582
66	5583
66	5584
66	5585
66	5586
66	5587
66	5588
66	5589
66	5590
66	5591
66	5592
66	5593
66	5594
66	5595
79	47
79	254
79	256
79	263
79	748
79	749
79	1031
79	1505
79	1713
79	1849
79	1855
79	1913
79	4106
79	4123
79	4139
79	4152
79	4154
79	4408
79	5954
79	6284
79	6285
79	6286
79	6287
79	6288
79	6289
79	6290
79	6291
79	6292
79	6293
79	6294
79	6295
79	6296
79	6297
79	6298
79	6299
79	6300
79	6301
79	6302
79	6303
79	6304
79	6305
79	6306
79	6307
79	6308
79	6309
79	6310
79	6311
79	6312
79	6313
79	6314
79	6315
79	6316
79	6317
79	6318
79	6319
79	6320
79	6321
79	6322
79	6323
79	6324
79	6325
79	6326
79	6327
79	6328
79	6329
79	6330
79	6331
79	6332
79	6333
79	6334
79	6335
79	6336
79	6337
79	6338
79	6339
79	6340
79	6341
79	6342
79	6343
79	6344
79	6345
79	6346
79	6347
79	6348
79	6349
79	6350
79	6351
79	6352
79	6353
79	6354
79	6355
79	6356
79	6357
79	6358
79	6359
79	6360
79	6361
79	6362
79	6363
79	6364
79	6365
79	6366
79	6367
79	6368
79	6369
79	6370
79	6371
79	6372
88	688
88	772
88	773
88	775
88	778
88	793
88	804
88	825
88	826
88	827
88	828
88	829
88	832
88	1857
88	2187
88	2738
88	4267
88	6763
88	6764
88	6765
88	6766
88	6767
88	6768
88	6769
88	6770
88	6771
88	6772
88	6773
88	6774
88	6775
88	6776
88	6777
88	6778
88	6779
88	6780
88	6781
88	6782
88	6783
88	6784
88	6785
88	6786
88	6787
88	6788
88	6789
88	6790
88	6791
88	6792
88	6793
88	6794
88	6795
88	6796
88	6797
88	6798
88	6799
88	6800
88	6801
88	6802
88	6803
88	6804
88	6805
88	6806
88	6807
88	6808
197	54
197	78
219	17
235	2
235	5
235	9
235	13
235	17
235	19
235	31
235	33
235	37
235	40
235	41
235	53
235	54
235	69
235	73
235	76
235	80
237	15
243	29
262	39
262	64
262	69
263	43
266	30
266	52
266	64
266	77
268	30
270	30
270	50
282	42
282	67
308	2
308	19
308	30
308	59
308	67
309	61
319	67
355	64
372	17
372	47
5	2
5	9
5	19
5	158
5	375
5	383
5	386
5	473
5	691
5	692
5	693
5	694
5	695
5	696
5	698
5	699
5	700
5	701
5	703
5	704
5	705
5	706
5	707
5	708
5	709
5	710
5	711
5	712
5	713
5	714
5	715
5	716
5	717
5	718
5	719
5	720
5	721
5	722
5	723
5	724
5	725
5	726
5	727
5	728
5	729
5	730
5	731
5	732
5	733
5	734
5	735
5	736
5	737
5	738
2	9
2	15
2	188
2	373
2	374
2	375
2	376
2	377
2	378
2	379
2	382
2	383
2	384
2	385
2	386
2	387
2	388
2	389
2	390
2	391
2	392
2	394
2	395
2	396
2	397
2	398
2	399
2	400
2	401
2	402
2	403
2	404
2	405
2	406
2	407
2	408
2	409
2	410
2	411
2	412
2	413
2	414
2	415
2	416
2	417
2	418
2	419
2	420
2	421
2	422
2	423
2	424
2	425
2	426
2	427
2	428
2	429
2	430
2	431
2	432
2	433
2	434
2	435
2	436
2	437
2	438
2	439
2	440
2	441
2	442
2	443
2	444
2	445
2	446
2	447
2	448
2	449
2	450
2	451
2	452
2	453
2	454
2	455
2	456
2	457
2	458
2	459
2	460
2	461
2	462
2	463
2	464
2	465
2	466
2	467
2	468
2	469
2	470
2	471
2	472
2	473
2	474
2	475
2	476
2	477
2	478
2	479
2	480
2	481
2	482
2	483
2	484
2	485
2	486
2	487
2	488
2	489
2	490
2	491
2	492
2	493
2	494
2	495
2	496
2	497
2	498
2	499
2	500
2	501
2	502
2	503
2	504
2	505
2	506
2	507
2	508
2	509
2	510
2	511
2	512
2	513
2	514
2	515
2	516
2	517
2	518
2	519
2	520
2	521
2	522
2	523
2	524
2	525
2	526
2	527
2	528
2	529
2	530
2	531
2	532
2	533
2	534
2	535
2	536
2	537
2	538
2	539
2	540
2	541
2	542
2	543
2	544
2	545
2	546
2	547
2	548
2	549
2	550
2	551
2	552
2	553
2	554
2	555
2	556
2	557
9	19
9	375
9	383
9	386
9	473
9	486
9	691
9	692
9	693
9	694
9	696
9	697
9	698
9	700
9	701
9	702
9	706
9	709
9	736
9	739
9	770
9	771
9	1081
9	1082
9	1083
9	1084
9	1085
9	1086
9	1087
9	1088
9	1089
9	1090
9	1091
9	1092
9	1093
9	1094
9	1095
9	1096
9	1097
9	1098
9	1099
9	1100
9	1101
9	1102
9	1103
9	1104
15	385
15	625
15	1030
15	1094
15	1424
15	1635
15	1636
15	1637
15	1638
15	1639
15	1640
15	1641
15	1642
15	1643
15	1644
15	1645
15	1646
15	1647
15	1648
15	1649
15	1650
15	1651
15	1652
15	1653
15	1656
15	1657
15	1658
15	1659
15	1660
15	1661
15	1662
15	1663
15	1664
15	1665
15	1666
15	1667
15	1668
15	1669
15	1670
15	1671
15	1672
15	1673
15	1674
15	1675
15	1676
15	1677
15	1678
15	1679
15	1680
15	1681
15	1682
15	1683
15	1684
15	1685
15	1686
15	1687
15	1688
15	1689
15	1690
15	1691
15	1692
15	1693
15	1694
15	1695
15	1696
15	1697
15	1698
15	1699
15	1700
15	1701
15	1702
15	1703
15	1704
15	1705
15	1706
15	1707
15	1708
15	1709
15	1710
188	76
188	80
373	56
383	19
387	14
388	17
388	58
404	82
405	31
405	33
405	47
405	64
423	28
431	38
442	38
447	27
449	52
449	64
449	70
450	30
450	31
450	33
450	70
466	38
473	13
474	84
479	67
485	14
485	76
485	80
489	53
490	14
490	21
21	50
21	1979
21	1980
21	1981
21	1982
21	1983
21	1984
21	1985
21	1986
21	1987
21	1988
21	1989
21	1990
21	1991
21	1992
21	1993
21	1994
21	1995
21	1996
21	1997
21	1998
21	1999
21	2000
21	2001
21	2002
21	2003
21	2004
21	2005
21	2006
21	2007
21	2008
21	2009
21	2010
21	2011
21	2012
21	2013
21	2014
21	2015
21	2016
21	2017
21	2018
21	2019
21	2020
21	2021
21	2022
21	2023
21	2024
21	2025
21	2026
21	2027
21	2028
21	2029
21	2030
21	2031
21	2032
21	2033
21	2034
21	2035
21	2036
21	2037
21	2038
21	2039
21	2040
21	2041
21	2042
21	2043
21	2044
21	2045
21	2046
21	2047
21	2048
21	2049
21	2050
21	2051
21	2052
21	2053
65	763
65	1856
65	3034
65	5457
65	5514
65	5515
65	5516
65	5517
65	5518
65	5519
65	5520
65	5521
65	5522
65	5523
65	5524
65	5525
65	5526
65	5527
65	5528
65	5529
65	5530
65	5531
65	5532
65	5533
65	5534
65	5535
65	5536
65	5537
65	5538
65	5539
65	5540
65	5541
65	5542
65	5543
65	5544
65	5545
65	5546
569	69
582	28
582	46
594	23
594	51
594	82
597	59
604	13
625	12
625	14
625	50
625	51
625	64
625	80
625	83
625	84
626	76
635	17
635	28
635	29
635	30
635	36
635	41
635	46
635	53
635	59
635	61
635	84
4	668
4	669
4	670
4	671
4	672
4	673
4	674
4	675
4	676
4	677
4	678
4	679
4	680
4	681
4	682
4	683
4	684
4	685
4	686
4	687
4	688
4	689
670	30
670	36
670	42
670	58
19	25
19	693
19	698
19	705
19	709
19	1101
19	1102
19	1441
19	1631
19	1921
19	1922
19	1923
19	1924
19	1925
19	1926
19	1927
19	1928
19	1929
19	1930
19	1931
19	1932
19	1933
19	1934
19	1935
19	1936
19	1937
19	1938
19	1939
19	1940
788	10
788	47
825	36
825	39
826	33
826	42
826	45
826	69
826	76
829	57
38	73
38	203
38	845
38	854
38	858
38	1028
38	1031
38	1381
38	1476
38	1630
38	1806
38	2745
38	3317
38	3318
38	3319
38	3320
38	3321
38	3322
38	3323
38	3324
38	3325
38	3326
38	3327
38	3328
38	3329
38	3330
38	3331
38	3332
38	3333
38	3334
38	3335
38	3336
38	3337
38	3338
38	3339
38	3340
38	3341
38	3342
38	3343
38	3344
38	3345
38	3346
38	3347
38	3348
38	3349
38	3350
38	3351
38	3352
38	3353
38	3354
38	3355
38	3356
38	3357
38	3358
38	3359
38	3360
38	3361
38	3362
38	3363
38	3364
38	3365
38	3366
38	3367
38	3368
38	3369
38	3370
38	3371
38	3372
38	3373
38	3374
38	3375
38	3376
38	3377
38	3378
38	3379
38	3380
38	3381
38	3382
38	3383
38	3384
38	3385
38	3386
38	3387
38	3388
38	3389
38	3390
38	3391
38	3392
38	3393
38	3394
38	3395
38	3396
38	3397
38	3398
38	3399
38	3400
38	3401
38	3402
38	3403
38	3404
38	3405
38	3406
38	3407
38	3408
38	3409
38	3410
38	3411
38	3412
38	3413
38	3414
38	3415
38	3416
38	3417
38	3418
38	3419
38	3420
38	3421
38	3422
38	3423
187	29
187	31
187	33
187	57
187	59
187	76
381	27
660	14
660	53
660	56
858	14
867	56
874	84
909	56
1023	52
33	31
33	45
33	53
33	80
33	81
33	776
33	836
33	1025
33	1036
33	1040
33	1072
33	1074
33	1094
33	1833
33	2355
33	2800
33	2804
33	2815
33	2829
33	2835
33	2839
33	2858
33	2860
33	2864
33	2882
33	2886
33	2893
33	2913
33	2914
33	2915
33	2916
33	2917
33	2918
33	2919
33	2920
33	2921
33	2922
33	2923
33	2924
33	2925
33	2926
33	2927
33	2928
33	2929
33	2930
33	2931
33	2932
33	2933
33	2934
33	2935
33	2936
33	2937
33	2938
33	2939
33	2940
33	2941
33	2942
33	2943
33	2944
33	2945
33	2946
33	2947
33	2948
33	2949
33	2950
33	2951
33	2952
33	2953
33	2954
33	2955
33	2956
33	2957
33	2958
33	2959
33	2960
33	2961
33	2962
33	2963
33	2964
33	2965
33	2966
33	2967
33	2968
33	2969
33	2970
33	2971
33	2972
33	2973
33	2974
33	2975
33	2976
33	2977
33	2978
33	2979
33	2980
33	2981
33	2982
33	2983
33	2985
33	2987
33	2988
33	2989
45	80
45	1040
45	1051
45	2986
45	3522
45	3609
45	3984
45	3985
45	3986
45	3987
45	3988
45	3989
45	3990
45	3991
45	3992
45	3993
45	3994
45	3995
45	3996
45	3997
45	3998
45	3999
45	4000
45	4001
45	4002
45	4003
45	4004
45	4005
45	4006
45	4007
45	4008
45	4009
45	4010
45	4011
45	4012
45	4013
45	4014
45	4015
45	4016
45	4017
45	4018
45	4019
45	4020
45	4021
45	4022
45	4023
45	4024
45	4025
45	4026
45	4027
45	4028
45	4029
76	53
76	57
76	1027
76	1627
76	1858
76	2187
76	2354
76	2355
76	2893
76	2921
76	3002
76	3008
76	3056
76	3079
76	3123
76	3153
76	3163
76	3215
76	3253
76	3510
76	3607
76	3632
76	3642
76	3663
76	3679
76	3682
76	3704
76	3716
76	3794
76	3983
76	4005
76	4482
76	4532
76	4757
76	4782
76	4783
76	4842
76	4845
76	5058
76	5133
76	5323
76	5348
76	5604
76	5639
76	5762
76	6052
76	6121
76	6122
76	6123
76	6124
76	6125
76	6126
76	6127
76	6128
76	6129
76	6130
76	6131
76	6132
76	6133
76	6134
76	6135
76	6136
76	6137
76	6138
76	6139
76	6140
76	6141
76	6142
76	6143
76	6144
76	6145
76	6146
76	6147
76	6148
76	6149
76	6150
76	6151
76	6152
76	6153
76	6154
76	6155
76	6156
76	6157
76	6158
76	6159
76	6160
76	6161
76	6162
76	6163
76	6164
76	6165
76	6166
76	6167
76	6168
76	6169
76	6170
76	6171
76	6172
76	6173
76	6174
76	6175
76	6176
76	6177
76	6178
76	6179
76	6180
76	6181
76	6182
76	6183
76	6184
76	6185
76	6186
76	6187
76	6188
76	6189
76	6190
76	6191
76	6192
76	6193
76	6194
76	6195
76	6196
76	6197
76	6198
76	6199
76	6200
76	6201
76	6202
76	6203
76	6204
76	6205
76	6206
76	6207
76	6208
76	6209
76	6210
76	6211
76	6212
76	6213
76	6214
76	6215
76	6216
76	6217
1033	36
1036	72
1040	41
1072	42
1074	57
1074	67
1094	77
12	10
12	1132
12	1224
12	1225
12	1226
12	1227
12	1228
12	1229
12	1231
12	1232
12	1233
12	1234
12	1235
12	1236
12	1237
12	1238
12	1239
12	1240
12	1241
12	1242
12	1243
12	1244
12	1245
12	1246
12	1247
12	1248
12	1249
12	1250
12	1251
12	1252
10	1105
10	1106
10	1107
10	1108
10	1109
10	1110
10	1111
10	1112
10	1113
10	1114
10	1115
10	1116
10	1117
10	1118
10	1119
10	1120
10	1121
10	1122
10	1123
10	1124
10	1125
10	1126
10	1127
10	1128
10	1129
10	1130
10	1132
10	1133
10	1134
10	1135
10	1136
10	1137
10	1138
10	1139
10	1140
10	1141
10	1142
11	665
11	1144
11	1145
11	1146
11	1147
11	1148
11	1149
11	1150
11	1151
11	1152
11	1153
11	1154
11	1155
11	1156
11	1157
11	1158
11	1159
11	1160
11	1161
11	1162
11	1163
11	1164
11	1165
11	1166
11	1167
11	1168
11	1169
11	1170
11	1171
11	1172
11	1173
11	1174
11	1175
11	1176
11	1177
11	1178
11	1179
11	1180
11	1181
11	1182
11	1183
11	1184
11	1185
11	1186
11	1187
11	1188
11	1189
11	1190
11	1191
11	1192
11	1193
11	1194
11	1195
11	1196
11	1197
11	1198
11	1199
11	1200
11	1201
11	1202
11	1203
11	1204
11	1205
11	1206
11	1207
11	1208
11	1209
11	1210
11	1211
11	1212
11	1213
11	1214
11	1215
11	1216
11	1217
11	1218
11	1219
11	1220
11	1221
11	1222
11	1223
1172	80
1222	36
14	13
14	102
14	228
14	380
14	1027
14	1254
14	1383
14	1384
14	1385
14	1386
14	1387
14	1388
14	1389
14	1390
14	1391
14	1392
14	1393
14	1394
14	1395
14	1396
14	1397
14	1398
14	1399
14	1400
14	1401
14	1402
14	1403
14	1404
14	1405
14	1406
14	1407
14	1408
14	1409
14	1410
14	1411
14	1412
14	1413
14	1414
14	1415
14	1416
14	1417
14	1418
14	1419
14	1420
14	1421
14	1422
14	1423
14	1424
14	1425
14	1426
14	1427
14	1428
14	1429
14	1430
14	1431
14	1432
14	1433
14	1434
14	1435
14	1436
14	1438
14	1439
14	1440
14	1441
14	1442
14	1443
14	1444
14	1445
14	1446
14	1447
14	1448
14	1449
14	1450
14	1451
14	1452
14	1453
14	1454
14	1455
14	1456
14	1457
14	1458
14	1459
14	1460
14	1461
14	1462
14	1463
14	1464
14	1465
14	1466
14	1467
14	1468
14	1469
14	1470
14	1471
14	1472
14	1473
14	1474
14	1475
14	1476
14	1477
14	1478
14	1479
14	1480
14	1481
14	1482
14	1483
14	1484
14	1485
14	1486
14	1487
14	1488
14	1489
14	1490
14	1491
14	1492
14	1493
14	1494
14	1495
14	1496
14	1497
14	1498
14	1499
14	1500
14	1501
14	1502
14	1503
14	1504
14	1505
14	1506
14	1507
14	1508
14	1509
14	1510
14	1511
14	1512
14	1513
14	1514
14	1515
14	1516
14	1517
14	1518
14	1519
14	1520
14	1521
14	1522
14	1523
14	1524
14	1525
14	1526
14	1527
14	1528
14	1529
14	1530
14	1531
14	1532
14	1533
14	1534
14	1535
14	1536
14	1537
14	1538
14	1539
14	1540
14	1541
14	1542
14	1543
14	1544
14	1545
14	1546
14	1547
14	1548
14	1549
14	1550
14	1551
14	1552
14	1553
14	1554
14	1555
14	1556
14	1557
14	1558
14	1559
14	1560
14	1561
14	1562
14	1563
14	1564
14	1565
14	1566
14	1567
14	1568
14	1569
14	1570
14	1571
14	1572
14	1573
14	1574
14	1575
14	1576
14	1577
14	1578
14	1579
14	1580
14	1581
14	1582
14	1583
14	1584
14	1585
14	1586
14	1587
14	1588
14	1589
14	1590
14	1591
14	1592
14	1593
14	1594
14	1595
14	1596
14	1597
14	1598
14	1599
14	1600
14	1601
14	1602
14	1603
14	1604
14	1605
14	1606
14	1607
14	1608
14	1609
14	1610
14	1611
14	1612
14	1613
14	1614
14	1615
14	1616
14	1617
14	1618
14	1619
14	1620
14	1621
14	1622
14	1623
14	1624
14	1625
13	1027
13	1253
13	1254
13	1255
13	1256
13	1257
13	1258
13	1259
13	1260
13	1261
13	1262
13	1263
13	1264
13	1265
13	1266
13	1267
13	1268
13	1269
13	1270
13	1271
13	1272
13	1273
13	1274
13	1275
13	1276
13	1277
13	1278
13	1279
13	1280
13	1281
13	1282
13	1283
13	1284
13	1285
13	1286
13	1287
13	1288
13	1289
13	1290
13	1291
13	1292
13	1293
13	1294
13	1295
13	1296
13	1297
13	1298
13	1299
13	1300
13	1301
13	1302
13	1303
13	1304
13	1305
13	1306
13	1307
13	1308
13	1309
13	1310
13	1311
13	1312
13	1313
13	1314
13	1315
13	1316
13	1317
13	1318
13	1319
13	1320
13	1321
13	1322
13	1323
13	1324
13	1325
13	1326
13	1327
13	1328
13	1329
13	1330
13	1331
13	1332
13	1333
13	1334
13	1335
13	1336
13	1337
13	1338
13	1339
13	1340
13	1341
13	1342
13	1343
13	1344
13	1345
13	1346
13	1347
13	1348
13	1349
13	1350
13	1351
13	1352
13	1353
13	1354
13	1355
13	1356
13	1357
13	1358
13	1359
13	1360
13	1361
13	1362
13	1363
13	1364
13	1365
13	1366
13	1367
13	1368
13	1369
13	1370
13	1371
13	1372
13	1373
13	1374
13	1375
13	1376
13	1377
1027	28
1027	30
1027	43
1027	53
1027	70
1027	83
1255	31
1257	41
1283	47
1301	28
1301	53
228	64
380	31
380	50
380	53
380	69
1424	73
1441	28
1441	29
1441	40
1441	83
1473	83
1497	53
1555	29
1570	73
1592	17
1612	57
1612	73
1030	52
1641	73
1653	34
1653	36
1631	58
1631	67
1631	83
1742	42
1748	42
1760	43
1760	50
1796	23
1796	67
17	47
17	1807
17	1808
17	1809
17	1810
17	1811
17	1812
17	1813
17	1815
17	1816
17	1817
17	1818
17	1819
17	1820
17	1821
17	1823
17	1825
17	1826
17	1827
17	1828
17	1829
17	1830
17	1831
17	1832
17	1833
17	1834
17	1835
17	1836
17	1837
17	1838
17	1839
17	1840
17	1841
17	1842
17	1844
17	1845
17	1846
17	1847
17	1848
17	1849
17	1850
17	1851
17	1852
17	1853
17	1854
47	1380
47	1838
47	1843
47	1860
47	2738
47	3620
47	3981
47	4075
47	4076
47	4077
47	4078
47	4079
47	4080
47	4081
47	4082
47	4083
47	4084
47	4085
47	4086
47	4087
47	4088
47	4089
47	4090
47	4091
47	4092
47	4093
47	4094
47	4095
47	4096
47	4097
47	4098
47	4099
47	4100
47	4101
47	4102
47	4103
47	4104
47	4105
47	4106
47	4107
47	4108
47	4109
47	4110
47	4111
47	4112
47	4113
47	4114
47	4115
47	4116
47	4117
47	4118
47	4119
47	4120
47	4121
47	4122
47	4123
47	4124
47	4125
47	4126
47	4127
47	4128
47	4129
47	4130
47	4131
47	4132
47	4133
47	4134
47	4135
47	4136
47	4137
47	4138
47	4139
47	4140
47	4141
47	4142
47	4143
47	4144
47	4145
47	4146
47	4147
47	4148
47	4149
47	4150
47	4151
47	4152
47	4153
47	4154
47	4155
47	4156
47	4157
47	4158
47	4159
47	4160
47	4161
47	4162
1815	86
994	51
1886	23
1893	36
1909	54
25	2239
25	2240
25	2241
25	2242
25	2243
25	2244
25	2245
25	2246
25	2247
25	2248
25	2249
25	2250
25	2251
25	2252
25	2253
25	2254
25	2255
25	2256
25	2257
25	2258
25	2259
20	1634
20	1941
20	1942
20	1943
20	1944
20	1945
20	1946
20	1947
20	1948
20	1949
20	1950
20	1951
20	1952
20	1953
20	1954
20	1955
20	1956
20	1957
20	1958
20	1959
20	1960
20	1961
20	1962
20	1963
20	1964
20	1965
20	1966
20	1967
20	1968
20	1969
20	1970
20	1971
20	1972
20	1973
20	1974
20	1975
20	1976
20	1977
20	1978
1634	80
50	1857
50	1981
50	1988
50	1991
50	2054
50	2181
50	2187
50	2358
50	2797
50	2842
50	4190
50	4191
50	4192
50	4193
50	4194
50	4195
50	4196
50	4197
50	4198
50	4199
50	4200
50	4201
50	4202
50	4203
50	4204
50	4205
50	4206
50	4207
50	4208
50	4209
50	4210
50	4211
50	4212
50	4213
50	4214
50	4215
50	4216
50	4217
50	4218
50	4219
50	4220
50	4221
50	4222
50	4223
50	4224
50	4225
50	4226
50	4227
50	4228
50	4229
50	4230
50	4231
50	4232
50	4233
50	4234
50	4235
50	4236
50	4237
50	4238
50	4239
50	4240
50	4241
50	4242
50	4243
50	4244
50	4245
50	4246
50	4247
50	4248
50	4249
50	4250
50	4251
50	4252
50	4253
50	4254
50	4255
50	4256
50	4257
50	4258
50	4259
50	4260
50	4261
50	4262
50	4263
50	4264
50	4265
50	4266
50	4267
50	4268
50	4269
50	4270
50	4271
50	4272
50	4273
50	4274
50	4275
50	4276
50	4277
50	4278
50	4279
50	4280
50	4281
50	4282
50	4283
50	4284
50	4285
50	4286
50	4287
50	4288
50	4289
50	4290
50	4291
50	4292
50	4293
50	4294
50	4295
50	4296
50	4297
50	4298
50	4299
50	4300
50	4301
50	4302
50	4303
50	4304
50	4305
50	4306
50	4307
50	4308
50	4309
50	4310
50	4311
50	4312
50	4313
50	4314
50	4315
50	4316
50	4317
50	4318
50	4319
50	4320
50	4321
50	4322
50	4323
50	4324
50	4325
50	4326
50	4327
50	4328
50	4329
50	4330
50	4331
50	4332
50	4333
50	4334
50	4335
50	4336
50	4337
50	4338
50	4339
50	4340
50	4341
50	4342
50	4343
50	4344
50	4345
50	4346
50	4347
50	4348
50	4349
50	4350
50	4351
50	4352
50	4353
50	4354
50	4355
50	4356
50	4357
23	564
23	565
23	1143
23	2100
23	2101
23	2102
23	2103
23	2104
23	2105
23	2106
23	2107
23	2108
23	2109
23	2110
23	2111
23	2112
23	2113
23	2114
23	2115
23	2116
23	2117
23	2118
23	2119
23	2120
23	2121
23	2122
23	2123
23	2124
23	2125
23	2126
23	2127
23	2128
23	2129
23	2130
23	2131
23	2132
23	2133
23	2134
23	2135
23	2136
23	2137
23	2138
23	2139
23	2140
23	2141
23	2142
23	2143
23	2144
23	2145
23	2146
23	2147
23	2148
23	2149
23	2150
23	2151
23	2152
23	2153
23	2154
23	2155
23	2156
23	2157
23	2158
23	2159
23	2160
23	2161
23	2162
23	2163
23	2164
23	2165
23	2166
23	2167
23	2168
23	2169
23	2170
23	2171
23	2172
23	2173
23	2174
23	2175
23	2176
23	2177
23	2178
23	2179
23	2180
23	2181
23	2182
23	2183
23	2184
564	34
565	31
1143	36
1143	54
1143	80
1143	86
2110	61
2121	28
2122	28
2125	36
2129	28
2140	24
2155	29
24	2186
24	2187
24	2188
24	2189
24	2190
24	2191
24	2192
24	2193
24	2194
24	2195
24	2196
24	2197
24	2198
24	2199
24	2200
24	2201
24	2202
24	2203
24	2204
24	2205
24	2206
24	2207
24	2208
24	2209
24	2210
24	2211
24	2212
24	2213
24	2214
24	2215
24	2216
24	2217
24	2218
24	2219
24	2220
24	2221
24	2222
24	2223
24	2224
24	2225
24	2226
24	2227
24	2228
24	2229
24	2230
24	2231
24	2232
24	2233
24	2234
24	2235
24	2236
24	2237
24	2238
2186	29
2187	39
2187	71
2187	82
2233	29
666	59
666	67
2344	54
2348	83
51	27
51	109
51	1802
51	2745
51	3172
51	3325
51	4262
51	4359
51	4360
51	4361
51	4362
51	4363
51	4364
51	4365
51	4366
51	4367
51	4368
51	4369
51	4370
51	4371
51	4372
51	4373
51	4374
51	4375
51	4376
51	4377
51	4378
51	4379
51	4380
51	4381
51	4382
51	4383
51	4384
51	4385
51	4386
51	4387
51	4388
51	4389
51	4390
51	4391
51	4392
51	4393
51	4394
51	4395
51	4396
51	4397
51	4398
51	4399
51	4400
51	4401
51	4402
51	4403
51	4404
51	4405
51	4406
51	4407
51	4408
51	4409
51	4410
51	4411
51	4412
51	4413
51	4414
51	4415
51	4416
51	4417
51	4418
51	4419
51	4420
51	4421
51	4422
51	4423
27	2359
27	2360
27	2361
27	2362
27	2363
27	2364
27	2365
27	2366
27	2367
27	2368
27	2369
27	2370
27	2371
27	2372
27	2373
27	2374
27	2375
27	2376
27	2377
27	2378
27	2379
27	2380
27	2381
27	2382
27	2383
27	2384
27	2385
27	2386
27	2387
27	2388
27	2389
27	2390
27	2391
28	661
28	748
28	749
28	2392
28	2393
28	2394
28	2395
28	2396
28	2397
28	2398
28	2399
28	2400
28	2401
28	2402
28	2403
28	2404
28	2405
28	2406
28	2407
28	2408
28	2409
28	2410
28	2411
28	2412
28	2413
28	2414
28	2415
28	2416
28	2417
28	2418
28	2419
28	2420
28	2421
28	2422
28	2423
28	2424
28	2425
28	2426
28	2427
28	2428
28	2429
28	2430
28	2431
28	2432
28	2433
28	2434
28	2435
28	2436
28	2437
28	2438
28	2439
28	2440
28	2441
28	2442
28	2444
28	2445
28	2446
28	2447
28	2448
28	2449
28	2450
28	2451
28	2452
28	2453
28	2454
28	2455
28	2456
28	2457
28	2458
28	2459
28	2460
28	2461
28	2462
28	2463
28	2464
28	2465
28	2466
28	2467
28	2468
28	2469
28	2470
28	2471
28	2472
28	2473
28	2474
28	2475
28	2476
28	2477
28	2478
28	2479
28	2480
28	2481
28	2482
28	2483
28	2484
28	2485
28	2486
28	2487
28	2488
28	2489
28	2490
28	2491
28	2492
28	2493
28	2494
28	2495
28	2496
28	2497
28	2498
28	2499
28	2500
28	2501
28	2502
28	2503
28	2504
28	2505
28	2506
28	2507
28	2508
28	2509
28	2510
28	2511
28	2512
28	2513
28	2514
28	2515
28	2516
28	2517
28	2518
28	2519
28	2520
28	2521
28	2522
28	2523
28	2524
28	2525
28	2526
28	2527
28	2528
28	2529
28	2530
28	2531
28	2532
28	2533
28	2534
28	2535
28	2536
28	2537
28	2538
28	2539
28	2540
661	36
661	41
661	59
661	67
661	84
2399	29
2407	29
2425	29
2508	46
2528	29
61	29
61	82
61	1800
61	2262
61	2349
61	2353
61	2678
61	2764
61	5190
61	5191
61	5192
61	5193
61	5194
61	5195
61	5196
61	5197
61	5198
61	5199
61	5200
61	5201
61	5202
61	5203
61	5204
61	5205
61	5206
61	5207
61	5208
61	5209
61	5210
61	5211
61	5212
61	5213
61	5214
61	5215
61	5216
61	5217
61	5218
61	5219
61	5220
61	5221
61	5222
61	5223
61	5224
61	5225
61	5226
61	5227
61	5228
61	5229
61	5230
61	5231
61	5232
61	5233
61	5234
61	5235
61	5236
61	5237
61	5238
61	5239
61	5240
61	5241
61	5242
61	5243
61	5244
61	5245
61	5246
61	5247
61	5248
61	5249
61	5250
61	5251
61	5252
61	5253
61	5254
61	5255
61	5256
61	5257
61	5258
61	5259
61	5260
61	5261
61	5262
61	5263
61	5264
61	5265
61	5266
61	5267
61	5268
29	2185
29	2541
29	2542
29	2543
29	2544
29	2545
29	2546
29	2547
29	2548
29	2549
29	2550
29	2551
29	2552
29	2553
29	2554
29	2556
29	2557
29	2558
29	2559
29	2560
29	2561
29	2562
29	2563
29	2564
29	2565
29	2566
29	2567
29	2568
29	2569
29	2570
29	2571
29	2572
29	2573
29	2574
29	2575
29	2576
29	2577
29	2578
29	2579
29	2580
29	2581
29	2582
29	2583
29	2584
29	2585
29	2586
29	2587
29	2588
29	2589
29	2590
29	2591
29	2592
29	2593
29	2594
29	2595
29	2596
29	2597
29	2598
29	2599
29	2600
29	2601
29	2602
29	2603
29	2604
29	2605
29	2606
29	2607
29	2608
29	2609
29	2610
29	2611
29	2612
29	2613
29	2614
29	2615
29	2616
29	2617
29	2618
29	2619
29	2620
29	2621
29	2622
29	2623
29	2624
29	2625
29	2626
29	2627
29	2628
29	2629
29	2630
29	2631
29	2632
29	2633
29	2634
29	2635
29	2636
29	2637
29	2638
29	2639
29	2640
29	2641
29	2642
29	2643
29	2644
29	2645
29	2646
29	2647
29	2648
29	2649
29	2650
29	2651
29	2652
29	2653
29	2654
29	2655
29	2656
29	2657
29	2658
29	2659
29	2660
29	2661
29	2662
29	2663
29	2664
29	2665
29	2666
29	2667
29	2668
29	2669
29	2670
29	2671
29	2672
29	2673
29	2674
29	2675
29	2676
29	2677
29	2678
29	2679
29	2680
29	2681
29	2682
29	2683
29	2684
29	2685
29	2686
29	2687
29	2688
29	2689
29	2690
29	2691
29	2692
29	2693
29	2694
29	2695
29	2696
29	2697
29	2698
29	2699
29	2700
29	2701
29	2702
29	2703
29	2704
29	2705
29	2706
29	2707
29	2708
29	2709
2639	46
2639	64
2639	67
2651	46
2656	64
30	1655
30	1800
30	2710
30	2711
30	2712
30	2713
30	2714
30	2715
30	2716
30	2717
30	2718
30	2719
30	2720
30	2721
30	2722
30	2723
30	2724
30	2725
30	2726
30	2727
30	2728
30	2729
30	2730
30	2731
30	2732
30	2733
30	2734
30	2735
30	2736
30	2737
30	2738
30	2739
30	2740
30	2741
30	2742
30	2743
30	2744
30	2745
30	2746
30	2747
30	2748
30	2749
30	2750
30	2751
30	2752
30	2753
30	2754
30	2755
30	2756
30	2757
30	2758
30	2759
30	2760
30	2761
30	2762
30	2763
30	2764
30	2765
30	2766
30	2767
30	2768
30	2769
30	2770
30	2771
30	2772
30	2773
30	2774
30	2775
30	2776
30	2777
30	2778
30	2779
30	2780
30	2781
30	2782
30	2783
30	2784
30	2785
30	2786
30	2787
30	2788
30	2789
30	2790
30	2791
30	2792
30	2793
30	2794
30	2795
2737	80
2745	52
2755	40
2759	82
2763	70
2764	58
2782	36
2786	58
31	35
31	39
31	53
31	80
31	81
31	216
31	1801
31	2800
31	2801
31	2802
31	2803
31	2804
31	2805
31	2806
31	2807
31	2808
31	2809
31	2810
31	2811
31	2812
31	2813
31	2814
31	2815
31	2816
31	2817
31	2818
31	2819
31	2820
31	2821
31	2822
31	2823
31	2824
31	2825
31	2826
31	2827
31	2828
31	2829
31	2830
31	2831
31	2832
31	2833
31	2834
31	2835
31	2836
31	2837
31	2838
31	2839
31	2840
31	2841
31	2842
31	2843
31	2844
31	2845
31	2846
31	2847
31	2848
31	2849
31	2850
31	2851
31	2852
31	2853
31	2854
31	2855
31	2856
31	2857
31	2858
31	2859
31	2860
31	2861
31	2862
31	2863
31	2864
31	2865
31	2866
31	2867
31	2868
31	2869
31	2870
31	2871
31	2872
31	2873
31	2874
31	2875
31	2876
31	2877
31	2878
31	2879
31	2880
31	2881
31	2882
31	2883
31	2884
31	2885
31	2886
31	2887
31	2888
31	2889
31	2890
31	2891
31	2892
31	2893
31	2894
31	2895
31	2896
31	2897
31	2898
31	2899
31	2900
31	2901
31	2902
31	2903
31	2904
31	2905
31	2906
31	2907
31	2908
31	2909
31	2910
31	2911
31	2912
35	39
35	57
35	67
35	78
39	42
39	59
39	2801
39	2858
39	2896
39	2921
39	2986
39	3426
39	3427
39	3428
39	3429
39	3430
39	3431
39	3432
39	3433
39	3434
39	3435
39	3436
39	3437
39	3438
39	3439
39	3440
39	3441
39	3442
39	3443
39	3444
39	3445
39	3446
39	3447
39	3448
39	3449
39	3450
39	3451
39	3452
39	3453
39	3454
39	3455
39	3456
39	3457
39	3458
39	3459
39	3460
39	3461
39	3462
39	3463
39	3464
39	3465
39	3466
39	3467
39	3468
39	3469
39	3470
39	3471
39	3472
39	3473
39	3474
39	3475
39	3476
39	3477
39	3478
39	3479
39	3480
39	3481
39	3482
39	3483
39	3484
39	3485
39	3486
39	3487
39	3488
39	3489
39	3490
39	3491
39	3492
39	3493
39	3494
39	3495
39	3496
39	3497
39	3498
39	3499
39	3500
39	3501
39	3502
39	3503
39	3504
39	3505
39	3506
39	3507
39	3508
39	3509
39	3510
39	3511
39	3512
39	3513
39	3514
39	3515
39	3516
39	3517
39	3518
39	3519
39	3520
53	55
53	80
53	81
53	1633
53	1712
53	2815
53	2829
53	2839
53	2860
53	2877
53	2879
53	2913
53	2935
53	2937
53	2949
53	2986
53	3005
53	3020
53	3080
53	3153
53	3215
53	3526
53	3527
53	3543
53	3619
53	4005
53	4481
53	4482
53	4483
53	4484
53	4485
53	4486
53	4487
53	4488
53	4489
53	4490
53	4491
53	4492
53	4493
53	4494
53	4495
53	4496
53	4497
53	4498
53	4499
53	4500
53	4501
53	4502
53	4503
53	4504
53	4505
53	4506
53	4507
53	4508
53	4509
53	4510
53	4511
53	4512
53	4513
53	4514
53	4515
53	4516
53	4517
53	4518
53	4519
53	4520
53	4521
53	4522
53	4523
53	4524
53	4525
53	4526
53	4527
53	4528
53	4529
53	4530
53	4531
53	4532
53	4533
53	4534
53	4535
53	4536
53	4537
53	4538
53	4539
53	4540
53	4541
53	4542
53	4543
53	4544
53	4545
53	4546
53	4547
53	4548
53	4549
53	4550
53	4551
53	4552
53	4553
53	4554
53	4555
53	4556
53	4557
53	4558
53	4559
53	4560
53	4561
53	4562
53	4563
53	4564
53	4565
53	4566
53	4567
53	4568
53	4569
53	4570
53	4571
53	4572
53	4573
53	4574
53	4575
53	4576
53	4577
53	4578
53	4579
53	4580
53	4581
53	4582
53	4583
53	4584
53	4585
53	4586
53	4587
53	4588
53	4589
53	4590
53	4591
53	4592
53	4593
53	4594
53	4595
53	4596
53	4597
53	4598
53	4599
53	4600
53	4601
53	4602
53	4603
53	4604
53	4605
53	4606
53	4607
53	4608
53	4609
53	4610
53	4611
53	4612
53	4613
53	4614
53	4615
53	4616
53	4617
53	4618
53	4619
53	4620
53	4621
53	4622
53	4623
53	4624
53	4625
53	4626
53	4627
53	4628
53	4629
53	4630
53	4631
80	40
80	41
80	81
80	836
80	2357
80	2804
80	2815
80	2834
80	2839
80	2860
80	2877
80	2882
80	2935
80	2937
80	3007
80	3522
80	3523
80	3526
80	3528
80	3529
80	3535
80	3543
80	4606
80	5176
80	5512
80	5513
80	6373
80	6374
80	6375
80	6376
80	6377
80	6378
80	6379
80	6380
80	6381
80	6382
80	6383
80	6384
80	6385
80	6386
80	6387
80	6388
80	6389
80	6390
80	6391
80	6392
80	6393
80	6394
80	6395
80	6396
80	6397
80	6398
80	6399
80	6400
80	6401
80	6402
80	6403
80	6404
80	6405
80	6406
80	6407
80	6408
80	6409
80	6410
80	6411
80	6412
80	6413
80	6414
80	6415
80	6416
80	6417
80	6418
80	6419
80	6420
80	6421
80	6422
80	6423
80	6424
80	6425
80	6426
80	6427
2801	42
2823	64
2823	78
2832	67
2834	57
2877	40
2877	67
2898	41
2901	73
54	32
54	210
54	840
54	865
54	1711
54	2261
54	4632
54	4633
54	4634
54	4635
54	4636
54	4637
54	4638
54	4639
54	4640
54	4641
54	4642
54	4643
54	4644
54	4645
54	4646
54	4647
54	4648
54	4649
54	4650
54	4651
54	4652
54	4653
54	4654
54	4655
54	4656
54	4657
54	4658
54	4659
54	4660
54	4661
54	4662
54	4663
54	4664
54	4665
54	4666
54	4667
54	4668
54	4669
54	4670
54	4671
54	4672
54	4673
54	4674
54	4675
54	4676
54	4677
54	4678
54	4679
54	4680
54	4681
54	4682
54	4683
54	4684
54	4685
54	4686
54	4687
54	4688
54	4689
54	4690
54	4691
54	4692
54	4693
54	4694
54	4695
54	4696
54	4697
54	4698
54	4699
54	4700
54	4701
54	4702
54	4703
54	4704
54	4705
54	4706
54	4707
54	4708
54	4709
54	4710
54	4711
776	40
836	67
2355	36
2923	34
2923	41
2935	40
2946	84
2951	52
2971	57
2989	64
69	34
69	41
69	55
69	3020
69	3071
69	3181
69	3187
69	3522
69	3538
69	3658
69	3679
69	3721
69	3752
69	4751
69	4752
69	4841
69	5045
69	5060
69	5695
69	5696
69	5697
69	5698
69	5699
69	5700
69	5701
69	5702
69	5703
69	5704
69	5705
69	5706
69	5707
69	5708
69	5709
69	5710
69	5711
69	5712
69	5713
69	5714
69	5715
69	5716
69	5717
69	5718
69	5719
69	5720
69	5721
69	5722
69	5723
69	5724
69	5725
69	5726
69	5727
69	5728
69	5729
69	5730
69	5731
69	5732
69	5733
69	5734
69	5735
69	5736
69	5737
69	5738
69	5739
69	5740
69	5741
69	5742
69	5743
69	5744
69	5745
69	5746
69	5747
69	5748
69	5749
69	5750
69	5751
69	5752
69	5753
69	5754
69	5755
69	5756
69	5757
69	5758
69	5759
69	5760
69	5761
69	5762
69	5763
69	5764
69	5765
69	5766
69	5767
69	5768
34	1378
34	2990
34	2991
34	2992
34	2993
34	2994
34	2995
34	2996
34	2997
34	2998
34	2999
34	3000
34	3001
34	3002
34	3003
34	3004
34	3005
34	3006
34	3007
34	3008
34	3009
34	3010
34	3011
34	3012
34	3013
34	3014
34	3015
34	3016
34	3017
34	3018
34	3019
34	3020
34	3021
34	3022
34	3023
34	3024
34	3025
34	3026
34	3027
34	3028
34	3029
34	3030
34	3031
34	3032
34	3033
34	3034
34	3035
34	3036
34	3037
34	3038
34	3039
34	3040
34	3041
34	3042
34	3043
34	3044
34	3045
34	3046
34	3047
34	3048
34	3049
34	3050
34	3051
34	3052
34	3053
34	3054
34	3055
34	3056
34	3057
34	3058
34	3059
34	3060
34	3061
34	3062
34	3063
34	3064
34	3065
34	3066
34	3067
34	3068
3004	67
3005	41
3005	67
3007	36
3007	42
3008	57
3013	40
3018	59
3020	72
3023	36
3042	57
3042	67
3056	67
57	59
57	64
57	78
57	2986
57	3097
57	3123
57	3172
57	3215
57	3462
57	3473
57	3609
57	3624
57	3651
57	3663
57	3794
57	4741
57	4742
57	4743
57	4744
57	4745
57	4746
57	4747
57	4748
57	4749
57	4750
57	4751
57	4752
57	4753
57	4754
57	4755
57	4756
57	4757
57	4758
57	4759
57	4760
57	4761
57	4762
57	4763
57	4764
57	4765
57	4766
57	4767
57	4768
57	4769
57	4770
57	4771
57	4772
57	4773
57	4774
57	4775
57	4776
57	4777
57	4778
57	4779
57	4780
57	4781
57	4782
57	4783
57	4784
57	4785
57	4786
57	4787
57	4788
57	4789
57	4790
57	4791
57	4792
57	4793
57	4794
57	4795
57	4796
57	4797
57	4798
57	4799
57	4800
57	4801
57	4802
57	4803
57	4804
57	4805
57	4806
57	4807
57	4808
57	4809
57	4810
57	4811
57	4812
57	4813
57	4814
57	4815
57	4816
57	4817
57	4818
57	4819
57	4820
57	4821
57	4822
57	4823
57	4824
57	4825
57	4826
57	4827
57	4828
57	4829
57	4830
57	4831
57	4832
57	4833
57	4834
57	4835
57	4836
57	4837
57	4838
67	49
67	55
67	659
67	662
67	1230
67	1803
67	2349
67	2350
67	2356
67	2984
67	3077
67	3079
67	3118
67	3173
67	3256
67	3523
67	3526
67	3527
67	3543
67	3588
67	3609
67	3641
67	3716
67	3737
67	3793
67	4358
67	4482
67	4539
67	4565
67	4607
67	4839
67	5170
67	5174
67	5176
67	5511
67	5596
67	5597
67	5598
67	5599
67	5600
67	5601
67	5602
67	5603
67	5604
67	5605
67	5606
67	5607
67	5608
67	5609
67	5610
67	5611
67	5612
67	5613
67	5614
67	5615
67	5616
67	5617
67	5618
67	5619
67	5620
67	5621
67	5622
67	5623
67	5624
67	5625
67	5626
67	5627
67	5628
67	5629
67	5630
67	5631
67	5632
67	5633
67	5634
67	5635
67	5636
67	5637
67	5638
67	5639
67	5640
67	5641
67	5642
67	5643
67	5644
67	5645
67	5646
67	5647
67	5648
67	5649
67	5650
67	5651
67	5652
67	5653
67	5654
67	5655
67	5656
67	5657
67	5658
67	5659
67	5660
67	5661
67	5662
67	5663
67	5664
67	5665
67	5666
67	5667
67	5668
67	5669
67	5670
78	3084
78	3526
78	3596
78	3663
78	4842
78	6279
78	6280
78	6281
78	6282
78	6283
42	36
42	41
42	63
42	189
42	1629
42	3084
42	3090
42	3091
42	3114
42	3120
42	3123
42	3125
42	3170
42	3173
42	3180
42	3252
42	3254
42	3425
42	3519
42	3535
42	3598
42	3609
42	3651
42	3652
42	3653
42	3654
42	3655
42	3656
42	3657
42	3658
42	3659
42	3660
42	3661
42	3662
42	3664
42	3665
42	3666
42	3667
42	3668
42	3669
42	3670
42	3671
42	3672
42	3673
42	3674
42	3675
42	3676
42	3677
42	3678
42	3679
42	3680
42	3681
42	3682
42	3683
42	3684
42	3685
42	3686
42	3687
42	3688
42	3689
42	3690
42	3691
42	3692
42	3693
42	3694
42	3695
42	3696
42	3697
42	3698
42	3699
42	3700
42	3701
42	3702
42	3703
42	3704
42	3705
42	3706
42	3707
42	3708
42	3709
42	3710
42	3711
42	3712
42	3713
42	3714
42	3715
42	3716
42	3717
42	3718
42	3719
42	3720
42	3722
42	3723
42	3724
42	3725
42	3726
42	3727
42	3728
42	3729
42	3730
42	3731
42	3732
42	3733
42	3734
42	3735
42	3736
42	3737
42	3738
42	3739
42	3740
42	3741
42	3742
42	3743
42	3744
42	3745
42	3746
42	3747
42	3748
42	3749
42	3750
42	3751
42	3752
42	3753
42	3754
42	3755
42	3756
42	3757
42	3758
42	3759
42	3760
42	3761
42	3762
42	3763
42	3764
42	3765
42	3766
42	3767
42	3768
42	3769
42	3770
42	3771
42	3772
42	3773
42	3774
42	3775
42	3776
42	3777
42	3778
42	3779
42	3780
42	3781
42	3782
42	3783
42	3784
42	3785
42	3786
42	3787
42	3788
42	3789
42	3790
42	3791
42	3792
42	3793
36	63
36	1805
36	2352
36	2354
36	3069
36	3070
36	3071
36	3072
36	3073
36	3074
36	3075
36	3076
36	3077
36	3078
36	3079
36	3080
36	3081
36	3082
36	3083
36	3084
36	3085
36	3086
36	3087
36	3088
36	3089
36	3090
36	3091
36	3092
36	3093
36	3094
36	3095
36	3096
36	3097
36	3098
36	3099
36	3100
36	3101
36	3102
36	3103
36	3104
36	3105
36	3106
36	3107
36	3108
36	3109
36	3110
36	3111
36	3112
36	3113
36	3114
36	3115
36	3116
36	3117
36	3118
36	3119
36	3120
36	3121
36	3122
36	3123
36	3124
36	3125
36	3126
36	3127
36	3128
36	3129
36	3130
36	3131
36	3132
36	3133
36	3134
36	3135
36	3136
36	3137
36	3138
36	3139
36	3140
36	3141
36	3142
36	3143
36	3144
36	3145
36	3146
36	3147
36	3148
36	3149
36	3150
36	3151
36	3152
36	3153
36	3154
36	3155
36	3156
36	3157
36	3158
36	3159
36	3160
36	3161
36	3162
36	3163
36	3164
36	3165
36	3166
36	3167
36	3168
36	3169
36	3170
36	3171
36	3172
36	3173
36	3174
36	3175
36	3176
36	3177
36	3178
36	3179
36	3180
36	3181
36	3182
36	3183
36	3184
36	3185
36	3186
36	3187
36	3188
36	3189
36	3190
36	3191
36	3192
36	3193
36	3194
36	3195
36	3196
36	3197
36	3198
36	3199
36	3200
36	3201
36	3202
36	3203
36	3204
36	3205
36	3206
36	3207
36	3208
36	3209
36	3210
36	3211
36	3212
36	3213
36	3214
36	3215
36	3216
36	3217
36	3218
36	3219
36	3220
36	3221
36	3222
36	3223
36	3224
36	3225
36	3226
36	3227
36	3228
36	3229
36	3230
36	3231
36	3232
36	3233
36	3234
36	3235
36	3236
36	3237
36	3238
36	3239
36	3240
36	3241
36	3242
36	3243
36	3244
36	3245
36	3246
36	3247
36	3248
36	3249
36	3250
36	3251
1805	64
3070	59
3090	59
3123	72
3124	40
3129	58
3153	83
3173	64
37	3257
37	3258
37	3259
37	3260
37	3261
37	3262
37	3263
37	3264
37	3265
37	3266
37	3267
37	3268
37	3269
37	3270
37	3271
37	3272
37	3273
37	3274
37	3275
37	3276
37	3277
37	3278
37	3279
37	3280
37	3281
37	3282
37	3283
37	3284
37	3285
37	3286
37	3287
37	3288
37	3289
37	3290
37	3291
37	3292
37	3293
37	3294
37	3295
37	3296
37	3297
37	3298
37	3299
37	3300
37	3301
37	3302
37	3303
37	3304
37	3305
37	3306
37	3307
37	3308
37	3309
37	3310
37	3311
37	3312
37	3313
37	3314
37	3315
37	3316
73	84
73	186
73	283
73	1437
73	3333
73	3386
73	4738
73	6053
73	6054
73	6055
73	6056
73	6057
73	6058
73	6059
73	6060
73	6061
73	6062
73	6063
73	6064
73	6065
73	6066
73	6067
73	6068
73	6069
73	6070
73	6071
73	6072
73	6073
73	6074
73	6075
73	6076
73	6077
73	6078
73	6079
73	6080
73	6081
73	6082
73	6083
73	6084
73	6085
73	6086
73	6087
73	6088
73	6089
73	6090
73	6091
73	6092
73	6093
73	6094
73	6095
73	6096
73	6097
73	6098
73	6099
73	6100
73	6101
73	6102
1031	64
3322	71
3334	84
3406	58
59	55
59	64
59	2986
59	3529
59	3535
59	3565
59	3615
59	3651
59	4741
59	4751
59	4770
59	5033
59	5034
59	5035
59	5036
59	5037
59	5038
59	5039
59	5040
59	5041
59	5042
59	5043
59	5044
59	5045
59	5046
59	5047
59	5048
59	5049
59	5050
59	5051
59	5052
59	5053
59	5054
59	5055
59	5056
59	5057
59	5058
59	5059
59	5060
59	5061
59	5062
59	5063
59	5064
59	5065
59	5066
59	5067
59	5068
59	5069
59	5070
59	5071
59	5072
59	5073
59	5074
59	5075
59	5076
59	5077
59	5078
59	5079
59	5080
59	5081
59	5082
59	5083
59	5084
59	5085
59	5086
59	5087
59	5088
59	5089
59	5090
59	5091
59	5092
59	5093
59	5094
59	5095
59	5096
59	5097
59	5098
59	5099
59	5100
59	5101
59	5102
59	5103
59	5104
59	5105
59	5106
59	5107
59	5108
59	5109
59	5110
59	5111
59	5112
59	5113
59	5114
59	5115
59	5116
59	5117
59	5118
59	5119
59	5120
59	5121
59	5122
59	5123
59	5124
59	5125
59	5126
59	5127
59	5128
2986	64
3467	41
3504	41
3519	41
49	40
40	667
40	3255
40	3521
40	3522
40	3523
40	3524
40	3525
40	3526
40	3527
40	3528
40	3529
40	3530
40	3531
40	3532
40	3533
40	3534
40	3535
40	3536
40	3537
40	3538
40	3539
40	3540
40	3541
40	3542
40	3543
40	3544
40	3545
40	3546
40	3547
40	3548
40	3549
40	3550
40	3551
40	3552
40	3553
40	3554
40	3555
40	3556
40	3557
40	3558
40	3559
40	3560
40	3561
40	3562
40	3563
40	3564
40	3565
40	3566
40	3567
40	3568
40	3569
40	3570
40	3571
40	3572
40	3573
40	3574
40	3575
40	3576
40	3577
40	3578
40	3579
40	3580
40	3581
40	3582
40	3583
40	3584
40	3585
40	3586
40	3587
40	3588
40	3589
40	3590
40	3591
40	3592
40	3593
40	3594
40	3595
40	3596
40	3597
40	3598
40	3599
40	3600
40	3601
40	3602
40	3603
40	3604
667	41
3255	41
3522	72
3533	41
3542	41
3582	64
41	662
41	2443
41	3605
41	3606
41	3607
41	3608
41	3609
41	3610
41	3611
41	3612
41	3613
41	3614
41	3615
41	3616
41	3617
41	3618
41	3619
41	3620
41	3621
41	3622
41	3623
41	3624
41	3625
41	3626
41	3627
41	3628
41	3629
41	3630
41	3631
41	3632
41	3633
41	3634
41	3635
41	3636
41	3637
41	3638
41	3639
41	3640
41	3641
41	3642
41	3643
41	3644
41	3645
41	3646
41	3647
41	3648
41	3649
41	3650
41	3651
2443	43
2443	46
3607	64
3637	64
3651	64
3757	48
58	43
58	655
58	1714
58	4737
58	4846
58	4847
58	4848
58	4849
58	4850
58	4851
58	4852
58	4853
58	4854
58	4855
58	4856
58	4857
58	4858
58	4859
58	4860
58	4861
58	4862
58	4863
58	4864
58	4865
58	4866
58	4867
58	4868
58	4869
58	4870
58	4871
58	4872
58	4873
58	4874
58	4875
58	4876
58	4877
58	4878
58	4879
58	4880
58	4881
58	4882
58	4883
58	4884
58	4885
58	4886
58	4887
58	4888
58	4889
58	4890
58	4891
58	4892
58	4893
58	4894
58	4895
58	4896
58	4897
58	4898
58	4899
58	4900
58	4901
58	4902
58	4903
58	4904
58	4905
58	4906
58	4907
58	4908
58	4909
58	4910
58	4911
58	4912
58	4913
58	4914
58	4915
58	4916
58	4917
58	4918
58	4919
58	4920
58	4921
58	4922
58	4923
58	4924
58	4925
58	4926
58	4927
58	4928
58	4929
58	4930
58	4931
58	4932
58	4933
58	4934
58	4935
58	4936
58	4937
58	4938
58	4939
58	4940
58	4941
58	4942
58	4943
58	4944
58	4945
58	4946
58	4947
58	4948
58	4949
58	4950
58	4951
58	4952
58	4953
58	4954
58	4955
58	4956
58	4957
58	4958
58	4959
58	4960
58	4961
58	4962
58	4963
58	4964
58	4965
58	4966
58	4967
58	4968
58	4969
58	4970
58	4971
58	4972
58	4973
58	4974
58	4975
58	4976
58	4977
58	4978
58	4979
58	4980
58	4981
58	4982
58	4983
58	4984
58	4985
58	4986
58	4987
58	4988
58	4989
58	4990
58	4991
58	4992
58	4993
58	4994
58	4995
58	4996
58	4997
58	4998
58	4999
58	5000
58	5001
58	5002
58	5003
58	5004
58	5005
58	5006
58	5007
58	5008
58	5009
58	5010
58	5011
58	5012
58	5013
58	5014
58	5015
58	5016
58	5017
58	5018
58	5019
58	5020
58	5021
58	5022
58	5023
58	5024
58	5025
58	5026
58	5027
58	5028
58	5029
58	5030
58	5031
58	5032
43	690
43	1714
43	1802
43	3795
43	3796
43	3797
43	3798
43	3799
43	3800
43	3801
43	3802
43	3803
43	3804
43	3805
43	3806
43	3807
43	3808
43	3809
43	3810
43	3811
43	3812
43	3813
43	3814
43	3815
43	3816
43	3817
43	3818
43	3819
43	3821
43	3822
43	3823
43	3824
43	3825
43	3826
43	3827
43	3828
43	3829
43	3830
43	3831
43	3832
43	3833
43	3834
43	3835
43	3836
43	3837
43	3838
43	3839
43	3840
43	3841
43	3842
43	3843
43	3844
43	3845
43	3846
43	3847
43	3848
43	3849
43	3850
43	3851
43	3852
43	3853
43	3854
43	3855
1802	64
1802	72
3807	84
3927	48
4005	72
46	4030
46	4031
46	4032
46	4033
46	4034
46	4035
46	4036
46	4037
46	4038
46	4039
46	4040
46	4041
46	4042
46	4043
46	4044
46	4045
46	4046
46	4047
46	4048
46	4049
46	4050
46	4051
46	4052
46	4053
46	4054
46	4055
46	4056
46	4057
46	4058
46	4059
46	4060
46	4061
46	4062
46	4063
46	4064
46	4065
46	4066
46	4067
46	4068
46	4069
46	4070
46	4071
46	4072
46	4073
46	4074
48	1824
48	4163
48	4164
48	4165
48	4166
48	4167
48	4168
48	4169
48	4170
48	4171
48	4172
48	4173
48	4174
48	4175
48	4176
48	4177
48	4178
48	4179
48	4180
48	4181
48	4182
48	4183
48	4184
48	4185
48	4186
48	4187
48	4188
48	4189
2797	86
4234	64
4388	82
52	2796
52	4424
52	4425
52	4426
52	4427
52	4428
52	4429
52	4430
52	4431
52	4432
52	4433
52	4434
52	4435
52	4436
52	4437
52	4438
52	4439
52	4440
52	4441
52	4442
52	4443
52	4444
52	4445
52	4446
52	4447
52	4448
52	4449
52	4450
52	4451
52	4452
52	4453
52	4454
52	4455
52	4456
52	4457
52	4458
52	4459
52	4460
52	4461
52	4462
52	4463
52	4464
52	4465
52	4466
52	4467
52	4468
52	4469
52	4470
52	4471
52	4472
52	4473
52	4474
52	4475
52	4476
52	4477
52	4478
52	4479
52	4480
4546	72
4595	72
865	86
56	3982
56	4712
56	4713
56	4714
56	4715
56	4716
56	4717
56	4718
56	4719
56	4720
56	4721
56	4722
56	4723
56	4724
56	4725
56	4726
56	4727
56	4728
56	4729
56	4730
56	4731
56	4732
56	4733
56	4734
56	4735
56	4736
56	4737
56	4738
56	4739
56	4740
3982	82
64	393
64	787
64	1654
64	1822
64	2271
64	2555
64	3794
64	4741
64	4751
64	4770
64	4785
64	4788
64	4805
64	4837
64	5010
64	5037
64	5047
64	5063
64	5165
64	5178
64	5287
64	5296
64	5297
64	5298
64	5299
64	5300
64	5301
64	5302
64	5303
64	5304
64	5305
64	5306
64	5307
64	5308
64	5309
64	5310
64	5311
64	5312
64	5313
64	5314
64	5315
64	5316
64	5317
64	5318
64	5319
64	5320
64	5321
64	5322
64	5323
64	5324
64	5325
64	5326
64	5327
64	5328
64	5329
64	5330
64	5331
64	5332
64	5333
64	5334
64	5335
64	5336
64	5337
64	5338
64	5339
64	5340
64	5341
64	5342
64	5343
64	5344
64	5345
64	5346
64	5347
64	5348
64	5349
64	5350
64	5351
64	5352
64	5353
64	5354
64	5355
64	5356
64	5357
64	5358
64	5359
64	5360
64	5361
64	5362
64	5363
64	5364
64	5365
64	5366
64	5367
64	5368
64	5369
64	5370
64	5371
64	5372
64	5373
64	5374
64	5375
64	5376
64	5377
64	5378
64	5379
64	5380
64	5381
64	5382
64	5383
64	5384
64	5385
64	5386
64	5387
64	5388
64	5389
64	5390
64	5391
64	5392
64	5393
64	5394
64	5395
64	5396
64	5397
64	5398
64	5399
64	5400
64	5401
64	5402
64	5403
64	5404
64	5405
64	5406
64	5407
64	5408
64	5409
64	5410
64	5411
64	5412
64	5413
64	5414
64	5415
64	5416
64	5417
64	5418
64	5419
64	5420
64	5421
64	5422
64	5423
64	5424
64	5425
64	5426
64	5427
64	5428
64	5429
64	5430
64	5431
64	5432
64	5433
64	5434
64	5435
64	5436
64	5437
64	5438
64	5439
64	5440
64	5441
64	5442
64	5443
64	5444
64	5445
64	5446
64	5447
64	5448
64	5449
64	5450
64	5451
64	5452
64	5453
64	5454
64	5455
64	5456
64	5457
64	5458
64	5459
64	5460
64	5461
64	5462
64	5463
64	5464
64	5465
64	5466
64	5467
64	5468
64	5469
64	5470
64	5471
64	5472
64	5473
64	5474
64	5475
64	5476
64	5477
64	5478
64	5479
64	5480
64	5481
64	5482
64	5483
64	5484
64	5485
64	5486
64	5487
64	5488
64	5489
64	5490
64	5491
64	5492
64	5493
64	5494
64	5495
64	5496
64	5497
64	5498
64	5499
64	5500
64	5501
64	5502
64	5503
64	5504
64	5505
64	5506
64	5507
64	5508
64	5509
64	5510
3663	72
5010	62
5133	72
82	6428
82	6429
82	6430
82	6431
82	6432
82	6433
82	6434
82	6435
82	6436
82	6437
82	6438
82	6439
82	6440
82	6441
82	6442
82	6443
82	6444
82	6445
82	6446
82	6447
82	6448
82	6449
82	6450
82	6451
82	6452
82	6453
82	6454
82	6455
82	6456
82	6457
82	6458
82	6459
82	6460
82	6461
82	6462
82	6463
82	6464
82	6465
82	6466
82	6467
82	6468
82	6469
82	6470
82	6471
82	6472
82	6473
82	6474
82	6475
82	6476
82	6477
82	6478
82	6479
82	6480
82	6481
82	6482
82	6483
82	6484
82	6485
82	6486
82	6487
82	6488
82	6489
82	6490
82	6491
82	6492
82	6493
82	6494
82	6495
82	6496
82	6497
5266	70
5267	70
62	5269
62	5270
62	5271
62	5272
62	5273
62	5274
62	5275
62	5276
62	5277
62	5278
62	5279
62	5280
62	5281
62	5282
62	5283
62	5284
62	5285
62	5286
62	5287
62	5288
62	5289
62	5290
62	5291
62	5292
62	5293
62	5294
62	5295
787	83
763	83
5529	83
5558	84
68	5671
68	5672
68	5673
68	5674
68	5675
68	5676
68	5677
68	5678
68	5679
68	5680
68	5681
68	5682
68	5683
68	5684
68	5685
68	5686
68	5687
68	5688
68	5689
68	5690
68	5691
68	5692
68	5693
68	5694
5747	72
5761	72
5762	72
5767	72
70	1632
70	5769
70	5770
70	5771
70	5772
70	5773
70	5774
70	5775
70	5776
70	5777
70	5778
70	5779
70	5780
70	5781
70	5782
70	5783
70	5784
70	5785
70	5786
70	5787
70	5788
70	5789
70	5790
70	5791
70	5792
70	5793
70	5794
70	5795
70	5796
70	5797
70	5798
70	5799
70	5800
70	5801
70	5802
70	5803
70	5804
70	5805
70	5806
70	5807
70	5808
70	5809
70	5810
70	5811
70	5812
70	5813
70	5814
70	5815
70	5816
70	5817
70	5818
70	5819
70	5820
70	5821
70	5822
70	5823
70	5824
70	5825
70	5826
70	5827
70	5828
70	5829
70	5830
70	5831
70	5832
70	5833
70	5834
70	5835
70	5836
70	5837
70	5838
70	5839
70	5840
70	5841
70	5842
70	5843
70	5844
70	5845
70	5846
70	5847
70	5848
70	5849
70	5850
70	5851
70	5852
70	5853
70	5854
70	5855
70	5856
70	5857
70	5858
70	5859
70	5860
70	5861
70	5862
70	5863
70	5864
70	5865
70	5866
70	5867
70	5868
70	5869
70	5870
70	5871
70	5872
70	5873
70	5874
70	5875
70	5876
70	5877
70	5878
70	5879
70	5880
70	5881
70	5882
70	5883
70	5884
70	5885
70	5886
70	5887
70	5888
70	5889
70	5890
70	5891
70	5892
70	5893
70	5894
70	5895
70	5896
70	5897
70	5898
70	5899
70	5900
70	5901
70	5902
70	5903
70	5904
70	5905
70	5906
70	5907
70	5908
70	5909
70	5910
70	5911
70	5912
70	5913
70	5914
70	5915
70	5916
70	5917
70	5918
70	5919
70	5920
70	5921
70	5922
70	5923
70	5924
70	5925
70	5926
70	5927
70	5928
70	5929
70	5930
70	5931
70	5932
70	5933
70	5934
70	5935
70	5936
70	5937
70	5938
70	5939
70	5940
70	5941
70	5942
70	5943
70	5944
70	5945
1814	71
71	5946
71	5947
71	5948
71	5949
71	5950
71	5951
71	5952
71	5953
71	5954
71	5955
71	5956
71	5957
71	5958
71	5959
71	5960
71	5961
71	5962
71	5963
71	5964
71	5965
71	5966
72	2351
72	4843
72	5967
72	5968
72	5969
72	5970
72	5971
72	5972
72	5973
72	5974
72	5975
72	5976
72	5977
72	5978
72	5979
72	5980
72	5981
72	5982
72	5983
72	5984
72	5985
72	5986
72	5987
72	5988
72	5989
72	5990
72	5991
72	5992
72	5993
72	5994
72	5995
72	5996
72	5997
72	5998
72	5999
72	6000
72	6001
72	6002
72	6003
72	6004
72	6005
72	6006
72	6007
72	6008
72	6009
72	6010
72	6011
72	6012
72	6013
72	6014
72	6015
72	6016
72	6017
72	6018
72	6019
72	6020
72	6021
72	6022
72	6023
72	6024
72	6025
72	6026
72	6027
72	6028
72	6029
72	6030
72	6031
72	6032
72	6033
72	6034
72	6035
72	6036
72	6037
72	6038
72	6039
72	6040
72	6041
72	6042
72	6043
72	6044
72	6045
72	6046
72	6047
72	6048
72	6049
72	6050
72	6051
84	664
84	1029
84	2799
84	3424
84	4845
84	6594
84	6595
84	6596
84	6597
84	6598
84	6599
84	6600
84	6601
84	6602
84	6603
84	6604
84	6605
84	6606
84	6607
84	6608
84	6609
84	6610
84	6611
84	6612
84	6613
84	6614
84	6615
84	6616
84	6617
84	6618
84	6619
84	6620
84	6621
84	6622
84	6623
84	6624
84	6625
84	6626
84	6627
84	6628
84	6629
84	6630
84	6631
84	6632
84	6633
84	6634
84	6635
84	6636
84	6637
84	6638
84	6639
84	6640
84	6641
84	6642
84	6643
84	6644
84	6645
84	6646
84	6647
84	6648
84	6649
84	6650
84	6651
84	6652
84	6653
84	6654
84	6655
84	6656
84	6657
84	6658
84	6659
84	6660
84	6661
84	6662
84	6663
84	6664
84	6665
84	6666
84	6667
84	6668
84	6669
84	6670
84	6671
84	6672
84	6673
84	6674
84	6675
84	6676
84	6677
84	6678
84	6679
77	1026
77	1131
77	2798
77	6218
77	6219
77	6220
77	6221
77	6222
77	6223
77	6224
77	6225
77	6226
77	6227
77	6228
77	6229
77	6230
77	6231
77	6232
77	6233
77	6234
77	6235
77	6236
77	6237
77	6238
77	6239
77	6240
77	6241
77	6242
77	6243
77	6244
77	6245
77	6246
77	6247
77	6248
77	6249
77	6250
77	6251
77	6252
77	6253
77	6254
77	6255
77	6256
77	6257
77	6258
77	6259
77	6260
77	6261
77	6262
77	6263
6331	83
83	740
83	741
83	742
83	743
83	744
83	745
83	746
83	747
83	750
83	751
83	752
83	753
83	754
83	755
83	756
83	757
83	758
83	759
83	760
83	761
83	762
83	764
83	765
83	766
83	767
83	768
83	769
83	3820
83	6498
83	6499
83	6500
83	6501
83	6502
83	6503
83	6504
83	6505
83	6506
83	6507
83	6508
83	6509
83	6510
83	6511
83	6512
83	6513
83	6514
83	6515
83	6516
83	6517
83	6518
83	6519
83	6520
83	6521
83	6522
83	6523
83	6524
83	6525
83	6526
83	6527
83	6528
83	6529
83	6530
83	6531
83	6532
83	6533
83	6534
83	6535
83	6536
83	6537
83	6538
83	6539
83	6540
83	6541
83	6542
83	6543
83	6544
83	6545
83	6546
83	6547
83	6548
83	6549
83	6550
83	6551
83	6552
83	6553
83	6554
83	6555
83	6556
83	6557
83	6558
83	6559
83	6560
83	6561
83	6562
83	6563
83	6564
83	6565
83	6566
83	6567
83	6568
83	6569
83	6570
83	6571
83	6572
83	6573
83	6574
83	6575
83	6576
83	6577
83	6578
83	6579
83	6580
83	6581
83	6582
83	6583
83	6584
83	6585
83	6586
83	6587
83	6588
83	6589
83	6590
83	6591
83	6592
83	6593
6609	86
86	6719
86	6720
86	6721
86	6722
86	6723
86	6724
86	6725
86	6726
86	6727
86	6728
86	6729
86	6730
86	6731
86	6732
86	6733
86	6734
86	6735
86	6736
86	6737
86	6738
86	6739
86	6740
86	6741
86	6742
86	6743
86	6744
86	6745
86	6746
86	6747
86	6748
86	6749
86	6750
86	6751
86	6752
86	6753
86	6754
86	6755
86	6756
86	6757
86	6758
86	6759
86	6760
86	6761
86	6762
